1.1789216263008676e6 2.2322785330300867e6 3.593625298405874e6 3.6093450283452226e6 2.4606480655901018e6 1.7280565697522974e6 4.165146463238258e6 825345.135663085 2.40743706469818e6 3.291756931018095e6 2.4128103383936184e6 440827.3870386805 4.339211393604423e6 2.89627950022817e6 3.9274069119705586e6 137975.8435308506 1.1459856890684157e6 333288.6346603029 50485.951363248234 1.5382044558328234e6 2.8842887319038133e6 820963.9714683192 4.0554563900596164e6 1.7124061161415742e6 1.1599803193278844e6 919175.0161817035 2.0443373166322764e6 2.4866595212429664e6 2.319647095380851e6 1.9377882497301192e6 4.1306542068113755e6 2.433178542989059e6 705247.9615607338 706992.5496685616 977152.4208840982 3.6643916767725414e6 1.8964009294089484e6 4.440804024608823e6 1.1275887164563858e6 1.1670919744808886e6 3.851750196113285e6 2.2322785330300867e6 4.226801288447351e6 6.804500342025295e6 6.834265523107555e6 4.659217145243024e6 3.2720610924947136e6 7.886671030021555e6 1.5627843171071983e6 4.558462546835337e6 6.232915037890237e6 4.56863679697617e6 834703.08025977 8.216261563218377e6 5.48408173179484e6 7.4365131188359875e6 261256.1401193877 2.1699146031394103e6 631079.325255528 95594.73923758413 2.912577655344951e6 5.461377309271873e6 1.5544886182554073e6 7.678973766538926e6 3.2424270855785618e6 2.196413321976156e6 1.7404504344857559e6 3.8709361202488635e6 4.708469625451523e6 4.392232952305505e6 3.669186326663033e6 7.821360222364992e6 4.607203827099648e6 1.335381292474043e6 1.3386846558997384e6 1.8502301798315453e6 6.938495905228138e6 3.590819771472695e6 8.408626385650849e6 2.135080084780939e6 2.209879183300777e6 7.2932577412773715e6 3.593625298405874e6 6.804500342025295e6 1.095419958141216e7 1.100211694753208e7 7.500623401679266e6 5.267515386602557e6 1.2696328040757172e7 2.5158425235963524e6 7.338423985965175e6 1.003403510428995e7 7.35480296473391e6 1.3437436509355125e6 1.3226918135445511e7 8.828528590091411e6 1.197164300079572e7 420582.22601034516 3.493228957695231e6 1.0159407058673751e6 153892.83560971508 4.688802311605713e6 8.79197795989139e6 2.5024877236371883e6 1.2361967373207454e7 5.219809190726336e6 3.535887821711547e6 2.8018576622244525e6 6.2316121238495605e6 7.579912323857916e6 7.070819891132397e6 5.906825968604824e6 1.259118767982947e7 7.416889954813946e6 2.1497586097101877e6 2.1550765170415333e6 2.978586177187897e6 1.1169911840735933e7 5.780667861041674e6 1.3536595929765532e7 3.437150737805321e6 3.557565788508682e6 1.174102386375258e7 3.6093450283452226e6 6.834265523107555e6 1.100211694753208e7 1.1050243920383994e7 7.533433659972877e6 5.290557276742157e6 1.2751866064743873e7 2.5268476679163254e6 7.370524729270544e6 1.0077927360422315e7 7.386975355220482e6 1.349621639191492e6 1.328477713958579e7 8.867147553860286e6 1.2024011007829253e7 422421.99461758015 3.5085095201555514e6 1.0203847734048867e6 154566.01481302778 4.7093127154338835e6 8.83043703886757e6 2.513434449554763e6 1.2416042790784257e7 5.242642397863859e6 3.5513549884408643e6 2.814113933293726e6 6.258871298510074e6 7.613069418657933e6 7.101750043807936e6 5.932664419003753e6 1.264626578439156e7 7.4493339347501015e6 2.159162379433877e6 2.1645035490867365e6 2.991615518429244e6 1.121877280508316e7 5.805954453298512e6 1.3595809569097485e7 3.4521859952048887e6 3.5731277819812982e6 1.1792383064844443e7 2.4606480655901018e6 4.659217145243024e6 7.500623401679266e6 7.533433659972877e6 5.135870585130053e6 3.6068038457597066e6 8.693503757179426e6 1.7226623604199428e6 5.024808455560291e6 6.870563016235106e6 5.036023565394226e6 920095.9868548897 9.056812500218187e6 6.045121567585809e6 8.197293191616496e6 287983.5138385231 2.3919040978560266e6 695640.8431774281 105374.39961233604 3.2105440550813708e6 6.020094406980702e6 1.7135179839318218e6 8.46455837153207e6 3.5741381811865084e6 2.421113723931562e6 1.9185043136438685e6 4.266945784486852e6 5.190161758188125e6 4.841573019582488e6 4.0445563147255145e6 8.621511436264122e6 5.078536131216412e6 1.4719952485907713e6 1.4756365571027268e6 2.039514892758034e6 7.648327157511732e6 3.958172599798007e6 9.2688568850036e6 2.3535058921902734e6 2.4359571877420377e6 8.0393823115631435e6 1.7280565697522974e6 3.2720610924947136e6 5.267515386602557e6 5.290557276742157e6 3.6068038457597066e6 2.5329754257150134e6 6.105247837690055e6 1.2097861742267418e6 3.5288074653193043e6 4.825038462074815e6 3.5366835791366524e6 646162.2599028659 6.360391215987845e6 4.245349908383902e6 5.756770564652683e6 202244.20144766488 1.6797792615362522e6 488532.572394703 74002.01844392261 2.2546912841564957e6 4.227773908828869e6 1.203364288835018e6 5.944464756470553e6 2.510035080421261e6 1.7002925104423822e6 1.3473214758549195e6 2.9965779335823418e6 3.6449312885234733e6 3.4001254309476255e6 2.840398921378641e6 6.054689285709737e6 3.5665391768116644e6 1.0337484240605661e6 1.0363056313201385e6 1.4323044237100063e6 5.37124433882969e6 2.7797336242207196e6 6.509305112831376e6 1.6528130844159608e6 1.7107167338468863e6 5.645873383732127e6 4.165146463238258e6 7.886671030021555e6 1.2696328040757172e7 1.2751866064743873e7 8.693503757179426e6 6.105247837690055e6 1.4715520245956318e7 2.9159558159472444e6 8.505508552726544e6 1.1629822910357742e7 8.524492403246608e6 1.5574492748800728e6 1.5330494060087895e7 1.0232595660134384e7 1.3875583112695351e7 487470.56960695155 4.048783340010442e6 1.1775133706289248e6 178367.566658063 5.4344976850177385e6 1.019023210927273e7 2.9004771020585587e6 1.43279836954683e7 6.049954567933596e6 4.098226562892399e6 3.247458085707502e6 7.222672104806947e6 8.785402590909498e6 8.195345373044106e6 6.846232773075154e6 1.4593658625420678e7 8.596453552690787e6 2.4916508334974116e6 2.497814487488497e6 3.4522930609565554e6 1.294634663740889e7 6.700010796132099e6 1.5689422235022446e7 3.9837865805144617e6 4.1233521392220557e6 1.3608286885835972e7 825345.135663085 1.5627843171071983e6 2.5158425235963524e6 2.5268476679163254e6 1.7226623604199428e6 1.2097861742267418e6 2.9159558159472444e6 577811.6015227559 1.6854101463879445e6 2.3045090616631694e6 1.6891718937409313e6 308616.5623248905 3.0378160315563385e6 2.0276413153387853e6 2.7495179647652316e6 96594.7937137394 802287.185942879 233330.31412087314 35344.44822063687 1.0768735910464223e6 2.0192467604433736e6 574744.4149719101 2.839163460705968e6 1.1988295292128902e6 812084.6141623425 643500.4766254055 1.431209524276187e6 1.740872585693331e6 1.6239497214372042e6 1.3566161398515864e6 2.891808310782464e6 1.7034313646082059e6 493733.3928946941 494954.75254779443 684089.577615635 2.56538499092447e6 1.3276415051149335e6 3.108939490442907e6 789407.7446657616 817063.3759867926 2.696551846390617e6 2.40743706469818e6 4.558462546835337e6 7.338423985965175e6 7.370524729270544e6 5.024808455560291e6 3.5288074653193043e6 8.505508552726544e6 1.6854101463879445e6 4.916148021364297e6 6.721988524865404e6 4.927120606788618e6 900199.1031591516 8.860960820018034e6 5.914397075277137e6 8.020028437086944e6 281755.93045266194 2.34017967091979e6 680597.7551209107 103095.70021189454 3.141116709916706e6 5.889911121797056e6 1.6764635151329876e6 8.281514063263915e6 3.4968481889253203e6 2.3687576449273624e6 1.8770170582447597e6 4.1746739723902033e6 5.077925593331313e6 4.736875013449081e6 3.9570936285007475e6 8.435073050726552e6 4.9687138472470855e6 1.4401636585389513e6 1.443726224514261e6 1.9954108088399589e6 7.48293367890289e6 3.872577943380645e6 9.068419789235195e6 2.302611818438021e6 2.3832801219307026e6 7.8655323468594365e6 3.291756931018095e6 6.232915037890237e6 1.003403510428995e7 1.0077927360422315e7 6.870563016235106e6 4.825038462074815e6 1.1629822910357742e7 2.3045090616631694e6 6.721988524865404e6 9.19116542709035e6 6.736991651905081e6 1.230867747519668e6 1.2115842869782744e7 8.086922749017931e6 1.0966012188589828e7 385252.86933691 3.199793990271402e6 930600.6003257608 140965.67287552904 4.294937904140547e6 8.053442410834823e6 2.292276079179592e6 1.1323548896382255e7 4.781339637659893e6 3.238869464099283e6 2.5664986228377284e6 5.70815004257614e6 6.943191584174647e6 6.476863460122182e6 5.4106462716349e6 1.1533514452164553e7 6.793863268434682e6 1.9691765879621473e6 1.974047785391728e6 2.728381753585254e6 1.0231627303189928e7 5.295085579995919e6 1.2399507398270875e7 3.148426400811351e6 3.2587264585072706e6 1.0754765305637417e7 2.4128103383936184e6 4.56863679697617e6 7.35480296473391e6 7.386975355220482e6 5.036023565394226e6 3.5366835791366524e6 8.524492403246608e6 1.6891718937409313e6 4.927120606788618e6 6.736991651905081e6 4.938117682450086e6 902208.3005054044 8.880738021419758e6 5.927597700412875e6 8.037928721364184e6 282384.7949624907 2.3454028296277532e6 682116.8137365609 103325.80442611655 3.148127518231985e6 5.903057095564469e6 1.6802052940726397e6 8.299997969791338e6 3.5046529713082183e6 2.374044588179585e6 1.8812064622100175e6 4.183991626492902e6 5.089259257840403e6 4.747447470890055e6 3.9659256546484693e6 8.453899692887705e6 4.979803756847243e6 1.4433780285497094e6 1.446948545986066e6 1.999864461468289e6 7.499635195752967e6 3.881221334936681e6 9.088660028212657e6 2.307751127662858e6 2.388599478592529e6 7.883087803938558e6 440827.3870386805 834703.08025977 1.3437436509355125e6 1.349621639191492e6 920095.9868548897 646162.2599028659 1.5574492748800728e6 308616.5623248905 900199.1031591516 1.230867747519668e6 902208.3005054044 164836.05086887834 1.6225363737308693e6 1.0829891451100102e6 1.468552691050384e6 51592.514057961795 428511.8413518915 124624.70334690016 18877.921589626407 575171.9502539588 1.0785055060358862e6 306978.3387813747 1.5164334963374864e6 640310.1757462346 433744.7730008014 343701.83019376424 764427.3015369069 929822.3009479678 867372.304567124 724586.0214161361 1.5445517837029535e6 909824.4661691478 263709.3163560581 264361.66015896684 365380.98786808294 1.3702049160184613e6 709110.2986312709 1.6605243222670048e6 421632.76713265793 436403.9933329076 1.4402628101802384e6 4.339211393604423e6 8.216261563218377e6 1.3226918135445511e7 1.328477713958579e7 9.056812500218187e6 6.360391215987845e6 1.5330494060087895e7 3.0378160315563385e6 8.860960820018034e6 1.2115842869782744e7 8.880738021419758e6 1.6225363737308693e6 1.597116814072357e7 1.0660224332203133e7 1.4455455256356651e7 507842.36961520853 4.217985358803002e6 1.2267226324574752e6 185821.69542494908 5.661609857294689e6 1.0616090373362819e7 3.0216904493572656e6 1.4926762035258116e7 6.302787194560389e6 4.269494855037887e6 3.383172056523366e6 7.524513571386113e6 9.152551862543143e6 8.537835663427923e6 7.132342527301993e6 1.5203539741208978e7 8.955706487071812e6 2.59577899145235e6 2.6022002296633967e6 3.5965672555287676e6 1.348738521692256e7 6.980009812487116e6 1.634509622222272e7 4.1502723307398665e6 4.295670450072248e6 1.4176988498154363e7 2.89627950022817e6 5.48408173179484e6 8.828528590091411e6 8.867147553860286e6 6.045121567585809e6 4.245349908383902e6 1.0232595660134384e7 2.0276413153387853e6 5.914397075277137e6 8.086922749017931e6 5.927597700412875e6 1.0829891451100102e6 1.0660224332203133e7 7.115345716205532e6 9.648536318640588e6 338967.91629735334 2.815365147909038e6 818796.6177654304 124029.81056653864 3.7789365579517107e6 7.085887764366284e6 2.0168780247507172e6 9.963117941481737e6 4.20690113710787e6 2.8497460260179173e6 2.2581549927472095e6 5.022362920164517e6 6.109024412438076e6 5.698721764224228e6 4.760601772219978e6 1.0147857868429564e7 5.9776366615364645e6 1.7325962710983262e6 1.736882234355186e6 2.4005892012389656e6 9.002381716878027e6 4.658924744043219e6 1.0909808908470118e7 2.770168950423317e6 2.867217366413094e6 9.462669005408278e6 3.9274069119705586e6 7.4365131188359875e6 1.197164300079572e7 1.2024011007829253e7 8.197293191616496e6 5.756770564652683e6 1.3875583112695351e7 2.7495179647652316e6 8.020028437086944e6 1.0966012188589828e7 8.037928721364184e6 1.468552691050384e6 1.4455455256356651e7 9.648536318640588e6 1.3083588177606039e7 459646.5697794724 3.8176856000078334e6 1.1103028888809693e6 168186.64609926209 5.124305701997534e6 9.608590807975322e6 2.734922749818678e6 1.3510166496386362e7 5.704633341689787e6 3.8643066869277223e6 3.0620986427993355e6 6.810414134935814e6 8.283946594558996e6 7.727568849777133e6 6.455461326810169e6 1.3760677148398597e7 8.105782449489916e6 2.3494315967191397e6 2.3552434397122343e6 3.255241982344952e6 1.2207390956666574e7 6.317585454257616e6 1.4793896415048338e7 3.756398746171309e6 3.887998137640267e6 1.2831548769586038e7 137975.8435308506 261256.1401193877 420582.22601034516 422421.99461758015 287983.5138385231 202244.20144766488 487470.56960695155 96594.7937137394 281755.93045266194 385252.86933691 282384.7949624907 51592.514057961795 507842.36961520853 338967.91629735334 459646.5697794724 16148.090741013628 134121.16513599775 39006.64766901557 5908.65547836167 180024.73835549373 337564.56908815226 96082.0413713155 474632.9220177119 200412.54063968096 135759.03560327494 107576.2335517523 239260.32013594452 291027.78112067527 271481.3754696365 226790.28221715728 483433.74640377203 284768.600762273 82539.14443836133 82743.32341889857 114361.65604386706 428864.41418209084 221946.49081881563 519732.32790135266 131968.0637271082 136591.3526943738 450792.0378442706 1.1459856890684157e6 2.1699146031394103e6 3.493228957695231e6 3.5085095201555514e6 2.3919040978560266e6 1.6797792615362522e6 4.048783340010442e6 802287.185942879 2.34017967091979e6 3.199793990271402e6 2.3454028296277532e6 428511.8413518915 4.217985358803002e6 2.815365147909038e6 3.8176856000078334e6 134121.16513599775 1.1139698943943656e6 323977.4359287089 49075.508049524324 1.495231111144125e6 2.8037093697859715e6 798028.4198326886 3.942157715972979e6 1.6645660400080378e6 1.127573551875378e6 893495.7089544794 1.987223964870438e6 2.417188862563883e6 2.254842320041692e6 1.883651595741378e6 4.0152547055643066e6 2.3652020007156837e6 685545.2077244485 687241.0566768192 949853.3790455326 3.5620183115133145e6 1.8434205271623982e6 4.316739761681466e6 1.0960868843068152e6 1.1344865262827645e6 3.744142531732467e6 333288.6346603029 631079.325255528 1.0159407058673751e6 1.0203847734048867e6 695640.8431774281 488532.572394703 1.1775133706289248e6 233330.31412087314 680597.7551209107 930600.6003257608 682116.8137365609 124624.70334690016 1.2267226324574752e6 818796.6177654304 1.1103028888809693e6 39006.64766901557 323977.4359287089 94222.81474492203 14272.699239711179 434860.17346337193 815406.7513704163 232091.73116495792 1.146503289967152e6 484108.08971547766 327933.80682538095 259856.61754149492 577947.1491954742 702994.4469680993 655778.9729746789 547825.0509661163 1.1677621905721643e6 687875.0345959037 199378.07990092153 199871.28604417207 276247.19824111264 1.0359468106834231e6 536124.5925349877 1.2554435147651876e6 318776.49487634614 329944.31692481553 1.0889142545829688e6 50485.951363248234 95594.73923758413 153892.83560971508 154566.01481302778 105374.39961233604 74002.01844392261 178367.566658063 35344.44822063687 103095.70021189454 140965.67287552904 103325.80442611655 18877.921589626407 185821.69542494908 124029.81056653864 168186.64609926209 5908.65547836167 49075.508049524324 14272.699239711179 2162.002314818669 65871.82185093696 123516.31981963386 35156.829945157966 173670.21648992322 73331.80591903838 49674.811859772584 39362.60403235614 87546.37461475376 106488.31003325038 99336.19659243626 82983.53439754582 176890.47577981674 104198.04916539464 30201.42602532811 30276.135987717258 41845.41914802817 156923.3236902357 81211.17040474503 190172.28202318287 48287.67903375147 49979.36024378461 164946.73498739433 1.5382044558328234e6 2.912577655344951e6 4.688802311605713e6 4.7093127154338835e6 3.2105440550813708e6 2.2546912841564957e6 5.4344976850177385e6 1.0768735910464223e6 3.141116709916706e6 4.294937904140547e6 3.148127518231985e6 575171.9502539588 5.661609857294689e6 3.7789365579517107e6 5.124305701997534e6 180024.73835549373 1.495231111144125e6 434860.17346337193 65871.82185093696 2.0069806975787182e6 3.763291537236248e6 1.071157243041789e6 5.291378960617517e6 2.2342712689979346e6 1.513490681706413e6 1.1992986421135291e6 2.667360322785836e6 3.244482644462819e6 3.0265722661057482e6 2.5283398435467007e6 5.389493724326956e6 3.1747030448548426e6 920176.1446548316 922452.4055539329 1.2749449787836536e6 4.781135131785042e6 2.474339510434855e6 5.794163399620553e6 1.4712275602597028e6 1.5227696527598337e6 5.025592187164076e6 2.8842887319038133e6 5.461377309271873e6 8.79197795989139e6 8.83043703886757e6 6.020094406980702e6 4.227773908828869e6 1.019023210927273e7 2.0192467604433736e6 5.889911121797056e6 8.053442410834823e6 5.903057095564469e6 1.0785055060358862e6 1.0616090373362819e7 7.085887764366284e6 9.608590807975322e6 337564.56908815226 2.8037093697859715e6 815406.7513704163 123516.31981963386 3.763291537236248e6 7.056551770188852e6 2.0085280305145371e6 9.921870044303605e6 4.189484317738552e6 2.837947909027294e6 2.2488060976021145e6 5.001570040812995e6 6.083732690278107e6 5.675128719280052e6 4.740892599493136e6 1.0105845137034252e7 5.952888892431301e6 1.7254232201256051e6 1.7296914392412468e6 2.3906506200517076e6 8.965111324456992e6 4.639636520222958e6 1.0864641654731603e7 2.7587002872293005e6 2.855346917040538e6 9.423492996406045e6 820963.9714683192 1.5544886182554073e6 2.5024877236371883e6 2.513434449554763e6 1.7135179839318218e6 1.203364288835018e6 2.9004771020585587e6 574744.4149719101 1.6764635151329876e6 2.292276079179592e6 1.6802052940726397e6 306978.3387813747 3.0216904493572656e6 2.0168780247507172e6 2.734922749818678e6 96082.0413713155 798028.4198326886 232091.73116495792 35156.829945157966 1.071157243041789e6 2.0085280305145371e6 571693.5099102433 2.8240923822447867e6 1.1924658047756026e6 807773.8405466116 640084.5950436464 1.4236122614439186e6 1.7316315442059275e6 1.6153293394100603e6 1.3494148396910368e6 2.8764577786452053e6 1.6943890716565829e6 491112.5171310384 492327.39346346486 680458.2376658886 2.5517672056097263e6 1.3205940104677135e6 3.09243636491315e6 785217.3462535605 812726.1737024998 2.682237790502658e6 4.0554563900596164e6 7.678973766538926e6 1.2361967373207454e7 1.2416042790784257e7 8.46455837153207e6 5.944464756470553e6 1.43279836954683e7 2.839163460705968e6 8.281514063263915e6 1.1323548896382255e7 8.299997969791338e6 1.5164334963374864e6 1.4926762035258116e7 9.963117941481737e6 1.3510166496386362e7 474632.9220177119 3.942157715972979e6 1.146503289967152e6 173670.21648992322 5.291378960617517e6 9.921870044303605e6 2.8240923822447867e6 1.3950653007597024e7 5.890627647466038e6 3.990298840409185e6 3.161935543292779e6 7.032461403043135e6 8.554037028712323e6 7.979519100996389e6 6.665935686164847e6 1.4209331328242766e7 8.370064006106071e6 2.426032645836019e6 2.432033978606639e6 3.3613761431884277e6 1.2605401673627384e7 6.523564498021843e6 1.5276237755609876e7 3.8788726608236325e6 4.014762729009351e6 1.3249909576053983e7 1.7124061161415742e6 3.2424270855785618e6 5.219809190726336e6 5.242642397863859e6 3.5741381811865084e6 2.510035080421261e6 6.049954567933596e6 1.1988295292128902e6 3.4968481889253203e6 4.781339637659893e6 3.5046529713082183e6 640310.1757462346 6.302787194560389e6 4.20690113710787e6 5.704633341689787e6 200412.54063968096 1.6645660400080378e6 484108.08971547766 73331.80591903838 2.2342712689979346e6 4.189484317738552e6 1.1924658047756026e6 5.890627647466038e6 2.4873024984705145e6 1.6848935070039977e6 1.335119217765868e6 2.969438889200728e6 3.611920315940853e6 3.3693315864293794e6 2.814674340173897e6 5.999853908528233e6 3.534238176419346e6 1.0243860964382493e6 1.0269201438925875e6 1.4193325023434968e6 5.322598703132264e6 2.7545584691375326e6 6.450352426044615e6 1.6378440868972302e6 1.6952233215635163e6 5.594740520936564e6 1.1599803193278844e6 2.196413321976156e6 3.535887821711547e6 3.5513549884408643e6 2.421113723931562e6 1.7002925104423822e6 4.098226562892399e6 812084.6141623425 2.3687576449273624e6 3.238869464099283e6 2.374044588179585e6 433744.7730008014 4.269494855037887e6 2.8497460260179173e6 3.8643066869277223e6 135759.03560327494 1.127573551875378e6 327933.80682538095 49674.811859772584 1.513490681706413e6 2.837947909027294e6 807773.8405466116 3.990298840409185e6 1.6848935070039977e6 1.1413433354768464e6 904406.963959247 2.0114916890631586e6 2.4467072629431984e6 2.2823781652650633e6 1.9066545074457012e6 4.064288481062536e6 2.39408554420555e6 693916.9978783495 695633.5563206298 961452.8666894446 3.6055172222960563e6 1.8659321422169667e6 4.369455234018812e6 1.1094721567621776e6 1.1483407302410903e6 3.7898655201346534e6 919175.0161817035 1.7404504344857559e6 2.8018576622244525e6 2.814113933293726e6 1.9185043136438685e6 1.3473214758549195e6 3.247458085707502e6 643500.4766254055 1.8770170582447597e6 2.5664986228377284e6 1.8812064622100175e6 343701.83019376424 3.383172056523366e6 2.2581549927472095e6 3.0620986427993355e6 107576.2335517523 893495.7089544794 259856.61754149492 39362.60403235614 1.1992986421135291e6 2.2488060976021145e6 640084.5950436464 3.161935543292779e6 1.335119217765868e6 904406.963959247 716657.2327828482 1.5939174786304028e6 1.9387847798235004e6 1.8085694662525388e6 1.510843898411813e6 3.2205653562401473e6 1.89708702998563e6 549863.7840020967 551223.9946950455 761860.7312314351 2.8570323960906896e6 1.4785752641131142e6 3.4623812305381102e6 879152.0603003989 909951.739451111 3.0031110379654444e6 2.0443373166322764e6 3.8709361202488635e6 6.2316121238495605e6 6.258871298510074e6 4.266945784486852e6 2.9965779335823418e6 7.222672104806947e6 1.431209524276187e6 4.1746739723902033e6 5.70815004257614e6 4.183991626492902e6 764427.3015369069 7.524513571386113e6 5.022362920164517e6 6.810414134935814e6 239260.32013594452 1.987223964870438e6 577947.1491954742 87546.37461475376 2.667360322785836e6 5.001570040812995e6 1.4236122614439186e6 7.032461403043135e6 2.969438889200728e6 2.0114916890631586e6 1.5939174786304028e6 3.5450321471231296e6 4.3120515729165105e6 4.022439670891677e6 3.3602681826143987e6 7.162859980425466e6 4.219311600101252e6 1.2229521395932953e6 1.2259773844369035e6 1.6944545875529842e6 6.354326259234313e6 3.288499507343367e6 7.700682709370985e6 1.9553222533530719e6 2.0238238252187443e6 6.679219792555164e6 2.4866595212429664e6 4.708469625451523e6 7.579912323857916e6 7.613069418657933e6 5.190161758188125e6 3.6449312885234733e6 8.785402590909498e6 1.740872585693331e6 5.077925593331313e6 6.943191584174647e6 5.089259257840403e6 929822.3009479678 9.152551862543143e6 6.109024412438076e6 8.283946594558996e6 291027.78112067527 2.417188862563883e6 702994.4469680993 106488.31003325038 3.244482644462819e6 6.083732690278107e6 1.7316315442059275e6 8.554037028712323e6 3.611920315940853e6 2.4467072629431984e6 1.9387847798235004e6 4.3120515729165105e6 5.245026842022016e6 4.892753179659046e6 4.0873112290455215e6 8.712649240780376e6 5.132221223044824e6 1.4875556774328228e6 1.4912354781355965e6 2.0610745590622888e6 7.729177452788926e6 4.0000143538000523e6 9.366837763776364e6 2.3783847503250637e6 2.461707636677543e6 8.124366442125309e6 2.319647095380851e6 4.392232952305505e6 7.070819891132397e6 7.101750043807936e6 4.841573019582488e6 3.4001254309476255e6 8.195345373044106e6 1.6239497214372042e6 4.736875013449081e6 6.476863460122182e6 4.747447470890055e6 867372.304567124 8.537835663427923e6 5.698721764224228e6 7.727568849777133e6 271481.3754696365 2.254842320041692e6 655778.9729746789 99336.19659243626 3.0265722661057482e6 5.675128719280052e6 1.6153293394100603e6 7.979519100996389e6 3.3693315864293794e6 2.2823781652650633e6 1.8085694662525388e6 4.022439670891677e6 4.892753179659046e6 4.564139402542113e6 3.812793645200693e6 8.127478382865296e6 4.787523965861298e6 1.3876464296364721e6 1.3910790825344059e6 1.9226458521761845e6 7.210059871438746e6 3.7313599220194197e6 8.737729402048094e6 2.2186444226316693e6 2.2963710633941595e6 7.578706637676538e6 1.9377882497301192e6 3.669186326663033e6 5.906825968604824e6 5.932664419003753e6 4.0445563147255145e6 2.840398921378641e6 6.846232773075154e6 1.3566161398515864e6 3.9570936285007475e6 5.4106462716349e6 3.9659256546484693e6 724586.0214161361 7.132342527301993e6 4.760601772219978e6 6.455461326810169e6 226790.28221715728 1.883651595741378e6 547825.0509661163 82983.53439754582 2.5283398435467007e6 4.740892599493136e6 1.3494148396910368e6 6.665935686164847e6 2.814674340173897e6 1.9066545074457012e6 1.510843898411813e6 3.3602681826143987e6 4.0873112290455215e6 3.812793645200693e6 3.1851339537933078e6 6.789538004127356e6 3.9994047822279567e6 1.1592129472987878e6 1.162080519035999e6 1.6061411014452877e6 6.023144350943063e6 3.1171057988956603e6 7.299329884415122e6 1.8534125734324427e6 1.9183439034871198e6 6.331104718422717e6 4.1306542068113755e6 7.821360222364992e6 1.259118767982947e7 1.264626578439156e7 8.621511436264122e6 6.054689285709737e6 1.4593658625420678e7 2.891808310782464e6 8.435073050726552e6 1.1533514452164553e7 8.453899692887705e6 1.5445517837029535e6 1.5203539741208978e7 1.0147857868429564e7 1.3760677148398597e7 483433.74640377203 4.0152547055643066e6 1.1677621905721643e6 176890.47577981674 5.389493724326956e6 1.0105845137034252e7 2.8764577786452053e6 1.4209331328242766e7 5.999853908528233e6 4.064288481062536e6 3.2205653562401473e6 7.162859980425466e6 8.712649240780376e6 8.127478382865296e6 6.789538004127356e6 1.447280616081778e7 8.525264920329787e6 2.471017067017942e6 2.477129678786176e6 3.423704059688475e6 1.2839135831750538e7 6.644526915197119e6 1.5559495573452115e7 3.9507961948226597e6 4.089205988401274e6 1.3495594445140405e7 2.433178542989059e6 4.607203827099648e6 7.416889954813946e6 7.4493339347501015e6 5.078536131216412e6 3.5665391768116644e6 8.596453552690787e6 1.7034313646082059e6 4.9687138472470855e6 6.793863268434682e6 4.979803756847243e6 909824.4661691478 8.955706487071812e6 5.9776366615364645e6 8.105782449489916e6 284768.600762273 2.3652020007156837e6 687875.0345959037 104198.04916539464 3.1747030448548426e6 5.952888892431301e6 1.6943890716565829e6 8.370064006106071e6 3.534238176419346e6 2.39408554420555e6 1.89708702998563e6 4.219311600101252e6 5.132221223044824e6 4.787523965861298e6 3.9994047822279567e6 8.525264920329787e6 5.021841732294636e6 1.4555625830197623e6 1.4591632416688362e6 2.016746703667838e6 7.562944815090872e6 3.9139854146375377e6 9.165383707652908e6 2.327232454634828e6 2.4087633025377323e6 7.9496344125465695e6 705247.9615607338 1.335381292474043e6 2.1497586097101877e6 2.159162379433877e6 1.4719952485907713e6 1.0337484240605661e6 2.4916508334974116e6 493733.3928946941 1.4401636585389513e6 1.9691765879621473e6 1.4433780285497094e6 263709.3163560581 2.59577899145235e6 1.7325962710983262e6 2.3494315967191397e6 82539.14443836133 685545.2077244485 199378.07990092153 30201.42602532811 920176.1446548316 1.7254232201256051e6 491112.5171310384 2.426032645836019e6 1.0243860964382493e6 693916.9978783495 549863.7840020967 1.2229521395932953e6 1.4875556774328228e6 1.3876464296364721e6 1.1592129472987878e6 2.471017067017942e6 1.4555625830197623e6 421889.5269961206 422933.16482526885 584546.7057254366 2.1920920803809436e6 1.134454453909747e6 2.6565531721332627e6 674539.8727267076 698171.2928103344 2.3041726554575902e6 706992.5496685616 1.3386846558997384e6 2.1550765170415333e6 2.1645035490867365e6 1.4756365571027268e6 1.0363056313201385e6 2.497814487488497e6 494954.75254779443 1.443726224514261e6 1.974047785391728e6 1.446948545986066e6 264361.66015896684 2.6022002296633967e6 1.736882234355186e6 2.3552434397122343e6 82743.32341889857 687241.0566768192 199871.28604417207 30276.135987717258 922452.4055539329 1.7296914392412468e6 492327.39346346486 2.432033978606639e6 1.0269201438925875e6 695633.5563206298 551223.9946950455 1.2259773844369035e6 1.4912354781355965e6 1.3910790825344059e6 1.162080519035999e6 2.477129678786176e6 1.4591632416688362e6 422933.16482526885 423979.38432532555 585992.7123597864 2.1975147089926344e6 1.1372607799922547e6 2.6631247488332633e6 676208.4975286997 699898.3751998645 2.309872540366434e6 977152.4208840982 1.8502301798315453e6 2.978586177187897e6 2.991615518429244e6 2.039514892758034e6 1.4323044237100063e6 3.4522930609565554e6 684089.577615635 1.9954108088399589e6 2.728381753585254e6 1.999864461468289e6 365380.98786808294 3.5965672555287676e6 2.4005892012389656e6 3.255241982344952e6 114361.65604386706 949853.3790455326 276247.19824111264 41845.41914802817 1.2749449787836536e6 2.3906506200517076e6 680458.2376658886 3.3613761431884277e6 1.4193325023434968e6 961452.8666894446 761860.7312314351 1.6944545875529842e6 2.0610745590622888e6 1.9226458521761845e6 1.6061411014452877e6 3.423704059688475e6 2.016746703667838e6 584546.7057254366 585992.7123597864 809915.462010514 3.0372410838377653e6 1.5718371075719774e6 3.680772586159117e6 934604.9978777452 967347.3815530455 3.1925337060636515e6 3.6643916767725414e6 6.938495905228138e6 1.1169911840735933e7 1.121877280508316e7 7.648327157511732e6 5.37124433882969e6 1.294634663740889e7 2.56538499092447e6 7.48293367890289e6 1.0231627303189928e7 7.499635195752967e6 1.3702049160184613e6 1.348738521692256e7 9.002381716878027e6 1.2207390956666574e7 428864.41418209084 3.5620183115133145e6 1.0359468106834231e6 156923.3236902357 4.781135131785042e6 8.965111324456992e6 2.5517672056097263e6 1.2605401673627384e7 5.322598703132264e6 3.6055172222960563e6 2.8570323960906896e6 6.354326259234313e6 7.729177452788926e6 7.210059871438746e6 6.023144350943063e6 1.2839135831750538e7 7.562944815090872e6 2.1920920803809436e6 2.1975147089926344e6 3.0372410838377653e6 1.138987194842843e7 5.894501913035902e6 1.3803161247465018e7 3.5048357882535965e6 3.6276220758922314e6 1.1972230422077667e7 1.8964009294089484e6 3.590819771472695e6 5.780667861041674e6 5.805954453298512e6 3.958172599798007e6 2.7797336242207196e6 6.700010796132099e6 1.3276415051149335e6 3.872577943380645e6 5.295085579995919e6 3.881221334936681e6 709110.2986312709 6.980009812487116e6 4.658924744043219e6 6.317585454257616e6 221946.49081881563 1.8434205271623982e6 536124.5925349877 81211.17040474503 2.474339510434855e6 4.639636520222958e6 1.3205940104677135e6 6.523564498021843e6 2.7545584691375326e6 1.8659321422169667e6 1.4785752641131142e6 3.288499507343367e6 4.0000143538000523e6 3.7313599220194197e6 3.1171057988956603e6 6.644526915197119e6 3.9139854146375377e6 1.134454453909747e6 1.1372607799922547e6 1.5718371075719774e6 5.894501913035902e6 3.050530590695362e6 7.1434306502762735e6 1.81382735049871e6 1.8773718759031747e6 6.195884856807428e6 4.440804024608823e6 8.408626385650849e6 1.3536595929765532e7 1.3595809569097485e7 9.2688568850036e6 6.509305112831376e6 1.5689422235022446e7 3.108939490442907e6 9.068419789235195e6 1.2399507398270875e7 9.088660028212657e6 1.6605243222670048e6 1.634509622222272e7 1.0909808908470118e7 1.4793896415048338e7 519732.32790135266 4.316739761681466e6 1.2554435147651876e6 190172.28202318287 5.794163399620553e6 1.0864641654731603e7 3.09243636491315e6 1.5276237755609876e7 6.450352426044615e6 4.369455234018812e6 3.4623812305381102e6 7.700682709370985e6 9.366837763776364e6 8.737729402048094e6 7.299329884415122e6 1.5559495573452115e7 9.165383707652908e6 2.6565531721332627e6 2.6631247488332633e6 3.680772586159117e6 1.3803161247465018e7 7.1434306502762735e6 1.672777896768268e7 4.247441389174327e6 4.3962436702647265e6 1.4508909999690205e7 1.1275887164563858e6 2.135080084780939e6 3.437150737805321e6 3.4521859952048887e6 2.3535058921902734e6 1.6528130844159608e6 3.9837865805144617e6 789407.7446657616 2.302611818438021e6 3.148426400811351e6 2.307751127662858e6 421632.76713265793 4.1502723307398665e6 2.770168950423317e6 3.756398746171309e6 131968.0637271082 1.0960868843068152e6 318776.49487634614 48287.67903375147 1.4712275602597028e6 2.7587002872293005e6 785217.3462535605 3.8788726608236325e6 1.6378440868972302e6 1.1094721567621776e6 879152.0603003989 1.9553222533530719e6 2.3783847503250637e6 2.2186444226316693e6 1.8534125734324427e6 3.9507961948226597e6 2.327232454634828e6 674539.8727267076 676208.4975286997 934604.9978777452 3.5048357882535965e6 1.81382735049871e6 4.247441389174327e6 1.0784909574262714e6 1.1162741543903134e6 3.6840362945701056e6 1.1670919744808886e6 2.209879183300777e6 3.557565788508682e6 3.5731277819812982e6 2.4359571877420377e6 1.7107167338468863e6 4.1233521392220557e6 817063.3759867926 2.3832801219307026e6 3.2587264585072706e6 2.388599478592529e6 436403.9933329076 4.295670450072248e6 2.867217366413094e6 3.887998137640267e6 136591.3526943738 1.1344865262827645e6 329944.31692481553 49979.36024378461 1.5227696527598337e6 2.855346917040538e6 812726.1737024998 4.014762729009351e6 1.6952233215635163e6 1.1483407302410903e6 909951.739451111 2.0238238252187443e6 2.461707636677543e6 2.2963710633941595e6 1.9183439034871198e6 4.089205988401274e6 2.4087633025377323e6 698171.2928103344 699898.3751998645 967347.3815530455 3.6276220758922314e6 1.8773718759031747e6 4.3962436702647265e6 1.1162741543903134e6 1.1553810249215686e6 3.8131005838735583e6 3.851750196113285e6 7.2932577412773715e6 1.174102386375258e7 1.1792383064844443e7 8.0393823115631435e6 5.645873383732127e6 1.3608286885835972e7 2.696551846390617e6 7.8655323468594365e6 1.0754765305637417e7 7.883087803938558e6 1.4402628101802384e6 1.4176988498154363e7 9.462669005408278e6 1.2831548769586038e7 450792.0378442706 3.744142531732467e6 1.0889142545829688e6 164946.73498739433 5.025592187164076e6 9.423492996406045e6 2.682237790502658e6 1.3249909576053983e7 5.594740520936564e6 3.7898655201346534e6 3.0031110379654444e6 6.679219792555164e6 8.124366442125309e6 7.578706637676538e6 6.331104718422717e6 1.3495594445140405e7 7.9496344125465695e6 2.3041726554575902e6 2.309872540366434e6 3.1925337060636515e6 1.1972230422077667e7 6.195884856807428e6 1.4508909999690205e7 3.6840362945701056e6 3.8131005838735583e6 1.2584364594116371e7
