638984.4425224833 272108.7279644487 1.0757535076084728e6 1.6539293867196338e6 2.262696984485723e6 16602.451520033166 2.2919286778144827e6 2.154788578154757e6 2.4118375907253437e6 1.3958102158018628e6 324207.1460981585 80574.63912210935 593436.8116738431 1.7351821421419824e6 2.2073091950019626e6 3.0378590479886415e6 174030.14294225237 311473.4681425888 2.1512866549076354e6 2.9109116770207807e6 2.2946757183218566e6 1.7133210836893446e6 985260.1063088527 3.183925214237289e6 2.0979405233273343e6 124069.91833196049 718629.379671498 2.2278544629070284e6 408047.65809367324 1.7976509897618892e6 924683.9210285462 60916.87516752421 1.081911151095958e6 2.902873279367803e6 882665.7041105673 3.2111769557499858e6 2.1473844608472385e6 1.6356071812964974e6 3.2148224418536723e6 246462.30589801175 2.821795733570963e6 648154.315584658 272108.7279644487 115876.31076295734 458104.92255973147 704318.589959199 963559.6068455765 7070.081309606678 976007.7955002725 917607.2843328781 1.0270704812128847e6 594399.6708312087 138062.19408643892 34312.357388795455 252712.46873301722 738919.7202062844 939972.9591305058 1.2936589786446865e6 74109.97462871912 132639.6130653414 916116.005646277 1.23959899637637e6 977177.6106763314 729610.2841517525 419568.7037128233 1.3558606161988978e6 893398.7890129017 52834.63165814855 306025.17583737837 948722.0715396699 173765.30914339886 765521.8055343004 393772.60035779834 25941.184652270902 460727.1280864008 1.2361758799205306e6 375879.32660022454 1.367465651039124e6 914454.2733858586 696516.15897745 1.3690180653398074e6 104954.89418231505 1.2016493619255621e6 276013.6782707404 1.0757535076084728e6 458104.92255973147 1.8110700857810224e6 2.784450169203881e6 3.8093325216286224e6 27950.829893557027 3.858545138617559e6 3.6276648019064907e6 4.060416146850813e6 2.349897173829486e6 545814.5009446844 135650.33026112546 999072.4174472572 2.921242132875781e6 3.7160851671537305e6 5.11434599814835e6 292986.0638870634 524376.8918044919 3.621769186981039e6 4.9006254902417045e6 3.8631698810442826e6 2.8844382472950593e6 1.6587211592888688e6 5.360253692026791e6 3.5319590377099435e6 208876.2119268765 1.209838650844639e6 3.750673871577239e6 686963.0467571934 3.0264107058039233e6 1.556738952123414e6 102555.77095948756 1.8214367021482615e6 4.88709255595522e6 1.4859997584514508e6 5.406132988250332e6 3.6151997016094243e6 2.753604071177999e6 5.412270296456926e6 414928.2399058246 4.750595564048929e6 1.0911913218250712e6 1.6539293867196338e6 704318.589959199 2.784450169203881e6 4.280984378048505e6 5.856701332366412e6 42973.319275460635 5.932363826478403e6 5.577394243761375e6 6.242732689310146e6 3.6128759646866447e6 839168.6724006315 208557.13316321792 1.5360351781241354e6 4.491296728400035e6 5.713337133496407e6 7.863109049018444e6 450454.7347834403 806209.1779744434 5.56832996397142e6 7.534522039009736e6 5.939474188983818e6 4.434712178615254e6 2.5502195905644204e6 8.241182611827625e6 5.430250335083793e6 321139.09241211956 1.8600801054040855e6 5.766515927978591e6 1.0561790991953695e6 4.652989339295548e6 2.3934258937179637e6 157675.5289830937 2.8003884406846245e6 7.5137156762633845e6 2.284667121025685e6 8.3117202542609945e6 5.558229634449006e6 4.233559696065308e6 8.321156128117271e6 637936.1112990829 7.303856833586191e6 1.6776644286404483e6 2.262696984485723e6 963559.6068455765 3.8093325216286224e6 5.856701332366412e6 8.012397959783879e6 58790.659818181164 8.115909813821026e6 7.630285330183909e6 8.540517233972449e6 4.942679908984033e6 1.1480444327080993e6 285321.48959355487 2.1014090405025473e6 6.144424088102886e6 7.816265196758392e6 1.0757311210960677e7 616255.1909567006 1.1029534214187814e6 7.617884729099033e6 1.0307780026220977e7 8.125637312424526e6 6.067012264360856e6 3.488887871320407e6 1.1274543637780797e7 7.428981646288095e6 439341.8859571672 2.5447263221722813e6 7.889017696883007e6 1.4449306494070534e6 6.365631466135236e6 3.2743825678355335e6 215711.7146729286 3.8311372486665277e6 1.0279315392469194e7 3.1255925717310007e6 1.1371044317984125e7 7.604066735818191e6 5.79182088113602e6 1.1383953287068307e7 872743.4961379468 9.99221306856941e6 2.295168266640874e6 16602.451520033166 7070.081309606678 27950.829893557027 42973.319275460635 58790.659818181164 431.3741902493233 59550.17403956556 55986.92319254201 62665.71454562788 36266.72246907179 8423.731576772454 2093.535383252963 15419.007475555807 45084.47385606874 57351.543263049105 78931.35452535041 4521.748604421653 8092.8780272016875 55895.934262189185 75632.93686158168 59621.54918395437 44516.467596473834 25599.579678404898 82726.52743173137 54509.865205723705 3223.654078445532 18671.830866129025 57885.361915993766 10602.12269741592 46707.574428013184 24025.655318971927 1582.7763548173502 28110.821233995684 75424.078713478 22933.914483177738 83434.59743655799 55794.545271474875 42497.26147649942 83529.31649742351 6403.721613368305 73317.4765274507 16840.708295673296 2.2919286778144827e6 976007.7955002725 3.858545138617559e6 5.932363826478403e6 8.115909813821026e6 59550.17403956556 8.2207589334283555e6 7.72886068619145e6 8.650851840136787e6 5.006534196284673e6 1.1628759735705361e6 289007.54669315333 2.1285570612280066e6 6.223803661177312e6 7.917243219345817e6 1.0896284491305726e7 624216.5675253783 1.1172024332802382e6 7.716299882228994e6 1.0440945830874793e7 8.230612101203636e6 6.145391757129716e6 3.533960676478207e6 1.1420199023500167e7 7.524956367922612e6 445017.72649827163 2.577601541419665e6 7.990935606157481e6 1.4635976516236106e6 6.447868808624231e6 3.316684187416186e6 218498.48582875487 3.8806315600662758e6 1.041211346363936e7 3.1659719792053318e6 1.1517946392194735e7 7.702303374836553e6 5.866645187250943e6 1.153102213174268e7 884018.4350310891 1.0121302076111633e7 2.3248194551863857e6 2.154788578154757e6 917607.2843328781 3.6276648019064907e6 5.577394243761375e6 7.630285330183909e6 55986.92319254201 7.72886068619145e6 7.266395717267917e6 8.133218505826762e6 4.706962658446497e6 1.0932939972852026e6 271714.45893716515 2.0011924838160349e6 5.851395452048254e6 7.443506172184851e6 1.0244293198765451e7 586865.8754605132 1.0503533840392125e6 7.254586502970485e6 9.816200233139459e6 7.738124278722202e6 5.777675411425418e6 3.3225022117986176e6 1.0736858722653562e7 7.074692240499566e6 418389.59624575713 2.423367888472648e6 7.512789093130783e6 1.3760216595134195e6 6.062053412374306e6 3.1182267029381683e6 205424.3860925326 3.6484296577812335e6 9.789093082641514e6 2.976532527205394e6 1.0828757268907009e7 7.241427492153425e6 5.515607952351016e6 1.084105060704688e7 831122.2094832665 9.51568271769088e6 2.185711299308188e6 2.4118375907253437e6 1.0270704812128847e6 4.060416146850813e6 6.242732689310146e6 8.540517233972449e6 62665.71454562788 8.650851840136787e6 8.133218505826762e6 9.10344630782017e6 5.268465590022459e6 1.2237152113665254e6 304127.8168317759 2.239918712989339e6 6.549420046366946e6 8.331456818953949e6 1.1466355297071742e7 656874.2722600173 1.1756521270131797e6 8.120000546882564e6 1.0987194270654e7 8.661220505033815e6 6.46690579556457e6 3.7188501047959817e6 1.2017679941379072e7 7.918646340264891e6 468300.12281670974 2.7124562608273034e6 8.40900463725348e6 1.540170018400934e6 6.785207813506024e6 3.4902061644442636e6 229929.86943244477 4.0836580836572475e6 1.0956853454292156e7 3.3316090088422056e6 1.2120541247882226e7 8.105271771508914e6 6.173575788384569e6 1.2134301082764324e7 930268.4298777083 1.0650827423447605e7 2.4464491447503925e6 1.3958102158018628e6 594399.6708312087 2.349897173829486e6 3.6128759646866447e6 4.942679908984033e6 36266.72246907179 5.006534196284673e6 4.706962658446497e6 5.268465590022459e6 3.0490353581156093e6 708204.4826840269 176008.8304767004 1.2963150728635946e6 3.790366085780749e6 4.821689729494029e6 6.635959205218785e6 380154.8757858955 680388.7854740127 4.69931298825423e6 6.358652864916308e6 5.012534885735386e6 3.7426123586383862e6 2.152221603673139e6 6.95502901891883e6 4.582782646546146e6 271020.77602673374 1.5697881869565838e6 4.866569217819394e6 891347.3502621847 3.926824268288327e6 2.0198977900998797e6 133068.02328065335 2.3633480516805467e6 6.341093630581257e6 1.9281123685450666e6 7.014558260431585e6 4.690788958604867e6 3.5728525778813637e6 7.022521532158518e6 538377.1207707049 6.1639862408479145e6 1.4158410673313027e6 324207.1460981585 138062.19408643892 545814.5009446844 839168.6724006315 1.1480444327080993e6 8423.731576772454 1.1628759735705361e6 1.0932939972852026e6 1.2237152113665254e6 708204.4826840269 164495.8258548122 40881.86199736614 301097.24478244607 880394.596218275 1.1199418437212263e6 1.541345213834704e6 88299.20139468335 158035.02788450322 1.0915171957447422e6 1.4769348117853517e6 1.164269763628391e6 869302.7590780221 499900.0695068126 1.6154560868851177e6 1.0644505006515863e6 62950.443644989326 364617.2970437986 1.130366076660339e6 207034.72244229502 912089.9638346441 469164.9985969283 30907.929728799132 548938.7585774472 1.4728562994009405e6 447845.8470111181 1.6292830422131033e6 1.0895373052878662e6 829872.3741887227 1.6311326845004037e6 125049.74377862758 1.4317192732291159e6 328859.7450938929 80574.63912210935 34312.357388795455 135650.33026112546 208557.13316321792 285321.48959355487 2093.535383252963 289007.54669315333 271714.45893716515 304127.8168317759 176008.8304767004 40881.86199736614 10160.29818195412 74831.17547218314 218802.94043199567 278337.2019451614 383067.84986695007 21944.847215036378 39276.1710952264 271272.87353524787 367060.0444767962 289353.9429162941 216046.3054054916 124239.29633381266 401486.4964727643 264546.03479771153 15644.964462738926 90617.70377537614 280927.91845866945 51453.98010901138 226680.13511529335 116600.76252368318 7681.494112271977 136426.79658617105 366046.4188751276 111302.35079497896 404922.8856736755 270780.81479754264 206246.74030910953 405382.5740599368 31078.39570638134 355822.7051839186 81730.94147254455 593436.8116738431 252712.46873301722 999072.4174472572 1.5360351781241354e6 2.1014090405025473e6 15419.007475555807 2.1285570612280066e6 2.0011924838160349e6 2.239918712989339e6 1.2963150728635946e6 301097.24478244607 74831.17547218314 551135.8743874659 1.611496132896687e6 2.049969363713001e6 2.821316557624144e6 161625.05108120773 289271.23972823244 1.997940182150763e6 2.703418158126111e6 2.131108289163697e6 1.5911933587372168e6 915029.5018908606 2.956970940146875e6 1.9483966312699711e6 115226.0553776504 667404.5555223357 2.0690501385632248e6 378961.4975196639 1.6695121209137852e6 858771.2648136031 56574.642152225926 1.0047911362070005e6 2.6959527477707067e6 819748.1603048453 2.982280142561902e6 1.9943161414893144e6 1.5190190030100492e6 2.985665773739138e6 228894.1565345751 2.6206545134567725e6 601953.0444196494 1.7351821421419824e6 738919.7202062844 2.921242132875781e6 4.491296728400035e6 6.144424088102886e6 45084.47385606874 6.223803661177312e6 5.851395452048254e6 6.549420046366946e6 3.790366085780749e6 880394.596218275 218802.94043199567 1.611496132896687e6 4.711941114751786e6 5.994016821807731e6 8.249400798563042e6 472584.26987005654 845815.8973925769 5.8418858704728875e6 7.904671261446722e6 6.231263335177071e6 4.652576730095419e6 2.6755044850280182e6 8.646048019339278e6 5.697022789761438e6 336915.72492245305 1.9514604479289472e6 6.049808136278018e6 1.1080661160887124e6 4.881577214814484e6 2.511007968457862e6 165421.67056291227 2.937963405423485e6 7.88284274242391e6 2.396906192594736e6 8.720050971630933e6 5.831289341045592e6 4.441542209292529e6 8.729950402611712e6 669276.0628367208 7.662674143263649e6 1.760083217855785e6 2.2073091950019626e6 939972.9591305058 3.7160851671537305e6 5.713337133496407e6 7.816265196758392e6 57351.543263049105 7.917243219345817e6 7.443506172184851e6 8.331456818953949e6 4.821689729494029e6 1.1199418437212263e6 278337.2019451614 2.049969363713001e6 5.994016821807731e6 7.624933500894709e6 1.049398665055808e7 601170.0898499157 1.075954599952715e6 7.431409121193987e6 1.0055459386713428e7 7.926732601821285e6 5.918499935755713e6 3.403484572392574e6 1.0998557920817107e7 7.247130132663151e6 428587.38543958036 2.482434832506334e6 7.695905117326567e6 1.4095606837524693e6 6.209809339710458e6 3.194230071235203e6 210431.38101649747 3.7373561436986593e6 1.0027691529044695e7 3.0490822548118355e6 1.1092696393709075e7 7.417929373868381e6 5.650044868752761e6 1.1105289368531989e7 851379.9050920178 9.747617085230267e6 2.238985623691268e6 3.0378590479886415e6 1.2936589786446865e6 5.11434599814835e6 7.863109049018444e6 1.0757311210960677e7 78931.35452535041 1.0896284491305726e7 1.0244293198765451e7 1.1466355297071742e7 6.635959205218785e6 1.541345213834704e6 383067.84986695007 2.821316557624144e6 8.249400798563042e6 1.049398665055808e7 1.4442585736540427e7 827373.890783383 1.4808067778145815e6 1.0227644359586151e7 1.3839052702166878e7 1.0909344467895411e7 8.145468981449016e6 4.68412238137908e6 1.5137013323840966e7 9.97402624666831e6 589853.0526033834 3.416506909882568e6 1.0591662937874822e7 1.9399396724855702e6 8.546390116816875e6 4.396131156084201e6 289610.93273620127 5.143620659216624e6 1.3800836561966296e7 4.196368201072757e6 1.5266573519705798e7 1.0209092553400405e7 7.7760016426095255e6 1.5283904885240588e7 1.1717307905099348e6 1.3415377793807043e7 3.081454447183129e6 174030.14294225237 74109.97462871912 292986.0638870634 450454.7347834403 616255.1909567006 4521.748604421653 624216.5675253783 586865.8754605132 656874.2722600173 380154.8757858955 88299.20139468335 21944.847215036378 161625.05108120773 472584.26987005654 601170.0898499157 827373.890783383 47397.85296327482 84831.12979963755 585912.1117024105 792799.2319255462 624964.7357441211 466630.3172004692 268339.79941568803 867155.635219805 571383.0648484891 33790.97233871219 195721.78185282263 606765.6813422386 111133.52304003025 489597.92741360096 251841.61654661578 16590.97121543231 294663.12439902854 790609.9399812041 240397.7756487881 874577.763452157 584849.3324781802 445464.60385596694 875570.6271676086 67125.06200618323 768528.1239846674 176527.5970484475 311473.4681425888 132639.6130653414 524376.8918044919 806209.1779744434 1.1029534214187814e6 8092.8780272016875 1.1172024332802382e6 1.0503533840392125e6 1.1756521270131797e6 680388.7854740127 158035.02788450322 39276.1710952264 289271.23972823244 845815.8973925769 1.075954599952715e6 1.4808067778145815e6 84831.12979963755 151827.98656848157 1.0486463688032166e6 1.4189261821762112e6 1.118541480332123e6 835159.7072878055 480265.8122991094 1.5520068452217898e6 1.0226427550849959e6 60477.97909205551 350296.4552811673 1.0859694069221106e6 198903.15127574597 876266.3862060956 450737.9032288644 29693.978623228046 527378.4399565272 1.4150078589297195e6 430256.09040577686 1.565290728016145e6 1.046744241245057e6 797278.0045570805 1.5670677230792774e6 120138.24449532233 1.3754865455810889e6 315943.32996555854 2.1512866549076354e6 916116.005646277 3.621769186981039e6 5.56832996397142e6 7.617884729099033e6 55895.934262189185 7.716299882228994e6 7.254586502970485e6 8.120000546882564e6 4.69931298825423e6 1.0915171957447422e6 271272.87353524787 1.997940182150763e6 5.8418858704728875e6 7.431409121193987e6 1.0227644359586151e7 585912.1117024105 1.0486463688032166e6 7.242796480793569e6 9.800247122869926e6 7.725548419737474e6 5.768285638320661e6 3.3171025415701466e6 1.0719409374934204e7 7.063194579209541e6 417709.6370756089 2.4194294750101827e6 7.50057944479559e6 1.3737853741131506e6 6.052201473309237e6 3.11315901755524e6 205090.53411258606 3.642500296189288e6 9.773184026420463e6 2.971695120622442e6 1.0811158569339972e7 7.229658855761805e6 5.506644086519274e6 1.0823431928570054e7 829771.4847689739 9.500218003027387e6 2.1821591210164786e6 2.9109116770207807e6 1.23959899637637e6 4.9006254902417045e6 7.534522039009736e6 1.0307780026220977e7 75632.93686158168 1.0440945830874793e7 9.816200233139459e6 1.0987194270654e7 6.358652864916308e6 1.4769348117853517e6 367060.0444767962 2.703418158126111e6 7.904671261446722e6 1.0055459386713428e7 1.3839052702166878e7 792799.2319255462 1.4189261821762112e6 9.800247122869926e6 1.3260740367896812e7 1.0453460051500568e7 7.805082592166127e6 4.48838024449439e6 1.4504461248378683e7 9.55722731361139e6 565204.0175090972 3.2737364378982657e6 1.014905393498801e7 1.8588726323866062e6 8.189249861308988e6 4.212423721381365e6 277508.54551756027 4.928676809081162e6 1.3224121220331624e7 4.0210085473416112e6 1.4628607326607607e7 9.782470567604246e6 7.451054714665443e6 1.4645214441525377e7 1.122765996229629e6 1.2854770170292713e7 2.952685292772847e6 2.2946757183218566e6 977177.6106763314 3.8631698810442826e6 5.939474188983818e6 8.125637312424526e6 59621.54918395437 8.230612101203636e6 7.738124278722202e6 8.661220505033815e6 5.012534885735386e6 1.164269763628391e6 289353.9429162941 2.131108289163697e6 6.231263335177071e6 7.926732601821285e6 1.0909344467895411e7 624964.7357441211 1.118541480332123e6 7.725548419737474e6 1.0453460051500568e7 8.240477078705489e6 6.15275744885212e6 3.538196381203107e6 1.1433886949142663e7 7.533975566538608e6 445551.1120844042 2.5806909812939027e6 8.000513314231217e6 1.4653518781291847e6 6.45559704073502e6 3.3206594707228583e6 218760.3718975412 3.885282774649385e6 1.0424593126610054e7 3.1697666231470364e6 1.1531751475052414e7 7.711535136529475e6 5.873676781265088e6 1.1544842886809776e7 885077.9943768064 1.0133433180826882e7 2.3276059176437682e6 1.7133210836893446e6 729610.2841517525 2.8844382472950593e6 4.434712178615254e6 6.067012264360856e6 44516.467596473834 6.145391757129716e6 5.777675411425418e6 6.46690579556457e6 3.7426123586383862e6 869302.7590780221 216046.3054054916 1.5911933587372168e6 4.652576730095419e6 5.918499935755713e6 8.145468981449016e6 466630.3172004692 835159.7072878055 5.768285638320661e6 7.805082592166127e6 6.15275744885212e6 4.593960260168842e6 2.641796577070131e6 8.537118958496267e6 5.625247645706968e6 332671.0210511635 1.9268745615922408e6 5.973588351575096e6 1.0941059112520604e6 4.820075633947366e6 2.479372504583312e6 163337.57073172988 2.9009488533613086e6 7.783529084347443e6 2.3667082640262e6 8.6101895689741e6 5.757822611505904e6 4.385584502318124e6 8.619964279884253e6 660844.0470988435 7.566134325753416e6 1.7379084379450406e6 985260.1063088527 419568.7037128233 1.6587211592888688e6 2.5502195905644204e6 3.488887871320407e6 25599.579678404898 3.533960676478207e6 3.3225022117986176e6 3.7188501047959817e6 2.152221603673139e6 499900.0695068126 124239.29633381266 915029.5018908606 2.6755044850280182e6 3.403484572392574e6 4.68412238137908e6 268339.79941568803 480265.8122991094 3.3171025415701466e6 4.48838024449439e6 3.538196381203107e6 2.641796577070131e6 1.5191879684137618e6 4.9093440877451245e6 3.234847306897318e6 191305.34765903457 1.1080658806288417e6 3.4351636423248234e6 629175.0663057887 2.7718261782511133e6 1.4257846008553107e6 93928.68262429751 1.6682157260941917e6 4.475985713424336e6 1.3609960549807223e6 4.951363974229225e6 3.3110856875140336e6 2.521968295444075e6 4.956985006271706e6 380024.08439178206 4.350970977422771e6 999399.2770098029 3.183925214237289e6 1.3558606161988978e6 5.360253692026791e6 8.241182611827625e6 1.1274543637780797e7 82726.52743173137 1.1420199023500167e7 1.0736858722653562e7 1.2017679941379072e7 6.95502901891883e6 1.6154560868851177e6 401486.4964727643 2.956970940146875e6 8.646048019339278e6 1.0998557920817107e7 1.5137013323840966e7 867155.635219805 1.5520068452217898e6 1.0719409374934204e7 1.4504461248378683e7 1.1433886949142663e7 8.537118958496267e6 4.9093440877451245e6 1.5864830338962866e7 1.0453596810312077e7 618214.3335854233 3.580779201126288e6 1.1100930673834326e7 2.0332157416637093e6 8.957317161129644e6 4.607505684708432e6 303535.9891592372 5.390935935686265e6 1.446440760189498e7 4.398137738637136e6 1.600062004080854e7 1.069996556185685e7 8.149886912049916e6 1.601878473207686e7 1.2280698838456185e6 1.4060415227132345e7 3.229616764940397e6 2.0979405233273343e6 893398.7890129017 3.5319590377099435e6 5.430250335083793e6 7.428981646288095e6 54509.865205723705 7.524956367922612e6 7.074692240499566e6 7.918646340264891e6 4.582782646546146e6 1.0644505006515863e6 264546.03479771153 1.9483966312699711e6 5.697022789761438e6 7.247130132663151e6 9.97402624666831e6 571383.0648484891 1.0226427550849959e6 7.063194579209541e6 9.55722731361139e6 7.533975566538608e6 5.625247645706968e6 3.234847306897318e6 1.0453596810312077e7 6.8880463224487705e6 407351.5598705272 2.359434121611454e6 7.314585218002162e6 1.3397191862514128e6 5.902123130467702e6 3.0359610345704793e6 200004.83965448794 3.5521760710849673e6 9.53083530927365e6 2.898005062368411e6 1.054307087109677e7 7.050382731996366e6 5.370094101729843e6 1.0555039883979084e7 809195.3803678764 9.264638110187488e6 2.128047435187285e6 124069.91833196049 52834.63165814855 208876.2119268765 321139.09241211956 439341.8859571672 3223.654078445532 445017.72649827163 418389.59624575713 468300.12281670974 271020.77602673374 62950.443644989326 15644.964462738926 115226.0553776504 336915.72492245305 428587.38543958036 589853.0526033834 33790.97233871219 60477.97909205551 417709.6370756089 565204.0175090972 445551.1120844042 332671.0210511635 191305.34765903457 618214.3335854233 407351.5598705272 24090.32773025255 139534.36502274935 432576.60574207635 79229.53400144549 349045.1357605281 179543.43005910036 11828.068453805941 210071.82526856242 563643.2231079257 171384.86406821586 623505.7321217265 416951.9583808387 317581.5182690997 624213.5665118397 47854.93375074941 547900.6105869397 125850.40831923968 718629.379671498 306025.17583737837 1.209838650844639e6 1.8600801054040855e6 2.5447263221722813e6 18671.830866129025 2.577601541419665e6 2.423367888472648e6 2.7124562608273034e6 1.5697881869565838e6 364617.2970437986 90617.70377537614 667404.5555223357 1.9514604479289472e6 2.482434832506334e6 3.416506909882568e6 195721.78185282263 350296.4552811673 2.4194294750101827e6 3.2737364378982657e6 2.5806909812939027e6 1.9268745615922408e6 1.1080658806288417e6 3.580779201126288e6 2.359434121611454e6 139534.36502274935 808201.5006317951 2.5055409242157307e6 458907.9418814585 2.0217156000523223e6 1.0399392979549284e6 68509.73717035948 1.2167638014823934e6 3.2646961102556894e6 992683.8044730083 3.6114276814256315e6 2.4150408997799144e6 1.8394741653510472e6 3.6155275518496307e6 277182.1068142253 3.173512816009491e6 728942.2132114243 2.2278544629070284e6 948722.0715396699 3.750673871577239e6 5.766515927978591e6 7.889017696883007e6 57885.361915993766 7.990935606157481e6 7.512789093130783e6 8.40900463725348e6 4.866569217819394e6 1.130366076660339e6 280927.91845866945 2.0690501385632248e6 6.049808136278018e6 7.695905117326567e6 1.0591662937874822e7 606765.6813422386 1.0859694069221106e6 7.50057944479559e6 1.014905393498801e7 8.000513314231217e6 5.973588351575096e6 3.4351636423248234e6 1.1100930673834326e7 7.314585218002162e6 432576.60574207635 2.5055409242157307e6 7.767537325793537e6 1.4226806408213368e6 6.267609215148216e6 3.223961434975518e6 212390.04141097522 3.7721428348440584e6 1.0121027618705392e7 3.0774626067496324e6 1.1195945372019116e7 7.486974230217492e6 5.702634549331727e6 1.1208655560163137e7 859304.408047341 9.838346288418256e6 2.259825730541041e6 408047.65809367324 173765.30914339886 686963.0467571934 1.0561790991953695e6 1.4449306494070534e6 10602.12269741592 1.4635976516236106e6 1.3760216595134195e6 1.540170018400934e6 891347.3502621847 207034.72244229502 51453.98010901138 378961.4975196639 1.1080661160887124e6 1.4095606837524693e6 1.9399396724855702e6 111133.52304003025 198903.15127574597 1.3737853741131506e6 1.8588726323866062e6 1.4653518781291847e6 1.0941059112520604e6 629175.0663057887 2.0332157416637093e6 1.3397191862514128e6 79229.53400144549 458907.9418814585 1.4226806408213368e6 260574.2490669054 1.1479579589550067e6 590491.854485639 38900.77221969027 690895.2426562441 1.853739409855906e6 563659.5345265346 2.0506183708409271e6 1.3712934806619014e6 1.0444787626668179e6 2.0529463337273945e6 157387.817351299 1.8019642796887597e6 413903.42699669313 1.7976509897618892e6 765521.8055343004 3.0264107058039233e6 4.652989339295548e6 6.365631466135236e6 46707.574428013184 6.447868808624231e6 6.062053412374306e6 6.785207813506024e6 3.926824268288327e6 912089.9638346441 226680.13511529335 1.6695121209137852e6 4.881577214814484e6 6.209809339710458e6 8.546390116816875e6 489597.92741360096 876266.3862060956 6.052201473309237e6 8.189249861308988e6 6.45559704073502e6 4.820075633947366e6 2.7718261782511133e6 8.957317161129644e6 5.902123130467702e6 349045.1357605281 2.0217156000523223e6 6.267609215148216e6 1.1479579589550067e6 5.057320438405189e6 2.601407569943117e6 171377.06906572802 3.0437339662360256e6 8.166635486786925e6 2.4831979795304732e6 9.033984317390354e6 6.041223454834758e6 4.601443591822419e6 9.044240140954047e6 693370.8845673016 7.93854052742643e6 1.8234485370717037e6 924683.9210285462 393772.60035779834 1.556738952123414e6 2.3934258937179637e6 3.2743825678355335e6 24025.655318971927 3.316684187416186e6 3.1182267029381683e6 3.4902061644442636e6 2.0198977900998797e6 469164.9985969283 116600.76252368318 858771.2648136031 2.511007968457862e6 3.194230071235203e6 4.396131156084201e6 251841.61654661578 450737.9032288644 3.11315901755524e6 4.212423721381365e6 3.3206594707228583e6 2.479372504583312e6 1.4257846008553107e6 4.607505684708432e6 3.0359610345704793e6 179543.43005910036 1.0399392979549284e6 3.223961434975518e6 590491.854485639 2.601407569943117e6 1.3381238992820096e6 88153.71899251017 1.5656497698920383e6 4.20079123619722e6 1.277318710628332e6 4.6469420864733e6 3.1075120943060014e6 2.366911556865451e6 4.652217523808057e6 356659.28031650255 4.0834627099206895e6 937953.7811600271 60916.87516752421 25941.184652270902 102555.77095948756 157675.5289830937 215711.7146729286 1582.7763548173502 218498.48582875487 205424.3860925326 229929.86943244477 133068.02328065335 30907.929728799132 7681.494112271977 56574.642152225926 165421.67056291227 210431.38101649747 289610.93273620127 16590.97121543231 29693.978623228046 205090.53411258606 277508.54551756027 218760.3718975412 163337.57073172988 93928.68262429751 303535.9891592372 200004.83965448794 11828.068453805941 68509.73717035948 212390.04141097522 38900.77221969027 171377.06906572802 88153.71899251017 5807.442925412314 103142.80309155713 276742.2137670715 84147.95875107142 306134.00379833096 204718.52275732008 155928.80179181995 306481.54218444024 23496.21136724479 269012.7756031344 61791.07487483693 1.081911151095958e6 460727.1280864008 1.8214367021482615e6 2.8003884406846245e6 3.8311372486665277e6 28110.821233995684 3.8806315600662758e6 3.6484296577812335e6 4.0836580836572475e6 2.3633480516805467e6 548938.7585774472 136426.79658617105 1.0047911362070005e6 2.937963405423485e6 3.7373561436986593e6 5.143620659216624e6 294663.12439902854 527378.4399565272 3.642500296189288e6 4.928676809081162e6 3.885282774649385e6 2.9009488533613086e6 1.6682157260941917e6 5.390935935686265e6 3.5521760710849673e6 210071.82526856242 1.2167638014823934e6 3.7721428348440584e6 690895.2426562441 3.0437339662360256e6 1.5656497698920383e6 103142.80309155713 1.8318626573206352e6 4.915066411896267e6 1.494505663075806e6 5.437077846298329e6 3.635893206897697e6 2.769365778721669e6 5.443250284630589e6 417303.3008804431 4.777788107349739e6 1.0974373317975362e6 2.902873279367803e6 1.2361758799205306e6 4.88709255595522e6 7.5137156762633845e6 1.0279315392469194e7 75424.078713478 1.041211346363936e7 9.789093082641514e6 1.0956853454292156e7 6.341093630581257e6 1.4728562994009405e6 366046.4188751276 2.6959527477707067e6 7.88284274242391e6 1.0027691529044695e7 1.3800836561966296e7 790609.9399812041 1.4150078589297195e6 9.773184026420463e6 1.3224121220331624e7 1.0424593126610054e7 7.783529084347443e6 4.475985713424336e6 1.446440760189498e7 9.53083530927365e6 563643.2231079257 3.2646961102556894e6 1.0121027618705392e7 1.853739409855906e6 8.166635486786925e6 4.20079123619722e6 276742.2137670715 4.915066411896267e6 1.3187603195473857e7 4.0099046495749033e6 1.4588210854351573e7 9.755456560593413e6 7.430478844499613e6 1.4604772109206108e7 1.1196655106943988e6 1.281927209758162e7 2.944531538498963e6 882665.7041105673 375879.32660022454 1.4859997584514508e6 2.284667121025685e6 3.1255925717310007e6 22933.914483177738 3.1659719792053318e6 2.976532527205394e6 3.3316090088422056e6 1.9281123685450666e6 447845.8470111181 111302.35079497896 819748.1603048453 2.396906192594736e6 3.0490822548118355e6 4.196368201072757e6 240397.7756487881 430256.09040577686 2.971695120622442e6 4.0210085473416112e6 3.1697666231470364e6 2.3667082640262e6 1.3609960549807223e6 4.398137738637136e6 2.898005062368411e6 171384.86406821586 992683.8044730083 3.0774626067496324e6 563659.5345265346 2.4831979795304732e6 1.277318710628332e6 84147.95875107142 1.494505663075806e6 4.0099046495749033e6 1.2192765478567819e6 4.435782125589009e6 2.966304797104863e6 2.259357612257634e6 4.440817843744891e6 340452.45908241044 3.897907605068133e6 895332.5734807777 3.2111769557499858e6 1.367465651039124e6 5.406132988250332e6 8.3117202542609945e6 1.1371044317984125e7 83434.59743655799 1.1517946392194735e7 1.0828757268907009e7 1.2120541247882226e7 7.014558260431585e6 1.6292830422131033e6 404922.8856736755 2.982280142561902e6 8.720050971630933e6 1.1092696393709075e7 1.5266573519705798e7 874577.763452157 1.565290728016145e6 1.0811158569339972e7 1.4628607326607607e7 1.1531751475052414e7 8.6101895689741e6 4.951363974229225e6 1.600062004080854e7 1.054307087109677e7 623505.7321217265 3.6114276814256315e6 1.1195945372019116e7 2.0506183708409271e6 9.033984317390354e6 4.6469420864733e6 306134.00379833096 5.437077846298329e6 1.4588210854351573e7 4.435782125589009e6 1.6137571989128547e7 1.0791548333456693e7 8.219643139517746e6 1.6155892154988067e7 1.238581136711872e6 1.4180760642162072e7 3.2572595879783467e6 2.1473844608472385e6 914454.2733858586 3.6151997016094243e6 5.558229634449006e6 7.604066735818191e6 55794.545271474875 7.702303374836553e6 7.241427492153425e6 8.105271771508914e6 4.690788958604867e6 1.0895373052878662e6 270780.81479754264 1.9943161414893144e6 5.831289341045592e6 7.417929373868381e6 1.0209092553400405e7 584849.3324781802 1.046744241245057e6 7.229658855761805e6 9.782470567604246e6 7.711535136529475e6 5.757822611505904e6 3.3110856875140336e6 1.069996556185685e7 7.050382731996366e6 416951.9583808387 2.4150408997799144e6 7.486974230217492e6 1.3712934806619014e6 6.041223454834758e6 3.1075120943060014e6 204718.52275732008 3.635893206897697e6 9.755456560593413e6 2.966304797104863e6 1.0791548333456693e7 7.216545060916617e6 5.496655648298772e6 1.0803799430181973e7 828266.3718394786 9.482985667123048e6 2.178200927745746e6 1.6356071812964974e6 696516.15897745 2.753604071177999e6 4.233559696065308e6 5.79182088113602e6 42497.26147649942 5.866645187250943e6 5.515607952351016e6 6.173575788384569e6 3.5728525778813637e6 829872.3741887227 206246.74030910953 1.5190190030100492e6 4.441542209292529e6 5.650044868752761e6 7.7760016426095255e6 445464.60385596694 797278.0045570805 5.506644086519274e6 7.451054714665443e6 5.873676781265088e6 4.385584502318124e6 2.521968295444075e6 8.149886912049916e6 5.370094101729843e6 317581.5182690997 1.8394741653510472e6 5.702634549331727e6 1.0444787626668179e6 4.601443591822419e6 2.366911556865451e6 155928.80179181995 2.769365778721669e6 7.430478844499613e6 2.259357612257634e6 8.219643139517746e6 5.496655648298772e6 4.1866603840116854e6 8.228974482902207e6 630869.0644396996 7.222944814995381e6 1.6590792867719643e6 3.2148224418536723e6 1.3690180653398074e6 5.412270296456926e6 8.321156128117271e6 1.1383953287068307e7 83529.31649742351 1.153102213174268e7 1.084105060704688e7 1.2134301082764324e7 7.022521532158518e6 1.6311326845004037e6 405382.5740599368 2.985665773739138e6 8.729950402611712e6 1.1105289368531989e7 1.5283904885240588e7 875570.6271676086 1.5670677230792774e6 1.0823431928570054e7 1.4645214441525377e7 1.1544842886809776e7 8.619964279884253e6 4.956985006271706e6 1.601878473207686e7 1.0555039883979084e7 624213.5665118397 3.6155275518496307e6 1.1208655560163137e7 2.0529463337273945e6 9.044240140954047e6 4.652217523808057e6 306481.54218444024 5.443250284630589e6 1.4604772109206108e7 4.440817843744891e6 1.6155892154988067e7 1.0803799430181973e7 8.228974482902207e6 1.6174233118801415e7 1.239987234969424e6 1.4196859339484915e7 3.260957389353887e6 246462.30589801175 104954.89418231505 414928.2399058246 637936.1112990829 872743.4961379468 6403.721613368305 884018.4350310891 831122.2094832665 930268.4298777083 538377.1207707049 125049.74377862758 31078.39570638134 228894.1565345751 669276.0628367208 851379.9050920178 1.1717307905099348e6 67125.06200618323 120138.24449532233 829771.4847689739 1.122765996229629e6 885077.9943768064 660844.0470988435 380024.08439178206 1.2280698838456185e6 809195.3803678764 47854.93375074941 277182.1068142253 859304.408047341 157387.817351299 693370.8845673016 356659.28031650255 23496.21136724479 417303.3008804431 1.1196655106943988e6 340452.45908241044 1.238581136711872e6 828266.3718394786 630869.0644396996 1.239987234969424e6 95062.8281163947 1.08839313915628e6 249999.21213437308 2.821795733570963e6 1.2016493619255621e6 4.750595564048929e6 7.303856833586191e6 9.99221306856941e6 73317.4765274507 1.0121302076111633e7 9.51568271769088e6 1.0650827423447605e7 6.1639862408479145e6 1.4317192732291159e6 355822.7051839186 2.6206545134567725e6 7.662674143263649e6 9.747617085230267e6 1.3415377793807043e7 768528.1239846674 1.3754865455810889e6 9.500218003027387e6 1.2854770170292713e7 1.0133433180826882e7 7.566134325753416e6 4.350970977422771e6 1.4060415227132345e7 9.264638110187488e6 547900.6105869397 3.173512816009491e6 9.838346288418256e6 1.8019642796887597e6 7.93854052742643e6 4.0834627099206895e6 269012.7756031344 4.777788107349739e6 1.281927209758162e7 3.897907605068133e6 1.4180760642162072e7 9.482985667123048e6 7.222944814995381e6 1.4196859339484915e7 1.08839313915628e6 1.24612285246978e7 2.86229047328964e6 648154.315584658 276013.6782707404 1.0911913218250712e6 1.6776644286404483e6 2.295168266640874e6 16840.708295673296 2.3248194551863857e6 2.185711299308188e6 2.4464491447503925e6 1.4158410673313027e6 328859.7450938929 81730.94147254455 601953.0444196494 1.760083217855785e6 2.238985623691268e6 3.081454447183129e6 176527.5970484475 315943.32996555854 2.1821591210164786e6 2.952685292772847e6 2.3276059176437682e6 1.7379084379450406e6 999399.2770098029 3.229616764940397e6 2.128047435187285e6 125850.40831923968 728942.2132114243 2.259825730541041e6 413903.42699669313 1.8234485370717037e6 937953.7811600271 61791.07487483693 1.0974373317975362e6 2.944531538498963e6 895332.5734807777 3.2572595879783467e6 2.178200927745746e6 1.6590792867719643e6 3.260957389353887e6 249999.21213437308 2.86229047328964e6 657455.7827301635
