1.5972043556456944e7 837990.1339707266 7.528498066513538e6 1.52585232154913e7 1.0590009002325559e7 2.0650501502068224e6 1.1598230436430877e7 1.1765954313708121e7 3.979253826552944e6 8.0792532479067035e6 1.4933577436384367e7 3.419228490599906e6 1.4656906084240919e7 1.1773949406651068e7 9.254144347308302e6 1.3736507813515298e7 1.0380448968274675e7 1.2291183629274704e7 1.4908139983298713e7 4.0724126065688026e6 1.0065731733528256e7 1.6308167350966943e7 1.5779740914540747e7 1.2231724720824888e7 837990.1339707266 43966.037417196385 394990.6022392235 800554.5357015923 555616.0068836285 108345.0371213461 608513.4092511871 617313.2196131385 208775.75467596162 423886.554507908 783505.9122111461 179393.43395767335 768990.0575160955 617732.6906083613 485528.4568924367 720700.3901691777 544621.2183715338 644869.9303722361 782171.3093693887 213663.4284585991 528109.2462637799 855625.2238448908 827900.772763273 641750.355943235 7.528498066513538e6 394990.6022392235 3.54859307371379e6 7.1921768883004775e6 4.991650693698374e6 973371.1286305973 5.46688062219496e6 5.545938062861619e6 1.8756400603014594e6 3.808194126239378e6 7.039012162629584e6 1.61166947669905e6 6.908601815806458e6 5.549706587631152e6 4.361984587612939e6 6.474767749609024e6 4.892873583205659e6 5.793507378130653e6 7.027022099135489e6 1.91955089066885e6 4.744530130164607e6 7.6869316024686e6 7.437855309202358e6 5.765481141179873e6 1.52585232154913e7 800554.5357015923 7.1921768883004775e6 1.4576878024075067e7 1.0116920708554043e7 1.9727980046326853e6 1.1080101788312163e7 1.1240332923807185e7 3.801488311634656e6 7.718328140745716e6 1.4266448572968626e7 3.2664810309634088e6 1.4002136981604632e7 1.1247970851342805e7 8.840733238911511e6 1.3122855734234914e7 9.916722366162729e6 1.17420986294103e7 1.4242147489198197e7 3.890485402243276e6 9.61606451886102e6 1.5579631325651474e7 1.507481132441695e7 1.1685295933390696e7 1.0590009002325559e7 555616.0068836285 4.991650693698374e6 1.0116920708554043e7 7.021536741552318e6 1.369198600269479e6 7.6900218997459e6 7.801228544280306e6 2.63838084943728e6 5.3568201417038655e6 9.901470586980904e6 2.2670649731494584e6 9.718028055063926e6 7.806529563272708e6 6.13581296597432e6 9.10777264608911e6 6.882591299832097e6 8.149473473645453e6 9.884604688999778e6 2.7001482942558727e6 6.673923051628866e6 1.0812870528915731e7 1.0462505799503386e7 8.110050191738771e6 2.0650501502068224e6 108345.0371213461 973371.1286305973 1.9727980046326853e6 1.369198600269479e6 266993.51950773125 1.4995531047874205e6 1.521238383614789e6 514483.8657112375 1.0445791156388317e6 1.930785263584119e6 442077.32611963194 1.8950139976667545e6 1.5222720815147723e6 1.1964825982908746e6 1.776014285419935e6 1.3421042601955577e6 1.5891460920535955e6 1.9274964160343532e6 526528.5080880773 1.3014139834261187e6 2.1085081141102803e6 2.040187044983592e6 1.5814585580576223e6 1.1598230436430877e7 608513.4092511871 5.46688062219496e6 1.1080101788312163e7 7.6900218997459e6 1.4995531047874205e6 8.422150163882457e6 8.543944233093262e6 2.889567805288924e6 5.866816014637203e6 1.0844139745502418e7 2.482900814076198e6 1.0643232573794803e7 8.549749935412142e6 6.719972823307599e6 9.974877820100639e6 7.537848162140114e6 8.925343808694057e6 1.0825668130297987e7 2.9572158175161323e6 7.309313660715615e6 1.1842309486811284e7 1.1458588295674453e7 8.882167234621868e6 1.1765954313708121e7 617313.2196131385 5.545938062861619e6 1.1240332923807185e7 7.801228544280306e6 1.521238383614789e6 8.543944233093262e6 8.66749958594379e6 2.9313543104471797e6 5.9516569853904955e6 1.1000958595914192e7 2.5188064424144323e6 1.0797146073257025e7 8.673389245458433e6 6.817151432001435e6 1.011912613388642e7 7.6468541977600055e6 9.054414642200215e6 1.0982219859708963e7 2.9999805914683244e6 7.415014822123822e6 1.201356303052483e7 1.1624292785476398e7 9.01061368474035e6 3.979253826552944e6 208775.75467596162 1.8756400603014594e6 3.801488311634656e6 2.63838084943728e6 514483.8657112375 2.889567805288924e6 2.9313543104471797e6 991386.0402499919 2.0128544784381182e6 3.7205317496040715e6 851862.068055662 3.651602214518418e6 2.9333461973384474e6 2.3055652944680927e6 3.4222954055436193e6 2.5861713394618058e6 3.0622092481011143e6 3.714194296154796e6 1.0145954956052052e6 2.50776310345743e6 4.062995264570667e6 3.931343800450372e6 3.047395734217605e6 8.0792532479067035e6 423886.554507908 3.808194126239378e6 7.718328140745716e6 5.3568201417038655e6 1.0445791156388317e6 5.866816014637203e6 5.9516569853904955e6 2.0128544784381182e6 4.0867865663578697e6 7.553958488736976e6 1.729572849608632e6 7.414007836053961e6 5.955701200546702e6 4.681090150443681e6 6.948436183194205e6 5.250816887971654e6 6.217337493879445e6 7.541091279557744e6 2.059977651709824e6 5.091621213854593e6 8.249277155548491e6 7.981979424504539e6 6.187260968135439e6 1.4933577436384367e7 783505.9122111461 7.039012162629584e6 1.4266448572968626e7 9.901470586980904e6 1.930785263584119e6 1.0844139745502418e7 1.1000958595914192e7 3.7205317496040715e6 7.553958488736976e6 1.3962630032919759e7 3.1969179934037314e6 1.3703947225860106e7 1.1008433866010506e7 8.652460828166146e6 1.2843391167418933e7 9.705535672014741e6 1.1492038690214451e7 1.3938846465457259e7 3.80763355660381e6 9.411280639523897e6 1.5247847222575702e7 1.4753777876977589e7 1.1436445665409602e7 3.419228490599906e6 179393.43395767335 1.61166947669905e6 3.2664810309634088e6 2.2670649731494584e6 442077.32611963194 2.482900814076198e6 2.5188064424144323e6 851862.068055662 1.729572849608632e6 3.1969179934037314e6 731974.1791089592 3.137689343892615e6 2.520517998576854e6 1.9810886375681614e6 2.9406543196115997e6 2.2222032348011304e6 2.631245344395609e6 3.1914724495062754e6 871805.1112644931 2.1548298813711777e6 3.491184471091364e6 3.3780611428066627e6 2.6185166291831215e6 1.4656906084240919e7 768990.0575160955 6.908601815806458e6 1.4002136981604632e7 9.718028055063926e6 1.8950139976667545e6 1.0643232573794803e7 1.0797146073257025e7 3.651602214518418e6 7.414007836053961e6 1.3703947225860106e7 3.137689343892615e6 1.3450056982558891e7 1.0804482850544497e7 8.492158446041388e6 1.2605444271202395e7 9.525723186420336e6 1.1279128026520444e7 1.3680604291715153e7 3.737090304053643e6 9.236919757074224e6 1.4965353458016088e7 1.4480437634705689e7 1.122456496238028e7 1.1773949406651068e7 617732.6906083613 5.549706587631152e6 1.1247970851342805e7 7.806529563272708e6 1.5222720815147723e6 8.549749935412142e6 8.673389245458433e6 2.9333461973384474e6 5.955701200546702e6 1.1008433866010506e7 2.520517998576854e6 1.0804482850544497e7 8.67928290706028e6 6.821783759975163e6 1.0126002189307403e7 7.652050317717826e6 9.060567214671453e6 1.0989682396631783e7 3.002019110658211e6 7.420053404723717e6 1.2021726376263227e7 1.1632191617881997e7 9.016736493988262e6 9.254144347308302e6 485528.4568924367 4.361984587612939e6 8.840733238911511e6 6.13581296597432e6 1.1964825982908746e6 6.719972823307599e6 6.817151432001435e6 2.3055652944680927e6 4.681090150443681e6 8.652460828166146e6 1.9810886375681614e6 8.492158446041388e6 6.821783759975163e6 5.361817809856726e6 7.958883012362489e6 6.014394639153534e6 7.121467400368935e6 8.637722459725661e6 2.3595411551297912e6 5.832048610066249e6 9.448893259804415e6 9.14272489115851e6 7.087017123572292e6 1.3736507813515298e7 720700.3901691777 6.474767749609024e6 1.3122855734234914e7 9.10777264608911e6 1.776014285419935e6 9.974877820100639e6 1.011912613388642e7 3.4222954055436193e6 6.948436183194205e6 1.2843391167418933e7 2.9406543196115997e6 1.2605444271202395e7 1.0126002189307403e7 7.958883012362489e6 1.1813870043854553e7 8.927543795913156e6 1.057084144330598e7 1.2821514081256986e7 3.502415166365838e6 8.65687612969618e6 1.402558585874317e7 1.3571120915219896e7 1.0519704733240234e7 1.0380448968274675e7 544621.2183715338 4.892873583205659e6 9.916722366162729e6 6.882591299832097e6 1.3421042601955577e6 7.537848162140114e6 7.6468541977600055e6 2.5861713394618058e6 5.250816887971654e6 9.705535672014741e6 2.2222032348011304e6 9.525723186420336e6 7.652050317717826e6 6.014394639153534e6 8.927543795913156e6 6.7463953752739215e6 7.988207894148884e6 9.689003524283918e6 2.6467165012930487e6 6.541856351624627e6 1.0598900407102825e7 1.0255468858258102e7 7.949564738519426e6 1.2291183629274704e7 644869.9303722361 5.793507378130653e6 1.17420986294103e7 8.149473473645453e6 1.5891460920535955e6 8.925343808694057e6 9.054414642200215e6 3.0622092481011143e6 6.217337493879445e6 1.1492038690214451e7 2.631245344395609e6 1.1279128026520444e7 9.060567214671453e6 7.121467400368935e6 1.057084144330598e7 7.988207894148884e6 9.458601491696836e6 1.1472463461419735e7 3.1338989894799646e6 7.7460192656310275e6 1.254984553849676e7 1.2143198365157947e7 9.412845270235902e6 1.4908139983298713e7 782171.3093693887 7.027022099135489e6 1.4242147489198197e7 9.884604688999778e6 1.9274964160343532e6 1.0825668130297987e7 1.0982219859708963e7 3.714194296154796e6 7.541091279557744e6 1.3938846465457259e7 3.1914724495062754e6 1.3680604291715153e7 1.0989682396631783e7 8.637722459725661e6 1.2821514081256986e7 9.689003524283918e6 1.1472463461419735e7 1.3915103410282195e7 3.8011477362853987e6 9.395249717880132e6 1.5221874450811284e7 1.4728646689612705e7 1.1416965132274142e7 4.0724126065688026e6 213663.4284585991 1.91955089066885e6 3.890485402243276e6 2.7001482942558727e6 526528.5080880773 2.9572158175161323e6 2.9999805914683244e6 1.0145954956052052e6 2.059977651709824e6 3.80763355660381e6 871805.1112644931 3.737090304053643e6 3.002019110658211e6 2.3595411551297912e6 3.502415166365838e6 2.6467165012930487e6 3.1338989894799646e6 3.8011477362853987e6 1.0383483102533835e6 2.566472640840536e6 4.1581145252551497e6 4.0233809532022295e6 3.11873867467817e6 1.0065731733528256e7 528109.2462637799 4.744530130164607e6 9.61606451886102e6 6.673923051628866e6 1.3014139834261187e6 7.309313660715615e6 7.415014822123822e6 2.50776310345743e6 5.091621213854593e6 9.411280639523897e6 2.1548298813711777e6 9.236919757074224e6 7.420053404723717e6 5.832048610066249e6 8.65687612969618e6 6.541856351624627e6 7.7460192656310275e6 9.395249717880132e6 2.566472640840536e6 6.343518596929822e6 1.02775601030687e7 9.944540803993465e6 7.708547703553905e6 1.6308167350966943e7 855625.2238448908 7.6869316024686e6 1.5579631325651474e7 1.0812870528915731e7 2.1085081141102803e6 1.1842309486811284e7 1.201356303052483e7 4.062995264570667e6 8.249277155548491e6 1.5247847222575702e7 3.491184471091364e6 1.4965353458016088e7 1.2021726376263227e7 9.448893259804415e6 1.402558585874317e7 1.0598900407102825e7 1.254984553849676e7 1.5221874450811284e7 4.1581145252551497e6 1.02775601030687e7 1.6651364705277631e7 1.6111817794611357e7 1.2489135346586883e7 1.5779740914540747e7 827900.772763273 7.437855309202358e6 1.507481132441695e7 1.0462505799503386e7 2.040187044983592e6 1.1458588295674453e7 1.1624292785476398e7 3.931343800450372e6 7.981979424504539e6 1.4753777876977589e7 3.3780611428066627e6 1.4480437634705689e7 1.1632191617881997e7 9.14272489115851e6 1.3571120915219896e7 1.0255468858258102e7 1.2143198365157947e7 1.4728646689612705e7 4.0233809532022295e6 9.944540803993465e6 1.6111817794611357e7 1.5589753587252716e7 1.2084455339127304e7 1.2231724720824888e7 641750.355943235 5.765481141179873e6 1.1685295933390696e7 8.110050191738771e6 1.5814585580576223e6 8.882167234621868e6 9.01061368474035e6 3.047395734217605e6 6.187260968135439e6 1.1436445665409602e7 2.6185166291831215e6 1.122456496238028e7 9.016736493988262e6 7.087017123572292e6 1.0519704733240234e7 7.949564738519426e6 9.412845270235902e6 1.1416965132274142e7 3.11873867467817e6 7.708547703553905e6 1.2489135346586883e7 1.2084455339127304e7 9.367310395641543e6
1.5192221157276252e7 1.7310848261452552e7 275793.6715357631 1.7098687191029362e7 8.904525239553392e6 102535.83837514465 3.163672898572347e6 1.293262270424567e6 7.235958031644597e6 1.8887403244737335e7 9.797129395972472e6 7.201367446183285e6 1.4368879788838265e7 1.7854433475290094e7 1.0964739263071958e7 6.52157841699232e6 3.012610677948959e6 481873.9520908955 1.1244745952671783e7 2.0365239975348927e7 302418.7513068026 1.9956659576114587e7 7.949281612459823e6 1.960160843444539e7 1.7310848261452552e7 1.9724927937052265e7 314254.40361878136 1.9483180001772624e7 1.0146303405302664e7 116834.94606203993 3.604862049406501e6 1.4736138115563774e6 8.245046607424186e6 2.15213409703373e7 1.116338543362161e7 8.205632201196378e6 1.6372688044532567e7 2.0344318680281676e7 1.2493824019835409e7 7.4310433762773285e6 3.432733487547257e6 549073.5541192903 1.2812878966816137e7 2.3205269023646723e7 344592.4767085604 2.2739710155030478e7 9.057846535820056e6 2.2335145452156384e7 275793.6715357631 314254.40361878136 5006.651000650206 310402.9140990316 161649.28641280998 1861.395712761511 57432.08680302598 23477.380043815443 131358.76656654364 342874.5693415444 177853.274952629 130730.82253741281 260847.05269852767 324122.43807962816 199049.61015832878 118390.19701008398 54689.76202873741 8747.752227194615 204132.742649612 369702.6423169416 5489.992338889654 362285.4327294931 144308.16529563244 355839.97245543613 1.7098687191029362e7 1.9483180001772624e7 310402.9140990316 1.924439491960953e7 1.0021950712771649e7 115403.02159219433 3.5606810029563922e6 1.455553259067659e6 8.143995642878707e6 2.125757626809699e7 1.1026567424049092e7 8.105064298051998e6 1.6172025028557315e7 2.0094979516593754e7 1.2340700207663259e7 7.339968803081349e6 3.3906620419314285e6 542344.1303947223 1.2655844829854993e7 2.2920866165903583e7 340369.16496704024 2.2461013168335292e7 8.946833927555917e6 2.2061406794430457e7 8.904525239553392e6 1.0146303405302664e7 161649.28641280998 1.0021950712771649e7 5.219155837780015e6 60098.71442221268 1.854304573596608e6 758012.038472873 4.2411685729225045e6 1.1070360098189823e7 5.742332544956713e6 4.2208942010513665e6 8.421945113834705e6 1.0464911738235347e7 6.4266966957879e6 3.82245354478806e6 1.7657633825253013e6 282437.8821408634 6.590815333146683e6 1.1936555655207984e7 177254.88432847708 1.1697076882505517e7 4.6592646342937285e6 1.1488972891680488e7 102535.83837514465 116834.94606203993 1861.395712761511 115403.02159219433 60098.71442221268 692.0382505265429 21352.365111172334 8728.528222709228 48837.165779849696 127475.48277369741 66123.10773297843 48603.70586352508 96978.91574956175 120503.72925392163 74003.5786252019 44015.651404290365 20332.811006602733 3252.2795157652017 75893.40897795558 137449.74700972502 2041.0945762697684 134692.142749924 53651.5527371261 132295.81991469016 3.163672898572347e6 3.604862049406501e6 57432.08680302598 3.5606810029563922e6 1.854304573596608e6 21352.365111172334 658812.5663486324 269312.7458672333 1.5068372216893903e6 3.9331685045385347e6 2.0401830932404306e6 1.499633976249714e6 2.9922178659846224e6 3.718059836042119e6 2.2833296123969867e6 1.3580727057722744e6 627354.9244122211 100346.85165360213 2.3416390304955808e6 4.240917579854714e6 62976.571866924714 4.155833593611764e6 1.655381826008612e6 4.081896697691312e6 1.293262270424567e6 1.4736138115563774e6 23477.380043815443 1.455553259067659e6 758012.038472873 8728.528222709228 269312.7458672333 110091.03163974517 615972.5701609866 1.6078205911987026e6 833996.4034956308 613027.9909170499 1.2231740116731073e6 1.519887377517472e6 933391.0721265563 555159.8560209122 256453.3312762858 41020.29551097316 957227.0921118567 1.7336238207437247e6 25743.882799302133 1.698842756849608e6 676695.3877215148 1.6686184571347488e6 7.235958031644597e6 8.245046607424186e6 131358.76656654364 8.143995642878707e6 4.2411685729225045e6 48837.165779849696 1.5068372216893903e6 615972.5701609866 3.4464406549693216e6 8.995949689700939e6 4.666310239032765e6 3.429965379754664e6 6.843805789647995e6 8.503952777445752e6 5.222435370980275e6 3.10618620127408e6 1.4348872495765667e6 229513.48968497876 5.3558007711774465e6 9.699833897916714e6 144040.1222299424 9.505229659944817e6 3.786192126484025e6 9.33612106590784e6 1.8887403244737335e7 2.15213409703373e7 342874.5693415444 2.125757626809699e7 1.1070360098189823e7 127475.48277369741 3.9331685045385347e6 1.6078205911987026e6 8.995949689700939e6 2.348135915323074e7 1.2180071078940075e7 8.952945685920594e6 1.7863801740205914e7 2.2197141633409478e7 1.36316770135917e7 8.10781254951092e6 3.745363637401454e6 599079.4599456532 1.3979789327317659e7 2.5318647984928455e7 375975.6289465167 2.481068916321668e7 9.882773938463563e6 2.4369279443348385e7 9.797129395972472e6 1.116338543362161e7 177853.274952629 1.1026567424049092e7 5.742332544956713e6 66123.10773297843 2.0401830932404306e6 833996.4034956308 4.666310239032765e6 1.2180071078940075e7 6.317953339920733e6 4.644003531005111e6 9.266174650110269e6 1.15139315863251e7 7.070919271206503e6 4.205622532466485e6 1.942766388535507e6 310749.91683635727 7.251489428877853e6 1.3133095493608251e7 195023.20349662143 1.286961097751827e7 5.126316932596337e6 1.2640646302694872e7 7.201367446183285e6 8.205632201196378e6 130730.82253741281 8.105064298051998e6 4.2208942010513665e6 48603.70586352508 1.499633976249714e6 613027.9909170499 3.429965379754664e6 8.952945685920594e6 4.644003531005111e6 3.4135688625168796e6 6.811089838558705e6 8.463300702900711e6 5.197470176844812e6 3.0913374695948698e6 1.4280279519111067e6 228416.3293718933 5.330198040553667e6 9.653465064385744e6 143351.5565782259 9.459791107448544e6 3.7680927121768463e6 9.29149091573351e6 1.4368879788838265e7 1.6372688044532567e7 260847.05269852767 1.6172025028557315e7 8.421945113834705e6 96978.91574956175 2.9922178659846224e6 1.2231740116731073e6 6.843805789647995e6 1.7863801740205914e7 9.266174650110269e6 6.811089838558705e6 1.3590159348568948e7 1.6886813695532627e7 1.0370505981712729e7 6.168141928500286e6 2.849342451895957e6 455758.8267894765 1.0635337728254508e7 1.9261547212040186e7 286029.18812413426 1.887510979911048e7 7.518470848638964e6 1.853930062935711e7 1.7854433475290094e7 2.0344318680281676e7 324122.43807962816 2.0094979516593754e7 1.0464911738235347e7 120503.72925392163 3.718059836042119e6 1.519887377517472e6 8.503952777445752e6 2.2197141633409478e7 1.15139315863251e7 8.463300702900711e6 1.6886813695532627e7 2.098315917227684e7 1.2886147833140036e7 7.664388689096263e6 3.540526192947535e6 566315.2433086697 1.321522155845912e7 2.39339474184811e7 355413.16973927343 2.345376934037676e7 9.34227577762939e6 2.3036500731420107e7 1.0964739263071958e7 1.2493824019835409e7 199049.61015832878 1.2340700207663259e7 6.4266966957879e6 74003.5786252019 2.2833296123969867e6 933391.0721265563 5.222435370980275e6 1.36316770135917e7 7.070919271206503e6 5.197470176844812e6 1.0370505981712729e7 1.2886147833140036e7 7.913622758813662e6 4.706843468491121e6 2.174302904288357e6 347784.7108493499 8.11571304644139e6 1.4698281709297167e7 218265.82973054834 1.4403395431693139e7 5.7372650981721915e6 1.4147143027705835e7 6.52157841699232e6 7.4310433762773285e6 118390.19701008398 7.339968803081349e6 3.82245354478806e6 44015.651404290365 1.3580727057722744e6 555159.8560209122 3.10618620127408e6 8.10781254951092e6 4.205622532466485e6 3.0913374695948698e6 6.168141928500286e6 7.664388689096263e6 4.706843468491121e6 2.799523822664338e6 1.2932260906893588e6 206854.46407957602 4.827042191548355e6 8.742204849782238e6 129819.5689095542 8.566813174946291e6 3.4123952552903984e6 8.414400052568242e6 3.012610677948959e6 3.432733487547257e6 54689.76202873741 3.3906620419314285e6 1.7657633825253013e6 20332.811006602733 627354.9244122211 256453.3312762858 1.4348872495765667e6 3.745363637401454e6 1.942766388535507e6 1.4280279519111067e6 2.849342451895957e6 3.540526192947535e6 2.174302904288357e6 1.2932260906893588e6 597399.3534543341 95555.3897264859 2.229828105919691e6 4.038418001790649e6 59969.50346937986 3.9573966908979695e6 1.5763389974250041e6 3.886990207900037e6 481873.9520908955 549073.5541192903 8747.752227194615 542344.1303947223 282437.8821408634 3252.2795157652017 100346.85165360213 41020.29551097316 229513.48968497876 599079.4599456532 310749.91683635727 228416.3293718933 455758.8267894765 566315.2433086697 347784.7108493499 206854.46407957602 95555.3897264859 15284.302624339181 356666.0935472798 645954.174219005 9592.258917900688 632994.6306678879 252139.01951689756 621732.9530593718 1.1244745952671783e7 1.2812878966816137e7 204132.742649612 1.2655844829854993e7 6.590815333146683e6 75893.40897795558 2.3416390304955808e6 957227.0921118567 5.3558007711774465e6 1.3979789327317659e7 7.251489428877853e6 5.330198040553667e6 1.0635337728254508e7 1.321522155845912e7 8.11571304644139e6 4.827042191548355e6 2.229828105919691e6 356666.0935472798 8.322964116380605e6 1.507363192105158e7 223839.68707172945 1.4771215128729485e7 5.883777711828792e6 1.4508418803758658e7 2.0365239975348927e7 2.3205269023646723e7 369702.6423169416 2.2920866165903583e7 1.1936555655207984e7 137449.74700972502 4.240917579854714e6 1.7336238207437247e6 9.699833897916714e6 2.5318647984928455e7 1.3133095493608251e7 9.653465064385744e6 1.9261547212040186e7 2.39339474184811e7 1.4698281709297167e7 8.742204849782238e6 4.038418001790649e6 645954.174219005 1.507363192105158e7 2.729969468979923e7 405393.68007150525 2.675199084889997e7 1.0656047327999623e7 2.627604321565006e7 302418.7513068026 344592.4767085604 5489.992338889654 340369.16496704024 177254.88432847708 2041.0945762697684 62976.571866924714 25743.882799302133 144040.1222299424 375975.6289465167 195023.20349662143 143351.5565782259 286029.18812413426 355413.16973927343 218265.82973054834 129819.5689095542 59969.50346937986 9592.258917900688 223839.68707172945 405393.68007150525 6019.9953775793165 397260.4141806448 158239.6539741547 390192.71013644536 1.9956659576114587e7 2.2739710155030478e7 362285.4327294931 2.2461013168335292e7 1.1697076882505517e7 134692.142749924 4.155833593611764e6 1.698842756849608e6 9.505229659944817e6 2.481068916321668e7 1.286961097751827e7 9.459791107448544e6 1.887510979911048e7 2.345376934037676e7 1.4403395431693139e7 8.566813174946291e6 3.9573966908979695e6 632994.6306678879 1.4771215128729485e7 2.675199084889997e7 397260.4141806448 2.6215275390865225e7 1.0442258927921638e7 2.574887652179601e7 7.949281612459823e6 9.057846535820056e6 144308.16529563244 8.946833927555917e6 4.6592646342937285e6 53651.5527371261 1.655381826008612e6 676695.3877215148 3.786192126484025e6 9.882773938463563e6 5.126316932596337e6 3.7680927121768463e6 7.518470848638964e6 9.34227577762939e6 5.7372650981721915e6 3.4123952552903984e6 1.5763389974250041e6 252139.01951689756 5.883777711828792e6 1.0656047327999623e7 158239.6539741547 1.0442258927921638e7 4.1594364313164786e6 1.0256479542357463e7 1.960160843444539e7 2.2335145452156384e7 355839.97245543613 2.2061406794430457e7 1.1488972891680488e7 132295.81991469016 4.081896697691312e6 1.6686184571347488e6 9.33612106590784e6 2.4369279443348385e7 1.2640646302694872e7 9.29149091573351e6 1.853930062935711e7 2.3036500731420107e7 1.4147143027705835e7 8.414400052568242e6 3.886990207900037e6 621732.9530593718 1.4508418803758658e7 2.627604321565006e7 390192.71013644536 2.574887652179601e7 1.0256479542357463e7 2.5290775406682294e7
4.6693550873298995e7 8.893301702295976e6 4.152691868137271e7 5.550502388437427e7 4.7871564004858926e7 7.167690786642151e6 2.0222490918470476e7 3.110503112372656e7 4.7069291596801125e7 27601.573508259848 1.5215837385087907e7 2.2468482974677347e6 3.5680549258971023e6 2.8868744618094885e6 4.061511689593272e7 4.2820486010169365e7 1.1738006302353825e7 5.579832393690177e7 1.6615138728991266e7 1.8305575846974988e7 2.7670083835651167e7 5.1054607221347526e7 8.223013955476263e6 4.3201212686760284e7 8.893301702295976e6 1.6938273849138208e6 7.909259623502816e6 1.0571543910556506e7 9.117667294380764e6 1.3651657559165652e6 3.851596409917496e6 5.924296205127363e6 8.964865666771725e6 5257.024065981296 2.8980240308954776e6 427937.03659185546 679575.4092994367 549837.0778266577 7.735596918076681e6 8.155633786787969e6 2.23563274751884e6 1.0627406140085893e7 3.164536403396943e6 3.4864987947297823e6 5.270072613367793e6 9.723912977697752e6 1.5661636915700652e6 8.228147381014783e6 4.152691868137271e7 7.909259623502816e6 3.693197332215448e7 4.936340394219434e7 4.2574584892336585e7 6.374587215219068e6 1.79848762880515e7 2.7663265566620186e7 4.1861083767949484e7 24547.464845105187 1.3532207980371432e7 1.9982349766352468e6 3.173250352290711e6 2.567442372163808e6 3.612106222438339e7 3.8082407681228615e7 1.0439198220798083e7 4.962425040177506e7 1.4776676906641055e7 1.6280067491027432e7 2.460839451828711e7 4.540542500490561e7 7.313139083627153e6 3.8421007026168585e7 5.550502388437427e7 1.0571543910556506e7 4.936340394219434e7 6.597929732875962e7 5.690533818432463e7 8.520295434114914e6 2.4038648173855234e7 3.697481693202974e7 5.595167010087016e7 32810.22685508248 1.808719623340973e7 2.670847816948241e6 4.241377453174737e6 3.4316524007505784e6 4.827953734965379e7 5.090107850619847e7 1.395306863543003e7 6.632794561350886e7 1.9750557726853278e7 2.175999480871747e7 3.289166566808901e7 6.068904892064441e7 9.77476712445206e6 5.135365156783901e7 4.7871564004858926e7 9.117667294380764e6 4.2574584892336585e7 5.690533818432463e7 4.9079296763908595e7 7.348521623271753e6 2.073267614553643e7 3.1889767654489815e7 4.825678414250003e7 28297.922692169097 1.5599711729875933e7 2.3035331447225963e6 3.658071972753083e6 2.95970627608732e6 4.163977962019363e7 4.390078711977298e7 1.2034139821948992e7 5.720603778790153e7 1.7034315494077127e7 1.8767399981682934e7 2.8368161439520024e7 5.234264371907667e7 8.430469123039689e6 4.429111899914182e7 7.167690786642151e6 1.3651657559165652e6 6.374587215219068e6 8.520295434114914e6 7.348521623271753e6 1.1002759535748488e6 3.1042522817034684e6 4.7747759772804845e6 7.2253688443533825e6 4236.977921615118 2.335706224871955e6 344902.31604877417 547714.0620121551 443149.4948467696 6.234621135653265e6 6.573156192114314e6 1.8018419686098453e6 8.565318441466134e6 2.550505895551262e6 2.8099963461457677e6 4.247494595400863e6 7.837134485425177e6 1.262273274676161e6 6.631599618261845e6 2.0222490918470476e7 3.851596409917496e6 1.79848762880515e7 2.4038648173855234e7 2.073267614553643e7 3.1042522817034684e6 8.75815035051173e6 1.3471265252992319e7 2.0385220315284595e7 11953.954222090713 6.589820812124584e6 973086.6134814456 1.5452874537502506e6 1.2502752841632855e6 1.7589984424386244e7 1.854510683530635e7 5.083608365840451e6 2.4165673374074396e7 7.195843660891706e6 7.927954383407335e6 1.1983625331860278e7 2.2111219034964617e7 3.561301762812925e6 1.8709995596511744e7 3.110503112372656e7 5.924296205127363e6 2.7663265566620186e7 3.697481693202974e7 3.1889767654489815e7 4.7747759772804845e6 1.3471265252992319e7 2.0720697893234365e7 3.1355331790101208e7 18386.86043320806 1.0136069897981666e7 1.4967438739594868e6 2.376869127437897e6 1.9230989784549493e6 2.7055866420820832e7 2.8524978828308843e7 7.819303619806682e6 3.717019952966541e7 1.1068218150567777e7 1.2194307261037506e7 1.843249876710959e7 3.401016022402689e7 5.477782268261574e6 2.877860090038316e7 4.7069291596801125e7 8.964865666771725e6 4.1861083767949484e7 5.595167010087016e7 4.825678414250003e7 7.2253688443533825e6 2.0385220315284595e7 3.1355331790101208e7 4.7448055887555204e7 27823.68202230137 1.5338278485429088e7 2.2649285759880133e6 3.596766889632517e6 2.9101049996172353e6 4.0941944758071765e7 4.316506036986695e7 1.1832461465819258e7 5.624733032459644e7 1.6748839938909085e7 1.845287992182526e7 2.7892743648951367e7 5.146544115230127e7 8.28918414718823e6 4.354885073543083e7 27601.573508259848 5257.024065981296 24547.464845105187 32810.22685508248 28297.922692169097 4236.977921615118 11953.954222090713 18386.86043320806 27823.68202230137 16.31589043632838 8994.412423545025 1328.1608976953473 2109.154872069797 1706.4942840386507 24008.47897799745 25312.1206283106 6938.590827541964 32983.60289542221 9821.569882800095 10820.824030331627 16356.388380952416 30179.488768783707 4860.802400044347 25537.176447667636 1.5215837385087907e7 2.8980240308954776e6 1.3532207980371432e7 1.808719623340973e7 1.5599711729875933e7 2.335706224871955e6 6.589820812124584e6 1.0136069897981666e7 1.5338278485429088e7 8994.412423545025 4.9583230017709145e6 732171.3102521911 1.1627075370821208e6 940734.0315849675 1.3235082843490459e7 1.3953737501119185e7 3.8250163412584793e6 1.8182772727825537e7 5.4143076356948195e6 5.965163499425358e6 9.016737605101982e6 1.663695706817153e7 2.679600090842166e6 1.4077803353701089e7 2.2468482974677347e6 427937.03659185546 1.9982349766352468e6 2.670847816948241e6 2.3035331447225963e6 344902.31604877417 973086.6134814456 1.4967438739594868e6 2.2649285759880133e6 1328.1608976953473 732171.3102521911 108116.15688710597 171691.33607501246 138913.59402329937 1.954359960687051e6 2.0604801795810065e6 564821.4578427046 2.6849611304860525e6 799504.3312666935 880846.5228430876 1.3314575480802332e6 2.456698091443821e6 395683.4415109862 2.0788003773192347e6 3.5680549258971023e6 679575.4092994367 3.173250352290711e6 4.241377453174737e6 3.658071972753083e6 547714.0620121551 1.5452874537502506e6 2.376869127437897e6 3.596766889632517e6 2109.154872069797 1.1627075370821208e6 171691.33607501246 272650.4135177823 220598.48632750037 3.103575658652423e6 3.272097392046083e6 896951.5152310745 4.26378977088487e6 1.2696341674100761e6 1.3988077336292642e6 2.1143900406648503e6 3.901301986652711e6 628355.8414559434 3.3011903538882174e6 2.8868744618094885e6 549837.0778266577 2.567442372163808e6 3.4316524007505784e6 2.95970627608732e6 443149.4948467696 1.2502752841632855e6 1.9230989784549493e6 2.9101049996172353e6 1706.4942840386507 940734.0315849675 138913.59402329937 220598.48632750037 178483.83775442364 2.511069334787372e6 2.6474184377294197e6 725713.7226246241 3.4497859634257876e6 1.027247206071346e6 1.1317601346006824e6 1.7107300020514631e6 3.156501036833851e6 508395.8821547266 2.670957236964507e6 4.061511689593272e7 7.735596918076681e6 3.612106222438339e7 4.827953734965379e7 4.163977962019363e7 6.234621135653265e6 1.7589984424386244e7 2.7055866420820832e7 4.0941944758071765e7 24008.47897799745 1.3235082843490459e7 1.954359960687051e6 3.103575658652423e6 2.511069334787372e6 3.53279562084787e7 3.724623662832616e7 1.0209985944074184e7 4.853465643347141e7 1.4452227108433686e7 1.5922607918375323e7 2.406807082534115e7 4.4408463301443e7 7.152565328449568e6 3.757740138632666e7 4.2820486010169365e7 8.155633786787969e6 3.8082407681228615e7 5.090107850619847e7 4.390078711977298e7 6.573156192114314e6 1.854510683530635e7 2.8524978828308843e7 4.316506036986695e7 25312.1206283106 1.3953737501119185e7 2.0604801795810065e6 3.272097392046083e6 2.6474184377294197e6 3.724623662832616e7 3.926867817618949e7 1.0764380203619117e7 5.117005035693895e7 1.5236971748675384e7 1.678719308776582e7 2.5374948266405046e7 4.681980816169924e7 7.540944037375608e6 3.961782492180532e7 1.1738006302353825e7 2.23563274751884e6 1.0439198220798083e7 1.395306863543003e7 1.2034139821948992e7 1.8018419686098453e6 5.083608365840451e6 7.819303619806682e6 1.1832461465819258e7 6938.590827541964 3.8250163412584793e6 564821.4578427046 896951.5152310745 725713.7226246241 1.0209985944074184e7 1.0764380203619117e7 2.950745646394736e6 1.4026799542603707e7 4.1767781517534317e6 4.601726804694116e6 6.955813219920683e6 1.283430559724395e7 2.0671332085159186e6 1.0860088755350912e7 5.579832393690177e7 1.0627406140085893e7 4.962425040177506e7 6.632794561350886e7 5.720603778790153e7 8.565318441466134e6 2.4165673374074396e7 3.717019952966541e7 5.624733032459644e7 32983.60289542221 1.8182772727825537e7 2.6849611304860525e6 4.26378977088487e6 3.4497859634257876e6 4.853465643347141e7 5.117005035693895e7 1.4026799542603707e7 6.667843622807033e7 1.9854923768219206e7 2.1874979132185023e7 3.3065472047999125e7 6.100974243612419e7 9.826419020269964e6 5.162501490845667e7 1.6615138728991266e7 3.164536403396943e6 1.4776676906641055e7 1.9750557726853278e7 1.7034315494077127e7 2.550505895551262e6 7.195843660891706e6 1.1068218150567777e7 1.6748839938909085e7 9821.569882800095 5.4143076356948195e6 799504.3312666935 1.2696341674100761e6 1.027247206071346e6 1.4452227108433686e7 1.5236971748675384e7 4.1767781517534317e6 1.9854923768219206e7 5.912226202987013e6 6.5137406884487895e6 9.845948165725378e6 1.8166949522400193e7 2.926025437889692e6 1.5372447128702719e7 1.8305575846974988e7 3.4864987947297823e6 1.6280067491027432e7 2.175999480871747e7 1.8767399981682934e7 2.8099963461457677e6 7.927954383407335e6 1.2194307261037506e7 1.845287992182526e7 10820.824030331627 5.965163499425358e6 880846.5228430876 1.3988077336292642e6 1.1317601346006824e6 1.5922607918375323e7 1.678719308776582e7 4.601726804694116e6 2.1874979132185023e7 6.5137406884487895e6 7.176453724811331e6 1.0847682578694459e7 2.0015269075677037e7 3.223721538358761e6 1.693645183817041e7 2.7670083835651167e7 5.270072613367793e6 2.460839451828711e7 3.289166566808901e7 2.8368161439520024e7 4.247494595400863e6 1.1983625331860278e7 1.843249876710959e7 2.7892743648951367e7 16356.388380952416 9.016737605101982e6 1.3314575480802332e6 2.1143900406648503e6 1.7107300020514631e6 2.406807082534115e7 2.5374948266405046e7 6.955813219920683e6 3.3065472047999125e7 9.845948165725378e6 1.0847682578694459e7 1.6396986846202351e7 3.0254397782772828e7 4.872867479004861e6 2.560056270057659e7 5.1054607221347526e7 9.723912977697752e6 4.540542500490561e7 6.068904892064441e7 5.234264371907667e7 7.837134485425177e6 2.2111219034964617e7 3.401016022402689e7 5.146544115230127e7 30179.488768783707 1.663695706817153e7 2.456698091443821e6 3.901301986652711e6 3.156501036833851e6 4.4408463301443e7 4.681980816169924e7 1.283430559724395e7 6.100974243612419e7 1.8166949522400193e7 2.0015269075677037e7 3.0254397782772828e7 5.582297490287037e7 8.991022096641812e6 4.723609372080744e7 8.223013955476263e6 1.5661636915700652e6 7.313139083627153e6 9.77476712445206e6 8.430469123039689e6 1.262273274676161e6 3.561301762812925e6 5.477782268261574e6 8.28918414718823e6 4860.802400044347 2.679600090842166e6 395683.4415109862 628355.8414559434 508395.8821547266 7.152565328449568e6 7.540944037375608e6 2.0671332085159186e6 9.826419020269964e6 2.926025437889692e6 3.223721538358761e6 4.872867479004861e6 8.991022096641812e6 1.448122005015979e6 7.607992285287281e6 4.3201212686760284e7 8.228147381014783e6 3.8421007026168585e7 5.135365156783901e7 4.429111899914182e7 6.631599618261845e6 1.8709995596511744e7 2.877860090038316e7 4.354885073543083e7 25537.176447667636 1.4077803353701089e7 2.0788003773192347e6 3.3011903538882174e6 2.670957236964507e6 3.757740138632666e7 3.961782492180532e7 1.0860088755350912e7 5.162501490845667e7 1.5372447128702719e7 1.693645183817041e7 2.560056270057659e7 4.723609372080744e7 7.607992285287281e6 3.9970076010516874e7
