2.8949481631785706e6 716221.445768275 5.582652830521622e6 6.179384847916183e6 4.788833985396404e6 837660.2275048549 3.1306801984023456e6 1.3954456883103775e6 109593.85120541045 539942.7888811678 5.863669301660933e6 415786.9895828136 4.080963052653716e6 1.410197257819675e6 442847.04824564344 2.73628238263219e6 1.52692280952345e6 5.8651399696666915e6 1.2695093852186522e6 2.611907455761451e6 3.6122324001966817e6 197215.18938882052 6.861636341460232e6 5.665781620215039e6 4.736552146200751e6 2.1528967899053167e6 3.897539361791513e6 6.007344152403405e6 5.7581932188449e6 1.9514754901653433e6 3.0737919242338263e6 3.7269726912123007e6 5.388021575755577e6 3.5653078566866782e6 3.322305706274242e6 4.0473615394410575e6 479491.0358193705 716221.445768275 177195.97397390634 1.3811700438561225e6 1.5288038680712297e6 1.1847761711902183e6 207240.40134362233 774542.469000861 345238.69583744067 27113.94544331622 133583.94799719605 1.4506946128290975e6 102867.31990519317 1.0096461466478645e6 348888.29156274017 109562.08376472513 676966.91396619 377766.6474734676 1.4510584618191167e6 314081.5641753552 646196.072859703 893680.3584348975 48791.80562474631 1.6975955436179058e6 1.4017364300513817e6 1.1718414406370393e6 532635.0471722594 964266.4114496916 1.486240330237153e6 1.42459941931602e6 482802.6334720111 760468.0885022816 922067.5531226423 1.3330175137164555e6 882071.0436906051 821951.3656573723 1.0013330014664502e6 118627.94894759356 5.582652830521622e6 1.3811700438561225e6 1.0765654812938578e7 1.1916400007046958e7 9.23484501156586e6 1.6153540500569262e6 6.03724132036929e6 2.690994236363668e6 211342.09980737075 1.0412321633274289e6 1.1307570353252279e7 801808.627806293 7.869778197388094e6 2.7194413402956757e6 853991.5701503317 5.276679832406996e6 2.9445362970557297e6 1.1310406407109663e7 2.4481371559285866e6 5.03683372864171e6 6.965872373796979e6 380312.1414286422 1.3232061986769374e7 1.0925961370058497e7 9.134024084516851e6 4.1516720440304694e6 7.516061747469941e6 1.158463466216604e7 1.1104169007495977e7 3.763248788849943e6 5.927537288756624e6 7.187138929986334e6 1.039032556209126e7 6.875382520134306e6 6.406774252781662e6 7.8049806354723405e6 924656.276189646 6.179384847916183e6 1.5288038680712297e6 1.1916400007046958e7 1.3190148820050128e7 1.0221961327298302e7 1.7880198973449583e6 6.682564485174643e6 2.978635697907389e6 233932.54227389098 1.1525298901001727e6 1.2516241118490728e7 887514.2760994018 8.71098196963419e6 3.0101235242761513e6 945275.0742413682 5.840706272368017e6 3.2592789719408886e6 1.2519380319291176e7 2.7098195259890854e6 5.575222921632689e6 7.710457287227916e6 420963.859936661 1.4646442440536013e7 1.2093841796848508e7 1.0110363610608242e7 4.595445946797663e6 8.3194566254227515e6 1.282292094336533e7 1.2291098120677838e7 4.165503972881912e6 6.561134145283833e6 7.9553751150376275e6 1.1500951660879793e7 7.610294936533965e6 7.091596942086653e6 8.639258170136038e6 1.0234931592697703e6 4.788833985396404e6 1.1847761711902183e6 9.23484501156586e6 1.0221961327298302e7 7.921706934644349e6 1.3856606542086448e6 5.178782792108989e6 2.3083514316257583e6 181290.55501522394 893175.3633629249 9.699703500075206e6 687796.3798196748 6.750744213063024e6 2.3327535326037933e6 732559.2291928042 4.526368462916826e6 2.525841373026276e6 9.702136284543265e6 2.1000271321057756e6 4.320626997730858e6 5.97536822981271e6 326234.097519941 1.135054427756568e7 9.372356963700995e6 7.8352221223967e6 3.5613298523554434e6 6.447324063541825e6 9.937370970889904e6 9.525224572797522e6 3.2281379914972424e6 5.084677998049522e6 6.165172044643911e6 8.912885268279606e6 5.897745475952002e6 5.495770417738257e6 6.695160465319213e6 793175.8493055572 837660.2275048549 207240.40134362233 1.6153540500569262e6 1.7880198973449583e6 1.3856606542086448e6 242379.00549247363 905869.8599837039 403775.57277478516 31711.244954749345 156233.74716223066 1.6966668431981714e6 120308.96743418292 1.1808364939327433e6 408043.9749618711 128138.860619874 791749.9015376405 441818.7946423929 1.697092384529777e6 367335.599983318 755761.7167184512 1.0452081500578208e6 57064.69031537625 1.9854310111488577e6 1.6394075656854534e6 1.3705327780442168e6 622945.8743905389 1.1277624069519548e6 1.7382395075002236e6 1.6661470844502326e6 564664.1359088188 889409.1007589037 1.078408529773977e6 1.5590370274516328e6 1.0316304203104967e6 961317.1624816746 1.171113815108913e6 138741.8867320897 3.1306801984023456e6 774542.469000861 6.03724132036929e6 6.682564485174643e6 5.178782792108989e6 905869.8599837039 3.385607600623548e6 1.509075098444087e6 118517.94246247016 583909.6599105982 6.341140613907859e6 449644.00799875165 4.413270808043307e6 1.5250278699463601e6 478907.5336469315 2.9590944603091255e6 1.6512582384256925e6 6.342731036583683e6 1.3728839585252402e6 2.8245918375386936e6 3.9063720004251986e6 213274.17744359252 7.420370870910963e6 6.127139184213798e6 5.122243707648777e6 2.3282045029642903e6 4.214911153730991e6 6.496514729392539e6 6.227075744603037e6 2.1103817168249926e6 3.324086984908924e6 4.030455450902983e6 5.826761484137185e6 3.8556264495879295e6 3.592836935723161e6 4.376933165321675e6 518535.39564001426 1.3954456883103775e6 345238.69583744067 2.690994236363668e6 2.978635697907389e6 2.3083514316257583e6 403775.57277478516 1.509075098444087e6 672643.7087170423 52827.2903380777 260267.47085213003 2.8264520065521975e6 200420.91573475255 1.9671379157707947e6 679754.3763032136 213464.61809417978 1.3189643605401604e6 736019.3450209404 2.827160909514149e6 611938.901153876 1.2590121798264552e6 1.7411966791470933e6 95063.2170904846 3.3074999301304766e6 2.731064629549836e6 2.283150128192951e6 1.0377562476117172e6 1.8787225852984858e6 2.8957072884039762e6 2.775609595327848e6 940665.5681200996 1.4816533649866157e6 1.7965046968897749e6 2.5971765477679907e6 1.7185777415267834e6 1.6014439332754933e6 1.9509410500273246e6 231128.04126446272 109593.85120541045 27113.94544331622 211342.09980737075 233932.54227389098 181290.55501522394 31711.244954749345 118517.94246247016 52827.2903380777 4148.886800393039 20440.57659364278 221980.52080434505 15740.419137402578 154492.73436255346 53385.73947869137 16764.829895572315 103587.25179000055 57804.61056868259 222036.19578072143 48059.728473605486 98878.79883649778 136748.03066313095 7465.961703989253 259760.4895992205 214489.100615338 179311.32506615898 81502.06399358426 147548.87645878084 227419.60963312103 217987.52007538633 73876.87186265996 116364.32702511744 141091.74587736969 203973.95793662578 134971.61148411853 125772.29598215992 153220.6842145945 18152.058783746448 539942.7888811678 133583.94799719605 1.0412321633274289e6 1.1525298901001727e6 893175.3633629249 156233.74716223066 583909.6599105982 260267.47085213003 20440.57659364278 100705.84992605625 1.0936451284638774e6 77549.29417781129 761148.8868772993 263018.81669055746 82596.32186816345 510349.70492274675 284789.54154230386 1.0939194258052418e6 236778.82964686924 487152.27923629043 673724.960279644 36783.01419097261 1.2797780318209725e6 1.0567366863839307e6 883424.169050643 401541.24750837096 726938.153693644 1.1204422229986545e6 1.0739725653968346e6 363973.7429481995 573299.3098532552 695125.4100410612 1.0049310841445694e6 664972.9663019874 619650.131003358 754881.798925455 89430.86802617165 5.863669301660933e6 1.4506946128290975e6 1.1307570353252279e7 1.2516241118490728e7 9.699703500075206e6 1.6966668431981714e6 6.341140613907859e6 2.8264520065521975e6 221980.52080434505 1.0936451284638774e6 1.1876764536429442e7 842169.6242636213 8.265922712337709e6 2.856331064969607e6 896979.322516789 5.542294405057474e6 3.0927567263857224e6 1.1879743349987486e7 2.5713701215650686e6 5.290375061607976e6 7.316516580470375e6 399456.082339925 1.389813015871248e7 1.1475946332625369e7 9.593807505312616e6 4.360656600756372e6 7.89440108062561e6 1.216777555432427e7 1.1663124486934138e7 3.952681111934788e6 6.225914361808007e6 7.548921129418572e6 1.0913347987466516e7 7.22147169891645e6 6.729274889407257e6 8.197863406813534e6 971201.1092000395 415786.9895828136 102867.31990519317 801808.627806293 887514.2760994018 687796.3798196748 120308.96743418292 449644.00799875165 200420.91573475255 15740.419137402578 77549.29417781129 842169.6242636213 59717.41494553142 586128.402519832 202539.61020946052 63603.91642851439 392998.6135827567 219304.31997787926 842380.8489862495 182333.311608465 375135.2621483783 518806.9529031617 28325.035639307956 985502.6609164878 813748.0019387605 680287.3995880061 309209.8458075288 559784.1711405637 862804.927661725 827020.619695984 280280.7074823756 441473.4284491961 535286.5295643406 773854.7098304195 512067.4143747239 477166.225515024 581302.3844923525 68866.90989878822 4.080963052653716e6 1.0096461466478645e6 7.869778197388094e6 8.71098196963419e6 6.750744213063024e6 1.1808364939327433e6 4.413270808043307e6 1.9671379157707947e6 154492.73436255346 761148.8868772993 8.265922712337709e6 586128.402519832 5.752869653748423e6 1.987932972104376e6 624274.5431002562 3.857294388611284e6 2.1524791528832074e6 8.267995889975417e6 1.7896074831219288e6 3.681965003549447e6 5.092107399469179e6 278011.1614966548 9.67274120704798e6 7.986963549328273e6 6.677043323770423e6 3.0349048620386096e6 5.494300151568409e6 8.468458897590779e6 8.117234731535229e6 2.7509644127029656e6 4.333076299566838e6 5.2538549893712215e6 7.595409568030751e6 5.025958605938898e6 4.683402283113514e6 5.7055021272143535e6 675930.998055943 1.410197257819675e6 348888.29156274017 2.7194413402956757e6 3.0101235242761513e6 2.3327535326037933e6 408043.9749618711 1.5250278699463601e6 679754.3763032136 53385.73947869137 263018.81669055746 2.856331064969607e6 202539.61020946052 1.987932972104376e6 686940.2123520729 215721.2004735375 1.3329074287711806e6 743799.9706799801 2.8570474619038473e6 618407.8445971315 1.2723214801018746e6 1.7596032599670868e6 96068.15169054465 3.3424642540952396e6 2.759935326600015e6 2.3072858205372225e6 1.0487266017778385e6 1.8985829833332342e6 2.926318459946734e6 2.8049511872071624e6 950609.5549261557 1.4973162551910698e6 1.8154959511764515e6 2.624631883861154e6 1.7367452124815003e6 1.6183731564583462e6 1.971564885658553e6 233571.34765382766 442847.04824564344 109562.08376472513 853991.5701503317 945275.0742413682 732559.2291928042 128138.860619874 478907.5336469315 213464.61809417978 16764.829895572315 82596.32186816345 896979.322516789 63603.91642851439 624274.5431002562 215721.2004735375 67743.35742321277 418575.56958282436 233576.98341443314 897204.2940701949 194199.84478994732 399549.6436816161 552571.709694445 30168.472652080953 1.0496406942963505e6 866707.9771686677 724561.5529445264 329333.69955069595 596215.7885049887 918957.6032914533 880844.397363481 298521.80827810394 470205.2001765952 570123.8026256437 824218.3680716967 545393.5516023627 508220.9395341261 619134.4403750749 73348.87462707094 2.73628238263219e6 676966.91396619 5.276679832406996e6 5.840706272368017e6 4.526368462916826e6 791749.9015376405 2.9590944603091255e6 1.3189643605401604e6 103587.25179000055 510349.70492274675 5.542294405057474e6 392998.6135827567 3.857294388611284e6 1.3329074287711806e6 418575.56958282436 2.586312726678503e6 1.4432355081449323e6 5.543684468964678e6 1.1999303509275815e6 2.468754517669364e6 3.4142538385830447e6 186406.25596542459 6.485565052934004e6 5.3552525148545755e6 4.476952077040818e6 2.0349012230240542e6 3.683923749286071e6 5.6780947513000425e6 5.442599235772759e6 1.8445193844213814e6 2.9053241080915728e6 3.522705465067233e6 5.092715891256083e6 3.369901126727057e6 3.140217392982678e6 3.825534500885823e6 453211.1803003892 1.52692280952345e6 377766.6474734676 2.9445362970557297e6 3.2592789719408886e6 2.525841373026276e6 441818.7946423929 1.6512582384256925e6 736019.3450209404 57804.61056868259 284789.54154230386 3.0927567263857224e6 219304.31997787926 2.1524791528832074e6 743799.9706799801 233576.98341443314 1.4432355081449323e6 805366.1533210573 3.093532421284786e6 669595.0075548493 1.377634709074587e6 1.9052500197806584e6 104019.9527205497 3.619128374625889e6 2.9883820718179247e6 2.498265634777468e6 1.1355323238143488e6 2.0557334422184047e6 3.1685371529729418e6 3.037124007721029e6 1.0292938837591256e6 1.6212528640541662e6 1.9657690887406853e6 2.841879224943551e6 1.8804999545728483e6 1.752329947611273e6 2.134756239011555e6 252904.6318918357 5.8651399696666915e6 1.4510584618191167e6 1.1310406407109663e7 1.2519380319291176e7 9.702136284543265e6 1.697092384529777e6 6.342731036583683e6 2.827160909514149e6 222036.19578072143 1.0939194258052418e6 1.1879743349987486e7 842380.8489862495 8.267995889975417e6 2.8570474619038473e6 897204.2940701949 5.543684468964678e6 3.093532421284786e6 1.188272291066232e7 2.572015047391237e6 5.291701941577038e6 7.3183516373767145e6 399556.26999543223 1.3901615951364279e7 1.1478824616893962e7 9.596213729986215e6 4.361750297862555e6 7.896381076852652e6 1.217082735641071e7 1.166604971739099e7 3.9536724846315132e6 6.227475884565765e6 7.550814475753757e6 1.0916085166337831e7 7.223282917598085e6 6.730962660114074e6 8.19991951448396e6 971444.6963337911 1.2695093852186522e6 314081.5641753552 2.4481371559285866e6 2.7098195259890854e6 2.1000271321057756e6 367335.599983318 1.3728839585252402e6 611938.901153876 48059.728473605486 236778.82964686924 2.5713701215650686e6 182333.311608465 1.7896074831219288e6 618407.8445971315 194199.84478994732 1.1999303509275815e6 669595.0075548493 2.572015047391237e6 556712.5863105921 1.1453887398007964e6 1.5840570107499086e6 86483.94365786717 3.009004390557656e6 2.4845912728070696e6 2.0771001980834063e6 944100.7320804726 1.7091714670361208e6 2.6343752467543194e6 2.5251161406633756e6 855772.3006234904 1.347936984038992e6 1.6343735857268895e6 2.362786334202272e6 1.5634793889669876e6 1.456916682767031e6 1.7748723535180253e6 210269.1778192492 2.611907455761451e6 646196.072859703 5.03683372864171e6 5.575222921632689e6 4.320626997730858e6 755761.7167184512 2.8245918375386936e6 1.2590121798264552e6 98878.79883649778 487152.27923629043 5.290375061607976e6 375135.2621483783 3.681965003549447e6 1.2723214801018746e6 399549.6436816161 2.468754517669364e6 1.377634709074587e6 5.291701941577038e6 1.1453887398007964e6 2.356539797234859e6 3.25906241017374e6 177933.34958664447 6.190770303571137e6 5.111834969890281e6 4.273456783309432e6 1.9424068619123434e6 3.5164747499345946e6 5.4200027415204365e6 5.195211434633315e6 1.7606786357452946e6 2.773265561878195e6 3.3625844785104943e6 4.861231680938903e6 3.2167257056306745e6 2.9974820119089102e6 3.651648729150721e6 432610.92801479046 3.6122324001966817e6 893680.3584348975 6.965872373796979e6 7.710457287227916e6 5.97536822981271e6 1.0452081500578208e6 3.9063720004251986e6 1.7411966791470933e6 136748.03066313095 673724.960279644 7.316516580470375e6 518806.9529031617 5.092107399469179e6 1.7596032599670868e6 552571.709694445 3.4142538385830447e6 1.9052500197806584e6 7.3183516373767145e6 1.5840570107499086e6 3.25906241017374e6 4.5072388787452765e6 246079.39650948413 8.561750923987372e6 7.069598067866057e6 5.910132466393355e6 2.686322206970624e6 4.863236635037726e6 7.495789894426901e6 7.184906581838977e6 2.434994547890333e6 3.835388460976544e6 4.650408487820259e6 6.723017136007537e6 4.4486877935869275e6 4.1454767543697385e6 5.0501804053121805e6 598295.015164926 197215.18938882052 48791.80562474631 380312.1414286422 420963.859936661 326234.097519941 57064.69031537625 213274.17744359252 95063.2170904846 7465.961703989253 36783.01419097261 399456.082339925 28325.035639307956 278011.1614966548 96068.15169054465 30168.472652080953 186406.25596542459 104019.9527205497 399556.26999543223 86483.94365786717 177933.34958664447 246079.39650948413 13435.069898786727 467441.49957852694 385975.19965247245 322672.4541890823 146663.74809612468 265515.6224082906 409243.7750039885 392270.639120895 132942.14151248688 209398.72574920734 253895.95381817466 367053.0992606731 242882.71311010042 226328.45637934766 275722.09501999995 32664.80437961676 6.861636341460232e6 1.6975955436179058e6 1.3232061986769374e7 1.4646442440536013e7 1.135054427756568e7 1.9854310111488577e6 7.420370870910963e6 3.3074999301304766e6 259760.4895992205 1.2797780318209725e6 1.389813015871248e7 985502.6609164878 9.67274120704798e6 3.3424642540952396e6 1.0496406942963505e6 6.485565052934004e6 3.619128374625889e6 1.3901615951364279e7 3.009004390557656e6 6.190770303571137e6 8.561750923987372e6 467441.49957852694 1.6263522048958901e7 1.3429094711443681e7 1.1226625316809785e7 5.102818434167652e6 9.237988461173952e6 1.4238669789006239e7 1.364812964671343e7 4.625407567949422e6 7.285533689920103e6 8.833709558921289e6 1.2770744955993814e7 8.450529881362155e6 7.874563649036874e6 9.593098549842373e6 1.1364946559769048e6 5.665781620215039e6 1.4017364300513817e6 1.0925961370058497e7 1.2093841796848508e7 9.372356963700995e6 1.6394075656854534e6 6.127139184213798e6 2.731064629549836e6 214489.100615338 1.0567366863839307e6 1.1475946332625369e7 813748.0019387605 7.986963549328273e6 2.759935326600015e6 866707.9771686677 5.3552525148545755e6 2.9883820718179247e6 1.1478824616893962e7 2.4845912728070696e6 5.111834969890281e6 7.069598067866057e6 385975.19965247245 1.3429094711443681e7 1.1088654980516292e7 9.270034757261023e6 4.213492738009035e6 7.627980065749064e6 1.1757136282406734e7 1.1269516228282774e7 3.819285645632793e6 6.015801598867932e6 7.294159405510402e6 1.0545043258985285e7 6.977760770211632e6 6.502174666463293e6 7.921201115861187e6 938424.9197817794 4.736552146200751e6 1.1718414406370393e6 9.134024084516851e6 1.0110363610608242e7 7.8352221223967e6 1.3705327780442168e6 5.122243707648777e6 2.283150128192951e6 179311.32506615898 883424.169050643 9.593807505312616e6 680287.3995880061 6.677043323770423e6 2.3072858205372225e6 724561.5529445264 4.476952077040818e6 2.498265634777468e6 9.596213729986215e6 2.0771001980834063e6 4.273456783309432e6 5.910132466393355e6 322672.4541890823 1.1226625316809785e7 9.270034757261023e6 7.749681503466378e6 3.522449223953765e6 6.376935747521625e6 9.828880254211904e6 9.421233442402078e6 3.1928949674359546e6 5.029166297650975e6 6.097864108216265e6 8.815579319527464e6 5.833357154800984e6 5.435770637810067e6 6.622066408623084e6 784516.3943455965 2.1528967899053167e6 532635.0471722594 4.1516720440304694e6 4.595445946797663e6 3.5613298523554434e6 622945.8743905389 2.3282045029642903e6 1.0377562476117172e6 81502.06399358426 401541.24750837096 4.360656600756372e6 309209.8458075288 3.0349048620386096e6 1.0487266017778385e6 329333.69955069595 2.0349012230240542e6 1.1355323238143488e6 4.361750297862555e6 944100.7320804726 1.9424068619123434e6 2.686322206970624e6 146663.74809612468 5.102818434167652e6 4.213492738009035e6 3.522449223953765e6 1.6010527051702223e6 2.8984974885759214e6 4.467503807517399e6 4.28221681278549e6 1.4512609834584866e6 2.2858981900574006e6 2.7716515428607366e6 4.0069299001362626e6 2.6514256584329335e6 2.470711351967215e6 3.009916300636506e6 356584.86909501953 3.897539361791513e6 964266.4114496916 7.516061747469941e6 8.3194566254227515e6 6.447324063541825e6 1.1277624069519548e6 4.214911153730991e6 1.8787225852984858e6 147548.87645878084 726938.153693644 7.89440108062561e6 559784.1711405637 5.494300151568409e6 1.8985829833332342e6 596215.7885049887 3.683923749286071e6 2.0557334422184047e6 7.896381076852652e6 1.7091714670361208e6 3.5164747499345946e6 4.863236635037726e6 265515.6224082906 9.237988461173952e6 7.627980065749064e6 6.376935747521625e6 2.8984974885759214e6 5.247352360200851e6 8.087834038490205e6 7.752396056241445e6 2.6273190771539384e6 4.1383210818891716e6 5.017714289009178e6 7.254024939303874e6 4.80006097694113e6 4.472901251499778e6 5.4490616143027535e6 645550.4832529549 6.007344152403405e6 1.486240330237153e6 1.158463466216604e7 1.282292094336533e7 9.937370970889904e6 1.7382395075002236e6 6.496514729392539e6 2.8957072884039762e6 227419.60963312103 1.1204422229986545e6 1.216777555432427e7 862804.927661725 8.468458897590779e6 2.926318459946734e6 918957.6032914533 5.6780947513000425e6 3.1685371529729418e6 1.217082735641071e7 2.6343752467543194e6 5.4200027415204365e6 7.495789894426901e6 409243.7750039885 1.4238669789006239e7 1.1757136282406734e7 9.828880254211904e6 4.467503807517399e6 8.087834038490205e6 1.2465917084260182e7 1.1948900778816165e7 4.0495318788477443e6 6.37846514027957e6 7.733888947475551e6 1.118075284311821e7 7.398416170902433e6 6.894159284416844e6 8.398731965524286e6 994998.013020266 5.7581932188449e6 1.42459941931602e6 1.1104169007495977e7 1.2291098120677838e7 9.525224572797522e6 1.6661470844502326e6 6.227075744603037e6 2.775609595327848e6 217987.52007538633 1.0739725653968346e6 1.1663124486934138e7 827020.619695984 8.117234731535229e6 2.8049511872071624e6 880844.397363481 5.442599235772759e6 3.037124007721029e6 1.166604971739099e7 2.5251161406633756e6 5.195211434633315e6 7.184906581838977e6 392270.639120895 1.364812964671343e7 1.1269516228282774e7 9.421233442402078e6 4.28221681278549e6 7.752396056241445e6 1.1948900778816165e7 1.1453327409201752e7 3.881580014847047e6 6.113922190174867e6 7.413130621929906e6 1.071703794047936e7 7.0915713740886515e6 6.608228234316064e6 8.050399681434844e6 953731.07749208 1.9514754901653433e6 482802.6334720111 3.763248788849943e6 4.165503972881912e6 3.2281379914972424e6 564664.1359088188 2.1103817168249926e6 940665.5681200996 73876.87186265996 363973.7429481995 3.952681111934788e6 280280.7074823756 2.7509644127029656e6 950609.5549261557 298521.80827810394 1.8445193844213814e6 1.0292938837591256e6 3.9536724846315132e6 855772.3006234904 1.7606786357452946e6 2.434994547890333e6 132942.14151248688 4.625407567949422e6 3.819285645632793e6 3.1928949674359546e6 1.4512609834584866e6 2.6273190771539384e6 4.0495318788477443e6 3.881580014847047e6 1.3154835161313252e6 2.0720335093753026e6 2.512340618711017e6 3.6320484695740934e6 2.4033628600723287e6 2.239555871533139e6 2.7283137378822556e6 323223.4055369426 3.0737919242338263e6 760468.0885022816 5.927537288756624e6 6.561134145283833e6 5.084677998049522e6 889409.1007589037 3.324086984908924e6 1.4816533649866157e6 116364.32702511744 573299.3098532552 6.225914361808007e6 441473.4284491961 4.333076299566838e6 1.4973162551910698e6 470205.2001765952 2.9053241080915728e6 1.6212528640541662e6 6.227475884565765e6 1.347936984038992e6 2.773265561878195e6 3.835388460976544e6 209398.72574920734 7.285533689920103e6 6.015801598867932e6 5.029166297650975e6 2.2858981900574006e6 4.1383210818891716e6 6.37846514027957e6 6.113922190174867e6 2.0720335093753026e6 3.263684273749219e6 3.9572171639543576e6 5.720882127633981e6 3.785565018635165e6 3.5275507104656254e6 4.297398956093542e6 509112.9756278059 3.7269726912123007e6 922067.5531226423 7.187138929986334e6 7.9553751150376275e6 6.165172044643911e6 1.078408529773977e6 4.030455450902983e6 1.7965046968897749e6 141091.74587736969 695125.4100410612 7.548921129418572e6 535286.5295643406 5.2538549893712215e6 1.8154959511764515e6 570123.8026256437 3.522705465067233e6 1.9657690887406853e6 7.550814475753757e6 1.6343735857268895e6 3.3625844785104943e6 4.650408487820259e6 253895.95381817466 8.833709558921289e6 7.294159405510402e6 6.097864108216265e6 2.7716515428607366e6 5.017714289009178e6 7.733888947475551e6 7.413130621929906e6 2.512340618711017e6 3.9572171639543576e6 4.798125789510191e6 6.936569548262767e6 4.589997564255616e6 4.277155217020417e6 5.210596210606255e6 617299.4801460495 5.388021575755577e6 1.3330175137164555e6 1.039032556209126e7 1.1500951660879793e7 8.912885268279606e6 1.5590370274516328e6 5.826761484137185e6 2.5971765477679907e6 203973.95793662578 1.0049310841445694e6 1.0913347987466516e7 773854.7098304195 7.595409568030751e6 2.624631883861154e6 824218.3680716967 5.092715891256083e6 2.841879224943551e6 1.0916085166337831e7 2.362786334202272e6 4.861231680938903e6 6.723017136007537e6 367053.0992606731 1.2770744955993814e7 1.0545043258985285e7 8.815579319527464e6 4.0069299001362626e6 7.254024939303874e6 1.118075284311821e7 1.071703794047936e7 3.6320484695740934e6 5.720882127633981e6 6.936569548262767e6 1.0028081632015353e7 6.63568208245453e6 6.183411176180467e6 7.532871080996476e6 892419.4495902613 3.5653078566866782e6 882071.0436906051 6.875382520134306e6 7.610294936533965e6 5.897745475952002e6 1.0316304203104967e6 3.8556264495879295e6 1.7185777415267834e6 134971.61148411853 664972.9663019874 7.22147169891645e6 512067.4143747239 5.025958605938898e6 1.7367452124815003e6 545393.5516023627 3.369901126727057e6 1.8804999545728483e6 7.223282917598085e6 1.5634793889669876e6 3.2167257056306745e6 4.4486877935869275e6 242882.71311010042 8.450529881362155e6 6.977760770211632e6 5.833357154800984e6 2.6514256584329335e6 4.80006097694113e6 7.398416170902433e6 7.0915713740886515e6 2.4033628600723287e6 3.785565018635165e6 4.589997564255616e6 6.63568208245453e6 4.390897313682804e6 4.091625123915524e6 4.984576262525151e6 590522.8905171885 3.322305706274242e6 821951.3656573723 6.406774252781662e6 7.091596942086653e6 5.495770417738257e6 961317.1624816746 3.592836935723161e6 1.6014439332754933e6 125772.29598215992 619650.131003358 6.729274889407257e6 477166.225515024 4.683402283113514e6 1.6183731564583462e6 508220.9395341261 3.140217392982678e6 1.752329947611273e6 6.730962660114074e6 1.456916682767031e6 2.9974820119089102e6 4.1454767543697385e6 226328.45637934766 7.874563649036874e6 6.502174666463293e6 5.435770637810067e6 2.470711351967215e6 4.472901251499778e6 6.894159284416844e6 6.608228234316064e6 2.239555871533139e6 3.5275507104656254e6 4.277155217020417e6 6.183411176180467e6 4.091625123915524e6 3.812750551575782e6 4.644840453058742e6 550274.3795802393 4.0473615394410575e6 1.0013330014664502e6 7.8049806354723405e6 8.639258170136038e6 6.695160465319213e6 1.171113815108913e6 4.376933165321675e6 1.9509410500273246e6 153220.6842145945 754881.798925455 8.197863406813534e6 581302.3844923525 5.7055021272143535e6 1.971564885658553e6 619134.4403750749 3.825534500885823e6 2.134756239011555e6 8.19991951448396e6 1.7748723535180253e6 3.651648729150721e6 5.0501804053121805e6 275722.09501999995 9.593098549842373e6 7.921201115861187e6 6.622066408623084e6 3.009916300636506e6 5.4490616143027535e6 8.398731965524286e6 8.050399681434844e6 2.7283137378822556e6 4.297398956093542e6 5.210596210606255e6 7.532871080996476e6 4.984576262525151e6 4.644840453058742e6 5.658524611701739e6 670365.5704671651 479491.0358193705 118627.94894759356 924656.276189646 1.0234931592697703e6 793175.8493055572 138741.8867320897 518535.39564001426 231128.04126446272 18152.058783746448 89430.86802617165 971201.1092000395 68866.90989878822 675930.998055943 233571.34765382766 73348.87462707094 453211.1803003892 252904.6318918357 971444.6963337911 210269.1778192492 432610.92801479046 598295.015164926 32664.80437961676 1.1364946559769048e6 938424.9197817794 784516.3943455965 356584.86909501953 645550.4832529549 994998.013020266 953731.07749208 323223.4055369426 509112.9756278059 617299.4801460495 892419.4495902613 590522.8905171885 550274.3795802393 670365.5704671651 79418.22805514291
