9.085834703454422e6 5.251451127406934e6 4.159424242191478e6 4.683109683926533e6 1.5474294753904804e6 2.5978786977395313e6 7.965520576356626e6 3.154217882203865e6 9.16265054318089e6 2.548718488445436e6 705128.369685223 136690.63541282422 5.251451127406934e6 3.035245505078201e6 2.404073355826679e6 2.706754242411658e6 894386.7600884782 1.5015277584704256e6 4.603929454625366e6 1.8230819285418992e6 5.295849318800501e6 1.473114030403935e6 407551.6771774665 79004.7601429212 4.159424242191478e6 2.404073355826679e6 1.9041519674524136e6 2.1438910770366304e6 708401.1412373252 1.18928859992823e6 3.6465531751723434e6 1.4439763381788707e6 4.1945899343233295e6 1.1667834396471032e6 322802.2664346487 62575.90647125624 4.683109683926533e6 2.706754242411658e6 2.1438910770366304e6 2.4138141433882946e6 797591.2173087738 1.3390240175099045e6 4.10566643199761e6 1.6257777949390868e6 4.722702854465416e6 1.3136853821810554e6 363444.15282271284 70454.42265865667 1.5474294753904804e6 894386.7600884782 708401.1412373252 797591.2173087738 263546.2848995984 442450.71604073717 1.3566261910969228e6 537202.1263902453 1.5605121583193713e6 434078.1273506605 120092.039839785 23280.097553088737 2.5978786977395313e6 1.5015277584704256e6 1.18928859992823e6 1.3390240175099045e6 442450.71604073717 742801.7291138803 2.277551474038502e6 901873.7090925799 2.6198423631800325e6 728745.5345351928 201614.71461511226 39083.441588965536 7.965520576356626e6 4.603929454625366e6 3.6465531751723434e6 4.10566643199761e6 1.3566261910969228e6 2.277551474038502e6 6.983344967550134e6 2.765292156751919e6 8.032864763423849e6 2.2344528847012743e6 618183.658521212 119836.21808155373 3.154217882203865e6 1.8230819285418992e6 1.4439763381788707e6 1.6257777949390868e6 537202.1263902453 901873.7090925799 2.765292156751919e6 1.095011165526928e6 3.180885095862244e6 884807.3617167724 244790.77437593904 47453.212678964504 9.16265054318089e6 5.295849318800501e6 4.1945899343233295e6 4.722702854465416e6 1.5605121583193713e6 2.6198423631800325e6 8.032864763423849e6 3.180885095862244e6 9.240115819467176e6 2.570266530788962e6 711089.8503416709 137846.28112779508 2.548718488445436e6 1.473114030403935e6 1.1667834396471032e6 1.3136853821810554e6 434078.1273506605 728745.5345351928 2.2344528847012743e6 884807.3617167724 2.570266530788962e6 714955.3283061414 197799.51663228404 38343.857338893 705128.369685223 407551.6771774665 322802.2664346487 363444.15282271284 120092.039839785 201614.71461511226 618183.658521212 244790.77437593904 711089.8503416709 197799.51663228404 54723.20749417812 10608.210257582248 136690.63541282422 79004.7601429212 62575.90647125624 70454.42265865667 23280.097553088737 39083.441588965536 119836.21808155373 47453.212678964504 137846.28112779508 38343.857338893 10608.210257582248 2056.4241392656945
855616.4340018196 4.63748571495059e6 4.143633711444929e6 2.7903371254906696e6 3.8403474178294293e6 5.051500320171701e6 2.0060724015636472e6 4.408912761195633e6 568800.4363258642 3.7457437934910725e6 5.325718641265371e6 1.0277108936505022e6 4.63748571495059e6 2.5135414540582623e7 2.2458710914349604e7 1.5123772808846906e7 2.081488337868168e7 2.7379395302515633e7 1.0873017085350014e7 2.3896537205203597e7 3.082928042629495e6 2.030212679872713e7 2.8865672910464104e7 5.57024666545053e6 4.143633711444929e6 2.2458710914349604e7 2.0067053006822404e7 1.3513222186958238e7 1.8598278845289998e7 2.44637271892253e7 9.715135077338567e6 2.1351763269277174e7 2.754622947131732e6 1.8140126393495865e7 2.5791729123766385e7 4.977063711401736e6 2.7903371254906696e6 1.5123772808846906e7 1.3513222186958238e7 9.099850078236079e6 1.2524144638775015e7 1.6473957631782847e7 6.542205217266043e6 1.4378350475427626e7 1.8549725220354698e6 1.2215623209420692e7 1.736823868042825e7 3.3515717404021844e6 3.8403474178294293e6 2.081488337868168e7 1.8598278845289998e7 1.2524144638775015e7 1.7237009135799047e7 2.2673145862804536e7 9.00405212098515e6 1.9788956902920894e7 2.5530029579815664e6 1.6812390381404784e7 2.390394693146582e7 4.612775912036173e6 5.051500320171701e6 2.7379395302515633e7 2.44637271892253e7 1.6473957631782847e7 2.2673145862804536e7 2.982370893151934e7 1.1843712878900623e7 2.602991637341724e7 3.358158483206267e6 2.211461259995045e7 3.144267495619328e7 6.067534121613676e6 2.0060724015636472e6 1.0873017085350014e7 9.715135077338567e6 6.542205217266043e6 9.00405212098515e6 1.1843712878900623e7 4.703423543997496e6 1.0337106511347728e7 1.3336055876975476e6 8.782245114561208e6 1.2486643266967433e7 2.40956388705152e6 4.408912761195633e6 2.3896537205203597e7 2.1351763269277174e7 1.4378350475427626e7 1.9788956902920894e7 2.602991637341724e7 1.0337106511347728e7 2.27187218049535e7 2.930976314423401e6 1.930147313095789e7 2.7442938151842955e7 5.29569967776686e6 568800.4363258642 3.082928042629495e6 2.754622947131732e6 1.8549725220354698e6 2.5530029579815664e6 3.358158483206267e6 1.3336055876975476e6 2.930976314423401e6 378129.64256809186 2.4901119467021464e6 3.540454538410711e6 683206.1441260328 3.7457437934910725e6 2.030212679872713e7 1.8140126393495865e7 1.2215623209420692e7 1.6812390381404784e7 2.211461259995045e7 8.782245114561208e6 1.930147313095789e7 2.4901119467021464e6 1.639823174135883e7 2.3315093952902082e7 4.499144182387625e6 5.325718641265371e6 2.8865672910464104e7 2.5791729123766385e7 1.736823868042825e7 2.390394693146582e7 3.144267495619328e7 1.2486643266967433e7 2.7442938151842955e7 3.540454538410711e6 2.3315093952902082e7 3.3149525790736675e7 6.396907360166871e6 1.0277108936505022e6 5.57024666545053e6 4.977063711401736e6 3.3515717404021844e6 4.612775912036173e6 6.067534121613676e6 2.40956388705152e6 5.29569967776686e6 683206.1441260328 4.499144182387625e6 6.396907360166871e6 1.2344195821344727e6
460529.7248856844 3.461685076917957e6 315049.46485498245 3.0298401300915387e6 4.862426287239934e6 2.4491548658847106e6 4.855591649506292e6 4.967271070260055e6 1.5222329119343185e6 1.6951372179131326e6 2.164223587907943e6 2.939651582695492e6 3.461685076917957e6 2.602060827828441e7 2.3681468796616704e6 2.277453939892485e7 3.654962450106833e7 1.840967562386688e7 3.649825026359742e7 3.733771612938514e7 1.1442238513799349e7 1.2741916305260673e7 1.6267919512110628e7 2.2096614974595238e7 315049.46485498245 2.3681468796616704e6 215526.0777793416 2.0727207387502163e6 3.3263972267414434e6 1.6754725876499873e6 3.3217216350388746e6 3.3981217886934974e6 1.041363105082072e6 1.1596473463072595e6 1.4805504321489292e6 2.0110225419612343e6 3.0298401300915387e6 2.277453939892485e7 2.0727207387502163e6 1.9933417362346835e7 3.199006165855749e7 1.6113070007171486e7 3.194509635325571e7 3.2679838916917853e7 1.0014820140153922e7 1.1152363227194127e7 1.4238497805460574e7 1.9340063957758162e7 4.862426287239934e6 3.654962450106833e7 3.3263972267414434e6 3.199006165855749e7 5.133911693693778e7 2.5858993150454078e7 5.126695455439434e7 5.244610309111826e7 1.6072242303422501e7 1.789782357893529e7 2.2850593776374564e7 3.1037820923661653e7 2.4491548658847106e6 1.840967562386688e7 1.6754725876499873e6 1.6113070007171486e7 2.5858993150454078e7 1.3024912905623425e7 2.58226456893514e7 2.6416570862859275e7 8.095425640981637e6 9.014952436837317e6 1.150961261513127e7 1.5633435994932795e7 4.855591649506292e6 3.649825026359742e7 3.3217216350388746e6 3.194509635325571e7 5.126695455439434e7 2.58226456893514e7 5.1194893603464164e7 5.237238472625385e7 1.6049651122143418e7 1.787266635635617e7 2.2818474928450845e7 3.0994194090158474e7 4.967271070260055e6 3.733771612938514e7 3.3981217886934974e6 3.2679838916917853e7 5.244610309111826e7 2.6416570862859275e7 5.237238472625385e7 5.357695834197707e7 1.6418795784628205e7 1.82837406743965e7 2.3343303671566583e7 3.170706574259048e7 1.5222329119343185e6 1.1442238513799349e7 1.041363105082072e6 1.0014820140153922e7 1.6072242303422501e7 8.095425640981637e6 1.6049651122143418e7 1.6418795784628205e7 5.031581921777629e6 5.603099048585124e6 7.153615057346878e6 9.716711315235209e6 1.6951372179131326e6 1.2741916305260673e7 1.1596473463072595e6 1.1152363227194127e7 1.789782357893529e7 9.014952436837317e6 1.787266635635617e7 1.82837406743965e7 5.603099048585124e6 6.239532504156059e6 7.966165381960753e6 1.082039342142641e7 2.164223587907943e6 1.6267919512110628e7 1.4805504321489292e6 1.4238497805460574e7 2.2850593776374564e7 1.150961261513127e7 2.2818474928450845e7 2.3343303671566583e7 7.153615057346878e6 7.966165381960753e6 1.0170600257387921e7 1.3814663748533785e7 2.939651582695492e6 2.2096614974595238e7 2.0110225419612343e6 1.9340063957758162e7 3.1037820923661653e7 1.5633435994932795e7 3.0994194090158474e7 3.170706574259048e7 9.716711315235209e6 1.082039342142641e7 1.3814663748533785e7 1.876437276614267e7
5.071866206098135e7 1.3638837189997493e6 3.415490309682197e7 6.378729593387225e7 1.4079088814030038e7 4.939236577236136e7 3.414751096154287e7 4.866153538421945e7 2.6704202883364003e7 1.6970666944053523e7 7.84632368784475e7 5.754839657245932e6 1.3638837189997493e6 36676.41699057459 918465.0060713426 1.7153144595696372e6 378603.0473106592 1.328218071659848e6 918266.2229696966 1.3085651938584077e6 718107.025333105 456360.9410227014 2.1099675537549984e6 154754.32109259305 3.415490309682197e7 918465.0060713426 2.3000555577564217e7 4.295556749525894e7 9.481123803237839e6 3.3261750174904898e7 2.299557757432287e7 3.2769595215115394e7 1.7983113605452307e7 1.142836702327973e7 5.28386227740825e7 3.8754175059794523e6 6.378729593387225e7 1.7153144595696372e6 4.295556749525894e7 8.022331341594283e7 1.7706835475668065e7 6.2119254025422856e7 4.294627063486336e7 6.12001112020214e7 3.35850517892456e7 2.134348404644372e7 9.868079139543079e7 7.237684224149417e6 1.4079088814030038e7 378603.0473106592 9.481123803237839e6 1.7706835475668065e7 3.908240749628134e6 1.3710919732228398e7 9.479071806499543e6 1.350804714993767e7 7.412869914642307e6 4.710919362410923e6 2.1780757531019244e7 1.597496766524522e6 4.939236577236136e7 1.328218071659848e6 3.3261750174904898e7 6.2119254025422856e7 1.3710919732228398e7 4.810075221734922e7 3.325455134444077e7 4.7389033091058776e7 2.600588625324122e7 1.6526882907395745e7 7.64114181664343e7 5.604350228525763e6 3.414751096154287e7 918266.2229696966 2.299557757432287e7 4.294627063486336e7 9.479071806499543e6 3.325455134444077e7 2.2990600648469247e7 3.276250290159938e7 1.797922152564947e7 1.1425893585284142e7 5.2827186927041724e7 3.8745787505484675e6 4.866153538421945e7 1.3085651938584077e6 3.2769595215115394e7 6.12001112020214e7 1.350804714993767e7 4.7389033091058776e7 3.276250290159938e7 4.6687844862755924e7 2.562109213278899e7 1.628234413989361e7 7.528080242200083e7 5.521425886094516e6 2.6704202883364003e7 718107.025333105 1.7983113605452307e7 3.35850517892456e7 7.412869914642307e6 2.600588625324122e7 1.797922152564947e7 2.562109213278899e7 1.4060198409383444e7 8.935332966692135e6 4.13121740863006e7 3.030016950832611e6 1.6970666944053523e7 456360.9410227014 1.142836702327973e7 2.134348404644372e7 4.710919362410923e6 1.6526882907395745e7 1.1425893585284142e7 1.628234413989361e7 8.935332966692135e6 5.6784529564228505e6 2.6254112516128667e7 1.9255923396032536e6 7.84632368784475e7 2.1099675537549984e6 5.28386227740825e7 9.868079139543079e7 2.1780757531019244e7 7.64114181664343e7 5.2827186927041724e7 7.528080242200083e7 4.13121740863006e7 2.6254112516128667e7 1.2138489643203029e8 8.902903366832906e6 5.754839657245932e6 154754.32109259305 3.8754175059794523e6 7.237684224149417e6 1.597496766524522e6 5.604350228525763e6 3.8745787505484675e6 5.521425886094516e6 3.030016950832611e6 1.9255923396032536e6 8.902903366832906e6 652978.1767663939
4.0980591198529586e7 1.032638982545442e8 4.114055383303835e7 6.946103924298532e7 3.0217729530479897e7 5.992322318261301e7 3.88423864285477e7 1.2724340403981028e7 3.5687796830080345e7 4.336458073728165e7 5.3951266829666264e7 6.6957240231941864e7 1.032638982545442e8 2.602069021177876e8 1.0366697602212493e8 1.7502962937489063e8 7.614337559461011e7 1.5099600666658318e8 9.787599746157777e7 3.2063104860235125e7 8.992698526326998e7 1.092711335327513e8 1.3594772465855303e8 1.687204952515279e8 4.114055383303835e7 1.0366697602212493e8 4.130114086177108e7 6.973217175981985e7 3.033568067474602e7 6.015712602218189e7 3.899400284700339e7 1.2774008282210179e7 3.5827099700873435e7 4.353384897808127e7 5.4161858881287724e7 6.72185994811301e7 6.946103924298532e7 1.7502962937489063e8 6.973217175981985e7 1.1773466003312966e8 5.121826785226789e7 1.0156830917566161e8 6.58368376125662e7 2.156742697684027e7 6.048989005797561e7 7.350183968200059e7 9.144599804110888e7 1.1349078564585929e8 3.0217729530479897e7 7.614337559461011e7 3.033568067474602e7 5.121826785226789e7 2.2281552102401096e7 4.4185398447637655e7 2.864108821002933e7 9.382506829112124e6 2.631499840804589e7 3.1975604392179992e7 3.978187579060847e7 4.937204945712895e7 5.992322318261301e7 1.5099600666658318e8 6.015712602218189e7 1.0156830917566161e8 4.4185398447637655e7 8.762178806054144e7 5.679666697894483e7 1.86059660824672e7 5.218391808904371e7 6.340917428818858e7 7.888938906608057e7 9.79071685587213e7 3.88423864285477e7 9.787599746157777e7 3.899400284700339e7 6.58368376125662e7 2.864108821002933e7 5.679666697894483e7 3.68157447059661e7 1.2060434770827506e7 3.382574908551388e7 4.110198884514596e7 5.113630363104122e7 6.346367690692331e7 1.2724340403981028e7 3.2063104860235125e7 1.2774008282210179e7 2.156742697684027e7 9.382506829112124e6 1.86059660824672e7 1.2060434770827506e7 3.950866348706885e6 1.1080944951090675e7 1.346456140917969e7 1.6751693040273068e7 2.0790005519806452e7 3.5687796830080345e7 8.992698526326998e7 3.5827099700873435e7 6.048989005797561e7 2.631499840804589e7 5.218391808904371e7 3.382574908551388e7 1.1080944951090675e7 3.1078586358480617e7 3.776388533480336e7 4.6983261905984096e7 5.830946591581045e7 4.336458073728165e7 1.092711335327513e8 4.353384897808127e7 7.350183968200059e7 3.1975604392179992e7 6.340917428818858e7 4.110198884514596e7 1.346456140917969e7 3.776388533480336e7 4.588725558912122e7 5.708980758671031e7 7.085238560657437e7 5.3951266829666264e7 1.3594772465855303e8 5.4161858881287724e7 9.144599804110888e7 3.978187579060847e7 7.888938906608057e7 5.113630363104122e7 1.6751693040273068e7 4.6983261905984096e7 5.708980758671031e7 7.102726211110118e7 8.814972718258825e7 6.6957240231941864e7 1.687204952515279e8 6.72185994811301e7 1.1349078564585929e8 4.937204945712895e7 9.79071685587213e7 6.346367690692331e7 2.0790005519806452e7 5.830946591581045e7 7.085238560657437e7 8.814972718258825e7 1.093998863451935e8
8.174722597124393e7 2.029499140363113e8 1.2025377408644004e7 1.0722154391725917e8 1.4018874984192783e8 1.9859780824603635e8 1.8821778341985953e8 2.6853198522391353e7 8.74576522267605e7 1.4555425974460438e8 1.2339024359431398e8 4.971976810198532e7 2.029499140363113e8 5.038540099432243e8 2.9854827272022758e7 2.6619378042874524e8 3.480398801457246e8 4.9304924579961985e8 4.672792564068494e8 6.666714701287126e7 2.1712691519932884e8 3.613605740355972e8 3.063350350162894e8 1.2343688170841189e8 1.2025377408644004e7 2.9854827272022758e7 1.7689860432841436e6 1.5772761908717271e7 2.0622383270695735e7 2.921461331945621e7 2.7687665896313317e7 3.950223913097558e6 1.2865406291226178e7 2.141167343685011e7 1.8151248927860897e7 7.313997129480025e6 1.0722154391725917e8 2.6619378042874524e8 1.5772761908717271e7 1.4063424591367573e8 1.8387479231612635e8 2.6048545826147476e8 2.4687077868624777e8 3.5221273510862485e7 1.1471147048378904e8 1.9091231865213552e8 1.6184148471488157e8 6.521359270317317e7 1.4018874984192783e8 3.480398801457246e8 2.0622383270695735e7 1.8387479231612635e8 2.4041042798389125e8 3.405764309256486e8 3.2277567149410796e8 4.605069206183687e7 1.4998159000640014e8 2.496117692720385e8 2.1160258084185854e8 8.52646930808363e7 1.9859780824603635e8 4.9304924579961985e8 2.921461331945621e7 2.6048545826147476e8 3.405764309256486e8 4.824761815649078e8 4.572588098984574e8 6.523752099941103e7 2.1247079445470777e8 3.536114727161652e8 2.9976591432466924e8 1.2078987212396562e8 1.8821778341985953e8 4.672792564068494e8 2.7687665896313317e7 2.4687077868624777e8 3.2277567149410796e8 4.572588098984574e8 4.333594635730742e8 6.1827780008044206e7 2.0136567632296526e8 3.351294164536535e8 2.840981803239152e8 1.1447660068119022e8 2.6853198522391353e7 6.666714701287126e7 3.950223913097558e6 3.5221273510862485e7 4.605069206183687e7 6.523752099941103e7 6.1827780008044206e7 8.821024350558624e6 2.8729020093887903e7 4.7813211840075135e7 4.053254000484246e7 1.6332478410943642e7 8.74576522267605e7 2.1712691519932884e8 1.2865406291226178e7 1.1471147048378904e8 1.4998159000640014e8 2.1247079445470777e8 2.0136567632296526e8 2.8729020093887903e7 9.35669784771364e7 1.5572190588271615e8 1.3200962949180506e8 5.319292655861168e7 1.4555425974460438e8 3.613605740355972e8 2.141167343685011e7 1.9091231865213552e8 2.496117692720385e8 3.536114727161652e8 3.351294164536535e8 4.7813211840075135e7 1.5572190588271615e8 2.59165277819364e8 2.197013458584458e8 8.852806874821155e7 1.2339024359431398e8 3.063350350162894e8 1.8151248927860897e7 1.6184148471488157e8 2.1160258084185854e8 2.9976591432466924e8 2.840981803239152e8 4.053254000484246e7 1.3200962949180506e8 2.197013458584458e8 1.8624671398170584e8 7.504761445623666e7 4.971976810198532e7 1.2343688170841189e8 7.313997129480025e6 6.521359270317317e7 8.52646930808363e7 1.2078987212396562e8 1.1447660068119022e8 1.6332478410943642e7 5.319292655861168e7 8.852806874821155e7 7.504761445623666e7 3.0240235197519574e7
