1.1431720199602135e6 1.3062179561693857e6 693863.1106995945 3.512841511806531e6 1.1863172365168408e6 1.2297294955843608e6 607785.4849773038 445803.1285818226 1.208268562587125e6 3.5553585972863045e6 2.8236273182966313e6 2.772468951782464e6 3.1054054143237136e6 1.1247007079300222e6 3.7701423017016677e6 2.206888518658475e6 592493.1097790195 2.808360515783236e6 1.3062179561693857e6 1.4925184654875558e6 792825.9601305675 4.013863687862654e6 1.3555167979928977e6 1.4051207695052915e6 694471.4357197995 509386.2002416163 1.3805989516618901e6 4.062444810850253e6 3.2263497009118847e6 3.16789482642027e6 3.5483166509939963e6 1.285112156668902e6 4.307862234038838e6 2.52164797598535e6 676997.9717723757 3.208905456976503e6 693863.1106995945 792825.9601305675 421149.23037258536 2.1321647977892053e6 720050.660472577 746400.2951672177 368903.2970375631 270586.0011935565 733374.3030435687 2.157971095243811e6 1.7138372881080857e6 1.6827860528538628e6 1.8848661646223702e6 682651.7078659094 2.2883368553141225e6 1.3394996604070868e6 359621.39121779316 1.7045709039616738e6 3.512841511806531e6 4.013863687862654e6 2.1321647977892053e6 1.0794574457395023e7 3.6454220028522075e6 3.7788230860758782e6 1.867657749335087e6 1.3699038367208769e6 3.7128760063726744e6 1.092522477093189e7 8.676695269298645e6 8.51949125237962e6 9.542568274899492e6 3.4560812075441456e6 1.1585231401391696e7 6.781524971668329e6 1.8206659672824407e6 8.629782069285689e6 1.1863172365168408e6 1.3555167979928977e6 720050.660472577 3.6454220028522075e6 1.2310908254261985e6 1.2761415354757027e6 630724.3217502972 462628.48136202287 1.2538706311132605e6 3.6895437539714053e6 2.930195717449155e6 2.8771065489529613e6 3.222608588262298e6 1.1671487863974445e6 3.91243375322082e6 2.2901801680264925e6 614854.7868349494 2.914352720374428e6 1.2297294955843608e6 1.4051207695052915e6 746400.2951672177 3.7788230860758782e6 1.2761415354757027e6 1.3228408375169975e6 653805.1358977878 479557.97278867505 1.299754948561826e6 3.824559434733693e6 3.037423709835014e6 2.9823917888730434e6 3.340537178187892e6 1.2098595925172276e6 4.055605901825879e6 2.373987341778411e6 637354.8689996114 3.021000951906914e6 607785.4849773038 694471.4357197995 368903.2970375631 1.867657749335087e6 630724.3217502972 653805.1358977878 323138.7659067731 237018.28419395056 642395.0914407476 1.8902626302864638e6 1.5012261226493372e6 1.4740269679643388e6 1.6510379040431487e6 597964.9197916482 2.0044557837874189e6 1.173327185396269e6 315008.3327663017 1.493109285631248e6 445803.1285818226 509386.2002416163 270586.0011935565 1.3699038367208769e6 462628.48136202287 479557.97278867505 237018.28419395056 173849.97706666926 471188.8464407562 1.3864842370404399e6 1.1011307751300198e6 1.0811805319059554e6 1.2110158620472753e6 438599.86560101865 1.470243501372412e6 860620.9641865564 231054.71214371835 1.095177175667229e6 1.208268562587125e6 1.3805989516618901e6 733374.3030435687 3.7128760063726744e6 1.2538706311132605e6 1.299754948561826e6 642395.0914407476 471188.8464407562 1.27707194879312e6 3.757814175660467e6 2.984415347463411e6 2.930343829885042e6 3.282238955031263e6 1.1887454241214073e6 3.984828477331462e6 2.3325571057296433e6 626231.9105049362 2.9682791954179783e6 3.5553585972863045e6 4.062444810850253e6 2.157971095243811e6 1.092522477093189e7 3.6895437539714053e6 3.824559434733693e6 1.8902626302864638e6 1.3864842370404399e6 3.757814175660467e6 1.1057456388529852e7 8.781712188851329e6 8.622605479595449e6 9.658065142514173e6 3.4979113042428796e6 1.1725451298059514e7 6.863604016775993e6 1.8427020911157797e6 8.734231182824815e6 2.8236273182966313e6 3.2263497009118847e6 1.7138372881080857e6 8.676695269298645e6 2.930195717449155e6 3.037423709835014e6 1.5012261226493372e6 1.1011307751300198e6 2.984415347463411e6 8.781712188851329e6 6.974340775860234e6 6.847979949382115e6 7.670330806885812e6 2.778003299913952e6 9.312226516286736e6 5.451000025294647e6 1.46345405718799e6 6.9366318747612005e6 2.772468951782464e6 3.16789482642027e6 1.6827860528538628e6 8.51949125237962e6 2.8771065489529613e6 2.9823917888730434e6 1.4740269679643388e6 1.0811805319059554e6 2.930343829885042e6 8.622605479595449e6 6.847979949382115e6 6.723908523290552e6 7.531360060937551e6 2.7276715475351373e6 9.143507969722124e6 5.352239025443227e6 1.4369392552702099e6 6.810954256640916e6 3.1054054143237136e6 3.5483166509939963e6 1.8848661646223702e6 9.542568274899492e6 3.222608588262298e6 3.340537178187892e6 1.6510379040431487e6 1.2110158620472753e6 3.282238955031263e6 9.658065142514173e6 7.670330806885812e6 7.531360060937551e6 8.43577573534967e6 3.055228440616629e6 1.0241521058993993e7 5.994971390997996e6 1.6094964527922035e6 7.628858823355146e6 1.1247007079300222e6 1.285112156668902e6 682651.7078659094 3.4560812075441456e6 1.1671487863974445e6 1.2098595925172276e6 597964.9197916482 438599.86560101865 1.1887454241214073e6 3.4979113042428796e6 2.778003299913952e6 2.7276715475351373e6 3.055228440616629e6 1.1065278543664129e6 3.709224545111213e6 2.1712297326383223e6 582919.6379695472 2.7629831775746727e6 3.7701423017016677e6 4.307862234038838e6 2.2883368553141225e6 1.1585231401391696e7 3.91243375322082e6 4.055605901825879e6 2.0044557837874189e6 1.470243501372412e6 3.984828477331462e6 1.1725451298059514e7 9.312226516286736e6 9.143507969722124e6 1.0241521058993993e7 3.709224545111213e6 1.2433800623964753e7 7.278243006353167e6 1.9540220523612844e6 9.261877122702487e6 2.206888518658475e6 2.52164797598535e6 1.3394996604070868e6 6.781524971668329e6 2.2901801680264925e6 2.373987341778411e6 1.173327185396269e6 860620.9641865564 2.3325571057296433e6 6.863604016775993e6 5.451000025294647e6 5.352239025443227e6 5.994971390997996e6 2.1712297326383223e6 7.278243006353167e6 4.260388505621494e6 1.14380532284291e6 5.4215275306961415e6 592493.1097790195 676997.9717723757 359621.39121779316 1.8206659672824407e6 614854.7868349494 637354.8689996114 315008.3327663017 231054.71214371835 626231.9105049362 1.8427020911157797e6 1.46345405718799e6 1.4369392552702099e6 1.6094964527922035e6 582919.6379695472 1.9540220523612844e6 1.14380532284291e6 307082.4679104996 1.4555414463651162e6 2.808360515783236e6 3.208905456976503e6 1.7045709039616738e6 8.629782069285689e6 2.914352720374428e6 3.021000951906914e6 1.493109285631248e6 1.095177175667229e6 2.9682791954179783e6 8.734231182824815e6 6.9366318747612005e6 6.810954256640916e6 7.628858823355146e6 2.7629831775746727e6 9.261877122702487e6 5.4215275306961415e6 1.4555414463651162e6 6.899126858339987e6
293620.0831108464 532936.419625495 1.3055882953746093e6 2.1157416399726616e6 1.775420833764295e6 490259.6965336254 2.3736341663188958e6 764199.4863454812 2.309744673772211e6 1.26861077135845e6 2.6741129979162742e6 1.7612379210969699e6 2.8004210991813666e6 1.549333453127248e6 161388.47357013676 1.155263804266337e6 2.449328747479335e6 873664.5144914845 532936.419625495 967308.5858231942 2.3697137616408314e6 3.8401861429687436e6 3.222485371062488e6 889848.0124013708 4.30827510399274e6 1.3870636293596174e6 4.19231220033582e6 2.302597544497237e6 4.853660525140192e6 3.1967426132214586e6 5.082916598310434e6 2.8121244792507133e6 292928.8567799444 2.0968666347533185e6 4.445664885513464e6 1.5857486087937776e6 1.3055882953746093e6 2.3697137616408314e6 5.805327683854917e6 9.407692729731224e6 7.894448620027883e6 2.1799507537315474e6 1.0554417641375368e7 3.3980301828580624e6 1.027033157756588e7 5.640906292661434e6 1.1890503515968883e7 7.831383980250536e6 1.2452135325603785e7 6.889146003244008e6 717617.4731276801 5.136906457282984e6 1.0890995296893042e7 3.8847688895095447e6 2.1157416399726616e6 3.8401861429687436e6 9.407692729731224e6 1.5245424085737033e7 1.2793170503435975e7 3.532669984174646e6 1.7103723255356465e7 5.5066011063571125e6 1.6643353997553641e7 9.141243355849184e6 1.926888705888589e7 1.2690972525053728e7 2.017902680982232e7 1.116405004131293e7 1.1629187967195702e6 8.324497799821053e6 1.764915657716699e7 6.295374529876122e6 1.775420833764295e6 3.222485371062488e6 7.894448620027883e6 1.2793170503435975e7 1.0735366271844314e7 2.9644337334110853e6 1.4352558946134422e7 4.6208545234201e6 1.3966240902340427e7 7.670858101887048e6 1.6169452300536694e7 1.0649607020071598e7 1.693319445360528e7 9.36829273388514e6 975861.2397016058 6.985487521348923e6 1.4810258347931035e7 5.282752338719199e6 490259.6965336254 889848.0124013708 2.1799507537315474e6 3.532669984174646e6 2.9644337334110853e6 818590.361731165 3.9632751061582933e6 1.275989722152109e6 3.8565983322272673e6 2.1182090993097574e6 4.4649869074525405e6 2.940752415748557e6 4.675884509346431e6 2.586933906264192e6 269471.56760612427 1.9289528021898915e6 4.0896629267589273e6 1.458764316148952e6 2.3736341663188958e6 4.30827510399274e6 1.0554417641375368e7 1.7103723255356465e7 1.4352558946134422e7 3.9632751061582933e6 1.9188534707244184e7 6.177813150431526e6 1.8672050000984035e7 1.0255490151604516e7 2.161761521624283e7 1.4237903825379718e7 2.2638693956733845e7 1.252486131194008e7 1.3046695950001238e6 9.339189635345573e6 1.9800452128368914e7 7.062731947782056e6 764199.4863454812 1.3870636293596174e6 3.3980301828580624e6 5.5066011063571125e6 4.6208545234201e6 1.275989722152109e6 6.177813150431526e6 1.9889676780393373e6 6.011529165801573e6 3.3017894742522794e6 6.959863772894295e6 4.583940922482384e6 7.288603500386357e6 4.0324211358891763e6 420042.7549018149 3.0067834477131804e6 6.374822017907755e6 2.2738702548511177e6 2.309744673772211e6 4.19231220033582e6 1.027033157756588e7 1.6643353997553641e7 1.3966240902340427e7 3.8565983322272673e6 1.8672050000984035e7 6.011529165801573e6 1.8169467161430772e7 9.97945011523292e6 2.103574860603257e7 1.3854671875300938e7 2.202934366622193e7 1.21877381592689e7 1.2695526930156385e6 9.087813035250189e6 1.9267496858080454e7 6.872629207208162e6 1.26861077135845e6 2.302597544497237e6 5.640906292661434e6 9.141243355849184e6 7.670858101887048e6 2.1182090993097574e6 1.0255490151604516e7 3.3017894742522794e6 9.97945011523292e6 5.481141726259631e6 1.1553734734505648e7 7.609579610346629e6 1.2099459727418473e7 6.694028168097751e6 697292.7525086273 4.99141642603355e6 1.0582535086597428e7 3.774742524063421e6 2.6741129979162742e6 4.853660525140192e6 1.1890503515968883e7 1.926888705888589e7 1.6169452300536694e7 4.4649869074525405e6 2.161761521624283e7 6.959863772894295e6 2.103574860603257e7 1.1553734734505648e7 2.4354193520629138e7 1.6040282964739973e7 2.5504530826431196e7 1.4110386051317861e7 1.469827984228329e6 1.0521439549639221e7 2.2306995388090763e7 7.956804620676804e6 1.7612379210969699e6 3.1967426132214586e6 7.831383980250536e6 1.2690972525053728e7 1.0649607020071598e7 2.940752415748557e6 1.4237903825379718e7 4.583940922482384e6 1.3854671875300938e7 7.609579610346629e6 1.6040282964739973e7 1.0564532854310704e7 1.679792397939037e7 9.293454320839755e6 968065.5923402022 6.929684098537938e6 1.469194690495677e7 5.24055118075244e6 2.8004210991813666e6 5.082916598310434e6 1.2452135325603785e7 2.017902680982232e7 1.693319445360528e7 4.675884509346431e6 2.2638693956733845e7 7.288603500386357e6 2.202934366622193e7 1.2099459727418473e7 2.5504530826431196e7 1.679792397939037e7 2.6709202754974883e7 1.4776871002271008e7 1.5392533159247986e6 1.1018405479323536e7 2.33606360661752e7 8.332633497226943e6 1.549333453127248e6 2.8121244792507133e6 6.889146003244008e6 1.116405004131293e7 9.36829273388514e6 2.586933906264192e6 1.252486131194008e7 4.0324211358891763e6 1.21877381592689e7 6.694028168097751e6 1.4110386051317861e7 9.293454320839755e6 1.4776871002271008e7 8.1753064148306195e6 851592.160870548 6.095934720041519e6 1.2924275907732734e7 4.610030910592811e6 161388.47357013676 292928.8567799444 717617.4731276801 1.1629187967195702e6 975861.2397016058 269471.56760612427 1.3046695950001238e6 420042.7549018149 1.2695526930156385e6 697292.7525086273 1.469827984228329e6 968065.5923402022 1.5392533159247986e6 851592.160870548 88707.28161828715 634991.5168131972 1.3462751717767038e6 480210.2802789063 1.155263804266337e6 2.0968666347533185e6 5.136906457282984e6 8.324497799821053e6 6.985487521348923e6 1.9289528021898915e6 9.339189635345573e6 3.0067834477131804e6 9.087813035250189e6 4.99141642603355e6 1.0521439549639221e7 6.929684098537938e6 1.1018405479323536e7 6.095934720041519e6 634991.5168131972 4.545446766814254e6 9.63701398328278e6 3.4374794120704015e6 2.449328747479335e6 4.445664885513464e6 1.0890995296893042e7 1.764915657716699e7 1.4810258347931035e7 4.0896629267589273e6 1.9800452128368914e7 6.374822017907755e6 1.9267496858080454e7 1.0582535086597428e7 2.2306995388090763e7 1.469194690495677e7 2.33606360661752e7 1.2924275907732734e7 1.3462751717767038e6 9.63701398328278e6 2.0431883438177105e7 7.287960647394561e6 873664.5144914845 1.5857486087937776e6 3.8847688895095447e6 6.295374529876122e6 5.282752338719199e6 1.458764316148952e6 7.062731947782056e6 2.2738702548511177e6 6.872629207208162e6 3.774742524063421e6 7.956804620676804e6 5.24055118075244e6 8.332633497226943e6 4.610030910592811e6 480210.2802789063 3.4374794120704015e6 7.287960647394561e6 2.5995826845178264e6
7.352823740009725e6 2.052654422310957e7 5.501271395050511e6 2.084756778299123e7 1.2661141299911615e7 1.5010687039559657e7 3.4646456849584156e6 1.2528195779952021e7 9.719071353083337e6 1.2937083236070924e7 1.8931437507103506e7 7.862712862601862e6 1.3169264699311255e7 1.0533423083031468e7 3.797367596657175e6 6.567269910608847e6 1.5581933329742186e7 4.48383275253876e6 2.052654422310957e7 5.73030216201967e7 1.5357649600571362e7 5.819920851812474e7 3.534553336203473e7 4.1904653536053814e7 9.672094066763336e6 3.4974395389575824e7 2.713229025892012e7 3.611586793768404e7 5.285003461759595e7 2.1949978538122293e7 3.6764038387773275e7 2.9405679012547985e7 1.0600938722364057e7 1.8333549261039544e7 4.349937587026598e7 1.2517312333110848e7 5.501271395050511e6 1.5357649600571362e7 4.1159679644327997e6 1.559783456753916e7 9.47287422148981e6 1.1230768770023005e7 2.5921954441711814e6 9.373406396350175e6 7.271662032401922e6 9.679329800157882e6 1.4164214906758681e7 5.882762716473077e6 9.853044455554113e6 7.880947666857731e6 2.841132940846776e6 4.913531913762506e6 1.1658166595243514e7 3.354735776883923e6 2.084756778299123e7 5.819920851812474e7 1.559783456753916e7 5.9109411273040935e7 3.5898317543456845e7 4.256001865292557e7 9.823360155934203e6 3.5521375182698034e7 2.755662395639925e7 3.66806997168453e7 5.3676579313497975e7 2.2293263806847695e7 3.733900718673856e7 2.9865567226303797e7 1.0766731417410564e7 1.8620275618144438e7 4.417968154387185e7 1.2713076029213276e7 1.2661141299911615e7 3.534553336203473e7 9.47287422148981e6 3.5898317543456845e7 2.1801760069950424e7 2.584754324824403e7 5.965921409579382e6 2.157283549989179e7 1.6735684147536566e7 2.2276916277663294e7 3.2598850967093486e7 1.35391411618284e7 2.267671945767291e7 1.8137951179261595e7 6.538849482732015e6 1.1308462603343535e7 2.6831196638124112e7 7.720903159442496e6 1.5010687039559657e7 4.1904653536053814e7 1.1230768770023005e7 4.256001865292557e7 2.584754324824403e7 3.0644108082387708e7 7.07302580869466e6 2.557613682480889e7 1.9841348515188344e7 2.6410874859504987e7 3.864826543873283e7 1.6051618566648882e7 2.6884870076080523e7 2.1503836205714602e7 7.752272947523459e6 1.3406989861059273e7 3.1810299410731465e7 9.153681982045941e6 3.4646456849584156e6 9.672094066763336e6 2.5921954441711814e6 9.823360155934203e6 5.965921409579382e6 7.07302580869466e6 1.63253875609496e6 5.903277568471618e6 4.579619995789344e6 6.095945067458083e6 8.920480836789284e6 3.7049051024096143e6 6.205348819429687e6 4.963341992530624e6 1.7893171009076561e6 3.0944932399152117e6 7.342196682948037e6 2.1127790285012443e6 1.2528195779952021e7 3.4974395389575824e7 9.373406396350175e6 3.5521375182698034e7 2.157283549989179e7 2.557613682480889e7 5.903277568471618e6 2.1346314701758377e7 1.6559954789639793e7 2.204300243471053e7 3.2256553926941518e7 1.339697639808959e7 2.243860756966332e7 1.794749762587257e7 6.470189736834905e6 1.1189720587506808e7 2.6549461579356667e7 7.639831519787314e6 9.719071353083337e6 2.713229025892012e7 7.271662032401922e6 2.755662395639925e7 1.6735684147536566e7 1.9841348515188344e7 4.579619995789344e6 1.6559954789639793e7 1.284681250447059e7 1.710042828688632e7 2.5023854569881707e7 1.0393050349433856e7 1.7407329184811704e7 1.392323468589803e7 5.019416748013716e6 8.680714663245847e6 2.0596430324678425e7 5.926796561175099e6 1.2937083236070924e7 3.611586793768404e7 9.679329800157882e6 3.66806997168453e7 2.2276916277663294e7 2.6410874859504987e7 6.095945067458083e6 2.204300243471053e7 1.710042828688632e7 2.2762428228261314e7 3.3309323257019773e7 1.383421857528047e7 2.3170944877377797e7 1.853325688257946e7 6.681359762317312e6 1.155492372338281e7 2.7415966381578974e7 7.8891755857781805e6 1.8931437507103506e7 5.285003461759595e7 1.4164214906758681e7 5.3676579313497975e7 3.2598850967093486e7 3.864826543873283e7 8.920480836789284e6 3.2256553926941518e7 2.5023854569881707e7 3.3309323257019773e7 4.874308684093267e7 2.024425750676966e7 3.390712472990485e7 2.7120579505694505e7 9.777145473572858e6 1.6908859004528258e7 4.0119062757715076e7 1.15445987213178e7 7.862712862601862e6 2.1949978538122293e7 5.882762716473077e6 2.2293263806847695e7 1.35391411618284e7 1.6051618566648882e7 3.7049051024096143e6 1.339697639808959e7 1.0393050349433856e7 1.383421857528047e7 2.024425750676966e7 8.407960770679781e6 1.4082500900823481e7 1.1263874137430273e7 4.060699957187386e6 7.022683995176805e6 1.6662478518192591e7 4.794768745142719e6 1.3169264699311255e7 3.6764038387773275e7 9.853044455554113e6 3.733900718673856e7 2.267671945767291e7 2.6884870076080523e7 6.205348819429687e6 2.243860756966332e7 1.7407329184811704e7 2.3170944877377797e7 3.390712472990485e7 1.4082500900823481e7 2.358679316312513e7 1.8865872714377504e7 6.801269935092937e6 1.1762299609335618e7 2.7907999946986876e7 8.030762394631564e6 1.0533423083031468e7 2.9405679012547985e7 7.880947666857731e6 2.9865567226303797e7 1.8137951179261595e7 2.1503836205714602e7 4.963341992530624e6 1.794749762587257e7 1.392323468589803e7 1.853325688257946e7 2.7120579505694505e7 1.1263874137430273e7 1.8865872714377504e7 1.5089849256469922e7 5.439988895658134e6 9.408063475327335e6 2.232218560070456e7 6.423397198962617e6 3.797367596657175e6 1.0600938722364057e7 2.841132940846776e6 1.0766731417410564e7 6.538849482732015e6 7.752272947523459e6 1.7893171009076561e6 6.470189736834905e6 5.019416748013716e6 6.681359762317312e6 9.777145473572858e6 4.060699957187386e6 6.801269935092937e6 5.439988895658134e6 1.9611514125759278e6 3.3916681317067323e6 8.047293232077008e6 2.3156765081517263e6 6.567269910608847e6 1.8333549261039544e7 4.913531913762506e6 1.8620275618144438e7 1.1308462603343535e7 1.3406989861059273e7 3.0944932399152117e6 1.1189720587506808e7 8.680714663245847e6 1.155492372338281e7 1.6908859004528258e7 7.022683995176805e6 1.1762299609335618e7 9.408063475327335e6 3.3916681317067323e6 5.86564231699253e6 1.391720589583909e7 4.004793391104911e6 1.5581933329742186e7 4.349937587026598e7 1.1658166595243514e7 4.417968154387185e7 2.6831196638124112e7 3.1810299410731465e7 7.342196682948037e6 2.6549461579356667e7 2.0596430324678425e7 2.7415966381578974e7 4.0119062757715076e7 1.6662478518192591e7 2.7907999946986876e7 2.232218560070456e7 8.047293232077008e6 1.391720589583909e7 3.302087128396325e7 9.502034249998348e6 4.48383275253876e6 1.2517312333110848e7 3.354735776883923e6 1.2713076029213276e7 7.720903159442496e6 9.153681982045941e6 2.1127790285012443e6 7.639831519787314e6 5.926796561175099e6 7.8891755857781805e6 1.15445987213178e7 4.794768745142719e6 8.030762394631564e6 6.423397198962617e6 2.3156765081517263e6 4.004793391104911e6 9.502034249998348e6 2.734290507106964e6
8.479105296509985e6 1.5779165553423274e7 2.18555489496679e7 3.3895270412427867e6 2.644983832820283e6 2.145811746350659e7 2.6679962005152095e7 4.84565412489545e6 2.9474315764238402e7 2.9818427320993885e7 2.8486299965057533e7 2.132466573223758e7 4.176440234801541e6 2.5717659535318013e7 8.2697330093463715e6 1.549749059141921e7 8.478430652186558e6 1.3414803254368728e7 1.5779165553423274e7 2.936419077904612e7 4.067201822339698e7 6.307730174501897e6 4.9221747253661e6 3.993241929202582e7 4.964999521961556e7 9.017505500589184e6 5.4850139460966356e7 5.5490512829737455e7 5.30114944247867e7 3.968407269324594e7 7.772133920313073e6 4.7859201326511055e7 1.5389534824009718e7 2.8840008603888355e7 1.5777910076094385e7 2.4964237854719296e7 2.18555489496679e7 4.067201822339698e7 5.6334365854371145e7 8.736767804569684e6 6.817650165646323e6 5.530995549547244e7 6.876966321185897e7 1.2490047854860716e7 7.59723259019351e7 7.685930002359289e7 7.342563885101114e7 5.496597334839752e7 1.076509735344812e7 6.628925425379335e7 2.131587570458015e7 3.994597924821058e7 2.1853810001805045e7 3.457769174027083e7 3.3895270412427867e6 6.307730174501897e6 8.736767804569684e6 1.3549653131498354e6 1.0573337529709002e6 8.577894347727543e6 1.0665329597099744e7 1.937052921798615e6 1.178237406087353e7 1.191993284638678e7 1.1387414197610945e7 8.52454694419628e6 1.669534298367647e6 1.0280648651493387e7 3.305830353418893e6 6.195130452341733e6 3.3892573518006215e6 5.3625750351691e6 2.644983832820283e6 4.9221747253661e6 6.817650165646323e6 1.0573337529709002e6 825079.9148301905 6.693674838204279e6 8.322584246351164e6 1.5115600492734474e6 9.194258822559815e6 9.30160145748139e6 8.886055807734648e6 6.6520457205880955e6 1.302804542872823e6 8.022402283044043e6 2.5796719519999917e6 4.834308648161271e6 2.644773383336998e6 4.1846322798791793e6 2.145811746350659e7 3.993241929202582e7 5.530995549547244e7 8.577894347727543e6 6.693674838204279e6 5.430417349188586e7 6.75191236113189e7 1.2262923004662955e7 7.459080972680393e7 7.546165469772893e7 7.209043281989728e7 5.39664464764592e7 1.0569339806945631e7 6.5083819565546356e7 2.092825788817981e7 3.92195829478776e7 2.1456410137481976e7 3.394891488145062e7 2.6679962005152095e7 4.964999521961556e7 6.876966321185897e7 1.0665329597099744e7 8.322584246351164e6 6.75191236113189e7 8.394993902120145e7 1.5247111979554232e7 9.274252379451035e7 9.38252893621875e7 8.963367880900398e7 6.709921054322144e7 1.3141394390650777e7 8.092200241293631e7 2.6021160814328786e7 4.8763689763877876e7 2.66778392004119e7 4.2210401760249786e7 4.84565412489545e6 9.017505500589184e6 1.2490047854860716e7 1.937052921798615e6 1.5115600492734474e6 1.2262923004662955e7 1.5247111979554232e7 2.7692030086925384e6 1.6844034219063032e7 1.7040687701489147e7 1.6279401198792223e7 1.2186657772721056e7 2.3867594685344025e6 1.4697173658317924e7 4.72600167909427e6 8.8565333940066e6 4.845268577961625e6 7.666315542861378e6 2.9474315764238402e7 5.4850139460966356e7 7.59723259019351e7 1.178237406087353e7 9.194258822559815e6 7.459080972680393e7 9.274252379451035e7 1.6844034219063032e7 1.0245600914138965e8 1.0365217929463793e8 9.902155602083462e7 7.412691662379858e7 1.451777209343984e7 8.939745307481183e7 2.8746514340816855e7 5.387100587520881e7 2.9471970625320807e7 4.6631352390109e7 2.9818427320993885e7 5.5490512829737455e7 7.685930002359289e7 1.191993284638678e7 9.30160145748139e6 7.546165469772893e7 9.38252893621875e7 1.7040687701489147e7 1.0365217929463793e8 1.0486231469060369e8 1.0017762905972168e8 7.499234565974072e7 1.4687266550771952e7 9.044116506438322e7 2.908212884261691e7 5.449994789523677e7 2.981605480266534e7 4.717577172092323e7 2.8486299965057533e7 5.30114944247867e7 7.342563885101114e7 1.1387414197610945e7 8.886055807734648e6 7.209043281989728e7 8.963367880900398e7 1.6279401198792223e7 9.902155602083462e7 1.0017762905972168e8 9.570223004934719e7 7.164208999186918e7 1.4031118278913323e7 8.640073902889624e7 2.77828953524308e7 5.206518261714862e7 2.8484033438119274e7 4.506821133987643e7 2.132466573223758e7 3.968407269324594e7 5.496597334839752e7 8.52454694419628e6 6.6520457205880955e6 5.39664464764592e7 6.709921054322144e7 1.2186657772721056e7 7.412691662379858e7 7.499234565974072e7 7.164208999186918e7 5.363081984355591e7 1.0503607260835461e7 6.467905207308606e7 2.0798101444942337e7 3.897566960119451e7 2.1322969024367806e7 3.373778072798451e7 4.176440234801541e6 7.772133920313073e6 1.076509735344812e7 1.669534298367647e6 1.302804542872823e6 1.0569339806945631e7 1.3141394390650777e7 2.3867594685344025e6 1.451777209343984e7 1.4687266550771952e7 1.4031118278913323e7 1.0503607260835461e7 2.057133674474898e6 1.2667405849109942e7 4.073312509223885e6 7.633393026868316e6 4.176107934211089e6 6.6075513977344595e6 2.5717659535318013e7 4.7859201326511055e7 6.628925425379335e7 1.0280648651493387e7 8.022402283044043e6 6.5083819565546356e7 8.092200241293631e7 1.4697173658317924e7 8.939745307481183e7 9.044116506438322e7 8.640073902889624e7 6.467905207308606e7 1.2667405849109942e7 7.800327851179844e7 2.50826202229013e7 4.7004863454869606e7 2.571561329666304e7 4.068794180102146e7 8.2697330093463715e6 1.5389534824009718e7 2.131587570458015e7 3.305830353418893e6 2.5796719519999917e6 2.092825788817981e7 2.6021160814328786e7 4.72600167909427e6 2.8746514340816855e7 2.908212884261691e7 2.77828953524308e7 2.0798101444942337e7 4.073312509223885e6 2.50826202229013e7 8.06553069626601e6 1.511481518676802e7 8.269075023835411e6 1.3083555093035819e7 1.549749059141921e7 2.8840008603888355e7 3.994597924821058e7 6.195130452341733e6 4.834308648161271e6 3.92195829478776e7 4.8763689763877876e7 8.8565333940066e6 5.387100587520881e7 5.449994789523677e7 5.206518261714862e7 3.897566960119451e7 7.633393026868316e6 4.7004863454869606e7 1.511481518676802e7 2.8325183640540738e7 1.5496257525701867e7 2.4518599539728496e7 8.478430652186558e6 1.5777910076094385e7 2.1853810001805045e7 3.3892573518006215e6 2.644773383336998e6 2.1456410137481976e7 2.66778392004119e7 4.845268577961625e6 2.9471970625320807e7 2.981605480266534e7 2.8484033438119274e7 2.1322969024367806e7 4.176107934211089e6 2.571561329666304e7 8.269075023835411e6 1.5496257525701867e7 8.47775606154155e6 1.341373589872813e7 1.3414803254368728e7 2.4964237854719296e7 3.457769174027083e7 5.3625750351691e6 4.1846322798791793e6 3.394891488145062e7 4.2210401760249786e7 7.666315542861378e6 4.6631352390109e7 4.717577172092323e7 4.506821133987643e7 3.373778072798451e7 6.6075513977344595e6 4.068794180102146e7 1.3083555093035819e7 2.4518599539728496e7 1.341373589872813e7 2.122357725967767e7
1.733340908209236e8 1.8134410370301497e8 1.609580379082668e8 7.198148377329823e7 1.446321792296688e8 1.5766851659569377e8 1.1080514616556741e8 4.93979900662806e7 4.3147381527249545e7 1.8842255258788228e8 1.9765799672076803e8 9.703993981071404e7 1.1858716166082704e8 8.926056316584052e7 1.2993393966739567e8 2.1682164292745464e7 7.790372660399707e7 5.3375129680839024e7 1.8134410370301497e8 1.897242705811691e8 1.6839613592473465e8 7.530784969223246e7 1.513158362835572e8 1.6495460119134617e8 1.1592560829730794e8 5.1680740879501276e7 4.514128290132397e7 1.9712982457550728e8 2.0679205161143246e8 1.015242923364052e8 1.2406724170771885e8 9.338541972137973e7 1.3593837033436686e8 2.268412769460125e7 8.15037677194267e7 5.584166972672369e7 1.609580379082668e8 1.6839613592473465e8 1.4946563508989596e8 6.68420063185704e7 1.3430544261056647e8 1.4641098557679933e8 1.028936594785285e8 4.587097390954091e7 4.006665877793466e7 1.7496918360708168e8 1.8354521709132266e8 9.011128876434149e7 1.1012003912004282e8 8.288735955931354e7 1.2065665725366098e8 2.0134057908842225e7 7.234140105119917e7 4.956414578251034e7 7.198148377329823e7 7.530784969223246e7 6.68420063185704e7 2.989218094182397e7 6.0062269418616004e7 6.547594714428181e7 4.601471524118634e7 2.0513798546779018e7 1.7918070983928517e7 7.824735946283261e7 8.208261754069868e7 4.029835573466754e7 4.924639932273441e7 3.706776750428959e7 5.395844363606486e7 9.004081942661023e6 3.2351546114598285e7 2.2165409082673214e7 1.446321792296688e8 1.513158362835572e8 1.3430544261056647e8 6.0062269418616004e7 1.2068293761285833e8 1.3156062401310195e8 9.245722918029383e7 4.121831382975276e7 3.600272623108686e7 1.5722218444008842e8 1.6492835698102915e8 8.097136518654907e7 9.895064230259338e7 7.448015395471546e7 1.0841853879400416e8 1.8091874813681718e7 6.5003864476314016e7 4.4536889920756735e7 1.5766851659569377e8 1.6495460119134617e8 1.4641098557679933e8 6.547594714428181e7 1.3156062401310195e8 1.434187643512636e8 1.0079080776523815e8 4.493350257685783e7 3.924781102303893e7 1.7139331460421136e8 1.7979407852571183e8 8.826967209986238e7 1.0786950090316169e8 8.119337931852147e7 1.1819078073890166e8 1.9722575428933624e7 7.086294999878925e7 4.855119659395248e7 1.1080514616556741e8 1.1592560829730794e8 1.028936594785285e8 4.601471524118634e7 9.245722918029383e7 1.0079080776523815e8 7.083303900937344e7 3.1578043786172174e7 2.7582294366592474e7 1.204505610033716e8 1.2635438945513055e8 6.20335253365293e7 7.580775206397852e7 5.706049918726035e7 8.306126687789367e7 1.3860489718237795e7 4.98005543647868e7 3.412046076961083e7 4.93979900662806e7 5.1680740879501276e7 4.587097390954091e7 2.0513798546779018e7 4.121831382975276e7 4.493350257685783e7 3.1578043786172174e7 1.4077792839432593e7 1.2296449671121512e7 5.369800791591246e7 5.632999089960206e7 2.7655136736803275e7 3.379581827190578e7 2.5438114289543703e7 3.702950429753501e7 6.179138398429898e6 2.2201561704825062e7 1.5211226558337545e7 4.3147381527249545e7 4.514128290132397e7 4.006665877793466e7 1.7918070983928517e7 3.600272623108686e7 3.924781102303893e7 2.7582294366592474e7 1.2296449671121512e7 1.0740509981855832e7 4.690329367029635e7 4.920223688272481e7 2.4155775050159868e7 2.951944123732451e7 2.2219285058197975e7 3.2343950584768597e7 5.3972568849258665e6 1.93922718736841e7 1.3286463577351755e7 1.8842255258788228e8 1.9712982457550728e8 1.7496918360708168e8 7.824735946283261e7 1.5722218444008842e8 1.7139331460421136e8 1.204505610033716e8 5.369800791591246e7 4.690329367029635e7 2.0482444137554276e8 2.1486381648957574e8 1.054871149438194e8 1.2890998878789297e8 9.703055571748698e7 1.412444860902991e8 2.3569562815486126e7 8.468512427828608e7 5.8021351319534615e7 1.9765799672076803e8 2.0679205161143246e8 1.8354521709132266e8 8.208261754069868e7 1.6492835698102915e8 1.7979407852571183e8 1.2635438945513055e8 5.632999089960206e7 4.920223688272481e7 2.1486381648957574e8 2.2539526692432433e8 1.1065751701842539e8 1.3522845217388406e8 1.0178646345891167e8 1.4816751914790884e8 2.472481401885488e7 8.883592641644211e7 6.086524097746806e7 9.703993981071404e7 1.015242923364052e8 9.011128876434149e7 4.029835573466754e7 8.097136518654907e7 8.826967209986238e7 6.20335253365293e7 2.7655136736803275e7 2.4155775050159868e7 1.054871149438194e8 1.1065751701842539e8 5.4327165959497936e7 6.639023503910143e7 4.997193359979254e7 7.274265336366819e7 1.2138615710095786e7 4.36138840598438e7 2.9881711941875212e7 1.1858716166082704e8 1.2406724170771885e8 1.1012003912004282e8 4.924639932273441e7 9.895064230259338e7 1.0786950090316169e8 7.580775206397852e7 3.379581827190578e7 2.951944123732451e7 1.2890998878789297e8 1.3522845217388406e8 6.639023503910143e7 8.113184685233054e7 6.106794563003663e7 8.88947871453894e7 1.483393318626989e7 5.329812373904859e7 3.651679310256723e7 8.926056316584052e7 9.338541972137973e7 8.288735955931354e7 3.706776750428959e7 7.448015395471546e7 8.119337931852147e7 5.706049918726035e7 2.5438114289543703e7 2.2219285058197975e7 9.703055571748698e7 1.0178646345891167e8 4.997193359979254e7 6.106794563003663e7 4.596584606610598e7 6.691111121960586e7 1.1165502332857396e7 4.011750069739339e7 2.7486192195645977e7 1.2993393966739567e8 1.3593837033436686e8 1.2065665725366098e8 5.395844363606486e7 1.0841853879400416e8 1.1819078073890166e8 8.306126687789367e7 3.702950429753501e7 3.2343950584768597e7 1.412444860902991e8 1.4816751914790884e8 7.274265336366819e7 8.88947871453894e7 6.691111121960586e7 9.740050902584738e7 1.6253288742736304e7 5.8397849289132155e7 4.001083022297416e7 2.1682164292745464e7 2.268412769460125e7 2.0134057908842225e7 9.004081942661023e6 1.8091874813681718e7 1.9722575428933624e7 1.3860489718237795e7 6.179138398429898e6 5.3972568849258665e6 2.3569562815486126e7 2.472481401885488e7 1.2138615710095786e7 1.483393318626989e7 1.1165502332857396e7 1.6253288742736304e7 2.7121972728567105e6 9.74488856315097e6 6.676634269724667e6 7.790372660399707e7 8.15037677194267e7 7.234140105119917e7 3.2351546114598285e7 6.5003864476314016e7 7.086294999878925e7 4.98005543647868e7 2.2201561704825062e7 1.93922718736841e7 8.468512427828608e7 8.883592641644211e7 4.36138840598438e7 5.329812373904859e7 4.011750069739339e7 5.8397849289132155e7 9.74488856315097e6 3.50132544039497e7 2.3989057723242953e7 5.3375129680839024e7 5.584166972672369e7 4.956414578251034e7 2.2165409082673214e7 4.4536889920756735e7 4.855119659395248e7 3.412046076961083e7 1.5211226558337545e7 1.3286463577351755e7 5.8021351319534615e7 6.086524097746806e7 2.9881711941875212e7 3.651679310256723e7 2.7486192195645977e7 4.001083022297416e7 6.676634269724667e6 2.3989057723242953e7 1.6435915491025176e7
4.1381780818530345e8 4.0136118285788447e8 2.9192470679116136e8 4.346361327939674e8 3.063760921637918e8 3.6685902847902924e8 3.9490520994781333e8 3.622767621582488e8 3.1522454855635625e8 4.106974410861409e7 3.804501387719467e8 1.0251580102155691e8 3.880878502561438e8 1.413717603360895e8 3.4328776466550666e8 1.1828189807028192e8 4.312812919793624e8 2.279528001217659e7 4.0136118285788447e8 3.892795233039979e8 2.83137272745583e8 4.2155284021234804e8 2.97153646648218e8 3.558159429100827e8 3.830178862443276e8 3.51371610659754e8 3.057357493367416e8 3.983347441568465e7 3.6899793748745155e8 9.942989969443484e7 3.764057407646172e8 1.3711622803285962e8 3.329542145394798e8 1.147214101982431e8 4.182989858566002e8 2.2109103011746157e7 2.9192470679116136e8 2.83137272745583e8 2.0593612152366543e8 3.0661083964252007e8 2.1613074426387897e8 2.5879798356690043e8 2.785829544887421e8 2.555654577411055e8 2.223728222674362e8 2.8972346693998527e7 2.6838573162594393e8 7.231901228687112e7 2.7377369860435224e8 9.972966089990744e7 2.4216981015011397e8 8.344108863823271e7 3.0424419204601055e8 1.6080761393422805e7 4.346361327939674e8 4.2155284021234804e8 3.0661083964252007e8 4.5650178458608997e8 3.2178924455317295e8 3.853149532590367e8 4.147720805554329e8 3.805021625243175e8 3.3108284862624395e8 4.3135878643029846e7 3.995898044163479e8 1.0767316056715748e8 4.0761175348964876e8 1.4848388344669536e8 3.6055786754080135e8 1.2423241760001029e8 4.529781686155894e8 2.394206376447557e7 3.063760921637918e8 2.97153646648218e8 2.1613074426387897e8 3.2178924455317295e8 2.2683003967660052e8 2.716094699097145e8 2.9237387228331876e8 2.6821692173792142e8 2.3338112432692972e8 3.0406588255210247e7 2.816718480320368e8 7.589907896849403e7 2.8732653990686053e8 1.0466665913684446e8 2.5415813854672235e8 8.757174048020084e7 3.193054388824658e8 1.687682035854465e7 3.6685902847902924e8 3.558159429100827e8 2.5879798356690043e8 3.853149532590367e8 2.716094699097145e8 3.2522898752658594e8 3.500925740679785e8 3.2116670277850926e8 2.7945383052326655e8 3.640927510983707e7 3.372778201756109e8 9.088262134353817e7 3.4404882751138264e8 1.2532932518951431e8 3.043325186661168e8 1.0485962990091605e8 3.823408095233069e8 2.0208541328481987e7 3.9490520994781333e8 3.830178862443276e8 2.785829544887421e8 4.147720805554329e8 2.9237387228331876e8 3.500925740679785e8 3.76856968838068e8 3.457197297687445e8 3.0081793017619467e8 3.919274521035756e7 3.630625336914781e8 9.783055036446823e7 3.7035118100806975e8 1.349106867610104e8 3.2759858105730015e8 1.1287609393927824e8 4.115705650816479e8 2.175347377751514e7 3.622767621582488e8 3.51371610659754e8 2.555654577411055e8 3.805021625243175e8 2.6821692173792142e8 3.2116670277850926e8 3.457197297687445e8 3.1715515814895624e8 2.759633020738814e8 3.59545037067956e7 3.330650390358242e8 8.974744858616239e7 3.397514728529855e8 1.2376389459836046e8 3.0053124203846043e8 1.035498767990323e8 3.775651674413819e8 1.995612579245029e7 3.1522454855635625e8 3.057357493367416e8 2.223728222674362e8 3.3108284862624395e8 2.3338112432692972e8 2.7945383052326655e8 3.0081793017619467e8 2.759633020738814e8 2.4012141103425702e8 3.1284761771696813e7 2.8980682046647877e8 7.809112236765549e7 2.9562482565375584e8 1.0768953981459868e8 2.6149848677645215e8 9.01009023393637e7 3.285273080952556e8 1.7364240274155725e7 4.106974410861409e7 3.983347441568465e7 2.8972346693998527e7 4.3135878643029846e7 3.0406588255210247e7 3.640927510983707e7 3.919274521035756e7 3.59545037067956e7 3.1284761771696813e7 4.0760060291840886e6 3.775813784807893e7 1.0174278708565418e7 3.851614982829543e7 1.4030575548811568e7 3.406992249139074e7 1.1739000087334028e7 4.280292425813962e7 2.262339364006004e6 3.804501387719467e8 3.6899793748745155e8 2.6838573162594393e8 3.995898044163479e8 2.816718480320368e8 3.372778201756109e8 3.630625336914781e8 3.330650390358242e8 2.8980682046647877e8 3.775813784807893e7 3.497730286821764e8 9.42495705924377e7 3.56794883074585e8 1.2997242935039495e8 3.1560719505628496e8 1.0874438858101851e8 3.9650547689774406e8 2.0957211778799336e7 1.0251580102155691e8 9.942989969443484e7 7.231901228687112e7 1.0767316056715748e8 7.589907896849403e7 9.088262134353817e7 9.783055036446823e7 8.974744858616239e7 7.809112236765549e7 1.0174278708565418e7 9.42495705924377e7 2.5396416614302408e7 9.614167406233814e7 3.502227058868388e7 8.504327140949266e7 2.9302179092291027e7 1.068420600523748e8 5.647114125433043e6 3.880878502561438e8 3.764057407646172e8 2.7377369860435224e8 4.0761175348964876e8 2.8732653990686053e8 3.4404882751138264e8 3.7035118100806975e8 3.397514728529855e8 2.9562482565375584e8 3.851614982829543e7 3.56794883074585e8 9.614167406233814e7 3.6395770442289054e8 1.3258168563686343e8 3.2194315462764305e8 1.1092748218741904e8 4.044655066777943e8 2.1377937442341898e7 1.413717603360895e8 1.3711622803285962e8 9.972966089990744e7 1.4848388344669536e8 1.0466665913684446e8 1.2532932518951431e8 1.349106867610104e8 1.2376389459836046e8 1.0768953981459868e8 1.4030575548811568e7 1.2997242935039495e8 3.502227058868388e7 1.3258168563686343e8 4.829655521150315e7 1.1727672089663215e8 4.040841117838468e7 1.4733777580650485e8 7.78750647974151e6 3.4328776466550666e8 3.329542145394798e8 2.4216981015011397e8 3.6055786754080135e8 2.5415813854672235e8 3.043325186661168e8 3.2759858105730015e8 3.0053124203846043e8 2.6149848677645215e8 3.406992249139074e7 3.1560719505628496e8 8.504327140949266e7 3.2194315462764305e8 1.1727672089663215e8 2.847786804676849e8 9.812223540355228e7 3.577748171711115e8 1.8910111081542183e7 1.1828189807028192e8 1.147214101982431e8 8.344108863823271e7 1.2423241760001029e8 8.757174048020084e7 1.0485962990091605e8 1.1287609393927824e8 1.035498767990323e8 9.01009023393637e7 1.1739000087334028e7 1.0874438858101851e8 2.9302179092291027e7 1.1092748218741904e8 4.040841117838468e7 9.812223540355228e7 3.380861609716833e7 1.23273500580428e8 6.515594383691781e6 4.312812919793624e8 4.182989858566002e8 3.0424419204601055e8 4.529781686155894e8 3.193054388824658e8 3.823408095233069e8 4.115705650816479e8 3.775651674413819e8 3.285273080952556e8 4.280292425813962e7 3.9650547689774406e8 1.068420600523748e8 4.044655066777943e8 1.4733777580650485e8 3.577748171711115e8 1.23273500580428e8 4.494817505004462e8 2.375726133632353e7 2.279528001217659e7 2.2109103011746157e7 1.6080761393422805e7 2.394206376447557e7 1.687682035854465e7 2.0208541328481987e7 2.175347377751514e7 1.995612579245029e7 1.7364240274155725e7 2.262339364006004e6 2.0957211778799336e7 5.647114125433043e6 2.1377937442341898e7 7.78750647974151e6 1.8910111081542183e7 6.515594383691781e6 2.375726133632353e7 1.2556849428791492e6
