395868.44056658045 887536.6855337381 1.3005471118730162e6 825439.3178620391 813073.0742859232 2.433722496788946e6 1.3482552528295605e6 453654.0646409732 1.5697552230212416e6 211430.9660816053 1.078100471693278e6 1.0026144815703474e6 2.3511454011513665e6 276296.4124156698 289834.1244652534 316834.2876786799 887536.6855337381 1.989856445845493e6 2.915825447970045e6 1.8506342037166962e6 1.8229090968091076e6 5.456403635554941e6 3.022787056824101e6 1.0170920024190187e6 3.5193897895612223e6 474028.03463365044 2.41710028197633e6 2.2478607604270736e6 5.271265861858497e6 619456.3066186699 649807.8447837254 710342.1862761085 1.3005471118730162e6 2.915825447970045e6 4.27268914839592e6 2.7118168837491698e6 2.671190047357217e6 7.995511740640777e6 4.429424767039986e6 1.4903902991454594e6 5.157118912348596e6 694614.432775693 3.5418849069222757e6 3.2938906836375305e6 7.7242210990210315e6 907716.9694906229 952192.4328093344 1.0408961047591977e6 825439.3178620391 1.8506342037166962e6 2.7118168837491698e6 1.7211527812052332e6 1.695367488375687e6 5.074641046757286e6 2.811294819578744e6 945930.1709594248 3.273152258984128e6 440862.2020172366 2.2479855091948663e6 2.0905869954208622e6 4.902456617514693e6 576115.4434682982 604343.406737175 660642.4041342814 813073.0742859232 1.8229090968091076e6 2.671190047357217e6 1.695367488375687e6 1.6699684955501652e6 4.998615776470797e6 2.7691776635978194e6 931758.8046979059 3.2241158280552626e6 434257.46529622766 2.2143075200795853e6 2.0592670577307174e6 4.829010912492364e6 567484.4226921812 595289.4913134603 650745.050434926 2.433722496788946e6 5.456403635554941e6 7.995511740640777e6 5.074641046757286e6 4.998615776470797e6 1.4962054522202916e7 8.288812150645025e6 2.7889773210925916e6 9.650551065022843e6 1.2998366273759066e6 6.627952882537029e6 6.163879636153382e6 1.4454386532592442e7 1.6986168276402361e6 1.7818440591997094e6 1.947835832970414e6 1.3482552528295605e6 3.022787056824101e6 4.429424767039986e6 2.811294819578744e6 2.7691776635978194e6 8.288812150645025e6 4.591909939021196e6 1.5450624827386367e6 5.3462981844825e6 720095.0654777158 3.6718123373464984e6 3.4147209093139465e6 8.007569718696096e6 941014.8706075908 987121.8332036033 1.079079433631807e6 453654.0646409732 1.0170920024190187e6 1.4903902991454594e6 945930.1709594248 931758.8046979059 2.7889773210925916e6 1.5450624827386367e6 519874.75958105037 1.7988951996167335e6 242293.92223489447 1.2354727251685217e6 1.1489679100998996e6 2.6943462991585922e6 316627.89374846884 332141.7298310897 363083.1551445343 1.5697552230212416e6 3.5193897895612223e6 5.157118912348596e6 3.273152258984128e6 3.2241158280552626e6 9.650551065022843e6 5.3462981844825e6 1.7988951996167335e6 6.224622141324828e6 838396.8745778463 4.275041081729155e6 3.975713034535479e6 9.32310433298861e6 1.0956107940071633e6 1.1492925024231623e6 1.2563574838246638e6 211430.9660816053 474028.03463365044 694614.432775693 440862.2020172366 434257.46529622766 1.2998366273759066e6 720095.0654777158 242293.92223489447 838396.8745778463 112924.01423619522 575807.0128977777 535490.3971188712 1.2557326945595443e6 147568.2611079515 154798.67213309265 169219.29779450013 1.078100471693278e6 2.41710028197633e6 3.5418849069222757e6 2.2479855091948663e6 2.2143075200795853e6 6.627952882537029e6 3.6718123373464984e6 1.2354727251685217e6 4.275041081729155e6 575807.0128977777 2.936078019762688e6 2.7305009309670017e6 6.403064013824692e6 752460.3176908087 789328.6614400981 862860.384894812 1.0026144815703474e6 2.2478607604270736e6 3.2938906836375305e6 2.0905869954208622e6 2.0592670577307174e6 6.163879636153382e6 3.4147209093139465e6 1.1489679100998996e6 3.975713034535479e6 535490.3971188712 2.7305009309670017e6 2.5393178532136804e6 5.954736942652076e6 699774.8643397916 734061.7757410026 802444.9855866771 2.3511454011513665e6 5.271265861858497e6 7.7242210990210315e6 4.902456617514693e6 4.829010912492364e6 1.4454386532592442e7 8.007569718696096e6 2.6943462991585922e6 9.32310433298861e6 1.2557326945595443e6 6.403064013824692e6 5.954736942652076e6 1.3963943903796734e7 1.6409821365804635e6 1.7213854376921535e6 1.8817450497863318e6 276296.4124156698 619456.3066186699 907716.9694906229 576115.4434682982 567484.4226921812 1.6986168276402361e6 941014.8706075908 316627.89374846884 1.0956107940071633e6 147568.2611079515 752460.3176908087 699774.8643397916 1.6409821365804635e6 192841.10500071663 202289.7522994579 221134.5185552125 289834.1244652534 649807.8447837254 952192.4328093344 604343.406737175 595289.4913134603 1.7818440591997094e6 987121.8332036033 332141.7298310897 1.1492925024231623e6 154798.67213309265 789328.6614400981 734061.7757410026 1.7213854376921535e6 202289.7522994579 212201.35554203528 231969.4599511218 316834.2876786799 710342.1862761085 1.0408961047591977e6 660642.4041342814 650745.050434926 1.947835832970414e6 1.079079433631807e6 363083.1551445343 1.2563574838246638e6 169219.29779450013 862860.384894812 802444.9855866771 1.8817450497863318e6 221134.5185552125 231969.4599511218 253579.10750648257
3.273500843204206e6 351321.74077110476 1.0256050157214226e7 3.1665628528941614e6 3.60690559386033e6 5.733752567767903e6 674740.7611518906 1.013581145655352e7 3.888286803791205e6 2.554519924731797e6 7.042620078697635e6 1.2445251535061563e6 7.156269496040606e6 703310.1322211156 6.7007077267221445e6 9.37040345238397e6 351321.74077110476 37704.88276936722 1.1007094750406006e6 339844.84105125803 387103.7194515235 615363.1936405005 72415.16349971957 1.087805103956698e6 417302.37869378965 274158.59343808383 755834.7054573348 133566.1007300172 768031.8952706332 75481.31245080741 719139.6659748969 1.0056592652032945e6 1.0256050157214226e7 1.1007094750406006e6 3.2132744076013137e7 9.921007814210594e6 1.130062476072515e7 1.7964148091229036e7 2.1139982608701605e6 3.1756029908557046e7 1.2182206877418272e7 8.003445158733404e6 2.206489878115518e7 3.8991627030650624e6 2.242096837772408e7 2.2035076016892786e6 2.099366941565446e7 2.935796641094321e7 3.1665628528941614e6 339844.84105125803 9.921007814210594e6 3.063118288833049e6 3.489076012039318e6 5.546443626697957e6 652698.4815148936 9.804697044417184e6 3.7612651238030326e6 2.471069441581656e6 6.812553347755263e6 1.2038692853146032e6 6.9224900914583905e6 680334.5547867749 6.481810511699813e6 9.064293217015464e6 3.60690559386033e6 387103.7194515235 1.130062476072515e7 3.489076012039318e6 3.974267484924967e6 6.317732971850944e6 743462.8376090849 1.1168139796527892e7 4.284307258463999e6 2.8146967566148294e6 7.759908114892444e6 1.37127954226747e6 7.885132679903425e6 774941.9876867716 7.383172126719244e6 1.0324775293489518e7 5.733752567767903e6 615363.1936405005 1.7964148091229036e7 5.546443626697957e6 6.317732971850944e6 1.0043045682006007e7 1.1818529327291762e6 1.775354207898693e7 6.810590714139954e6 4.47441008248169e6 1.2335613428625396e7 2.1798678651272077e6 1.253467787666682e7 1.2318940699012508e6 1.1736731399875985e7 1.6412879491895156e7 674740.7611518906 72415.16349971957 2.1139982608701605e6 652698.4815148936 743462.8376090849 1.1818529327291762e6 139078.9605889318 2.089214411318954e6 801461.7143030522 526542.9278778041 1.4516394099207497e6 256524.09746363814 1.4750650627723935e6 144967.73841555082 1.3811637290917332e6 1.9314469311616584e6 1.013581145655352e7 1.087805103956698e6 3.1756029908557046e7 9.804697044417184e6 1.1168139796527892e7 1.775354207898693e7 2.089214411318954e6 3.1383732219308563e7 1.2039386522245735e7 7.909615289344708e6 2.18062168598514e7 3.853450148046847e6 2.215811200865728e7 2.1776743728280934e6 2.0747546249918662e7 2.9013782862580836e7 3.888286803791205e6 417302.37869378965 1.2182206877418272e7 3.7612651238030326e6 4.284307258463999e6 6.810590714139954e6 801461.7143030522 1.2039386522245735e7 4.618533793850528e6 3.034276326513453e6 8.36527254085291e6 1.478255532272164e6 8.500266100005528e6 835396.609646579 7.9591466988512315e6 1.113022963343446e7 2.554519924731797e6 274158.59343808383 8.003445158733404e6 2.471069441581656e6 2.8146967566148294e6 4.47441008248169e6 526542.9278778041 7.909615289344708e6 3.034276326513453e6 1.9934536016383946e6 5.495802254243393e6 971181.757310778 5.58449008874922e6 548837.4166007565 5.228986402508842e6 7.312318972388074e6 7.042620078697635e6 755834.7054573348 2.206489878115518e7 6.812553347755263e6 7.759908114892444e6 1.2335613428625396e7 1.4516394099207497e6 2.18062168598514e7 8.36527254085291e6 5.495802254243393e6 1.5151515135803817e7 2.6774753556951983e6 1.5396020852114689e7 1.5131036452960316e6 1.4415923819193574e7 2.0159515656229906e7 1.2445251535061563e6 133566.1007300172 3.8991627030650624e6 1.2038692853146032e6 1.37127954226747e6 2.1798678651272077e6 256524.09746363814 3.853450148046847e6 1.478255532272164e6 971181.757310778 2.6774753556951983e6 473145.70299406594 2.7206827857034337e6 267385.6498561828 2.5474865325026438e6 3.5624560229463493e6 7.156269496040606e6 768031.8952706332 2.242096837772408e7 6.9224900914583905e6 7.885132679903425e6 1.253467787666682e7 1.4750650627723935e6 2.215811200865728e7 8.500266100005528e6 5.58449008874922e6 1.5396020852114689e7 2.7206827857034337e6 1.5644472249420028e7 1.5375211697039674e6 1.4648559020894667e7 2.0484837366423693e7 703310.1322211156 75481.31245080741 2.2035076016892786e6 680334.5547867749 774941.9876867716 1.2318940699012508e6 144967.73841555082 2.1776743728280934e6 835396.609646579 548837.4166007565 1.5131036452960316e6 267385.6498561828 1.5375211697039674e6 151105.8544896261 1.4396439356475272e6 2.0132268194593086e6 6.7007077267221445e6 719139.6659748969 2.099366941565446e7 6.481810511699813e6 7.383172126719244e6 1.1736731399875985e7 1.3811637290917332e6 2.0747546249918662e7 7.9591466988512315e6 5.228986402508842e6 1.4415923819193574e7 2.5474865325026438e6 1.4648559020894667e7 1.4396439356475272e6 1.371604474523514e7 1.9180790787404817e7 9.37040345238397e6 1.0056592652032945e6 2.935796641094321e7 9.064293217015464e6 1.0324775293489518e7 1.6412879491895156e7 1.9314469311616584e6 2.9013782862580836e7 1.113022963343446e7 7.312318972388074e6 2.0159515656229906e7 3.5624560229463493e6 2.0484837366423693e7 2.0132268194593086e6 1.9180790787404817e7 2.6822800746403247e7
1.3291282654396553e7 9.38993925467077e6 1.626409035553713e7 2.732286280773697e7 5.946032594815218e6 1.789859959584773e7 2.0326168873042498e7 2.8044555762255983e6 2.899125510130356e7 2.391801569212941e7 1.855486118713025e7 2.153379084435933e7 2.3189765078040235e7 1.3414571283599045e6 2.311500432197243e7 2.23528866983209e6 9.38993925467077e6 6.633743446667389e6 1.1490149178375445e7 1.9302879089964073e7 4.200714582887804e6 1.2644886676387932e7 1.4359900090975406e7 1.9812736052581281e6 2.048155406791054e7 1.689744475993571e7 1.3108518113439498e7 1.5213053037017066e7 1.6382954984472837e7 947703.9406635418 1.6330138489905419e7 1.5791722568953296e6 1.626409035553713e7 1.1490149178375445e7 1.9901813991261143e7 3.3434057572312962e7 7.275957775757215e6 2.190190733534321e7 2.487244126312493e7 3.4317168685548455e6 3.5475612455811955e7 2.9267662005011294e7 2.270495231565268e7 2.6350167180745978e7 2.837652650688058e7 1.6414954456263806e6 2.8285044313374385e7 2.7352466907948763e6 2.732286280773697e7 1.9302879089964073e7 3.3434057572312962e7 5.6167553683276206e7 1.2223247150998503e7 3.679411490404176e7 4.178446414585324e7 5.765113642682057e6 5.959726433889352e7 4.916821637023732e7 3.814319052682736e7 4.426697018412368e7 4.7671153059208654e7 2.757630699285024e6 4.751746752451967e7 4.595078387059096e6 5.946032594815218e6 4.200714582887804e6 7.275957775757215e6 1.2223247150998503e7 2.660036998529258e6 8.007177287983798e6 9.093182786753131e6 1.2546106121242363e6 1.296962469908292e7 1.0700043374794986e7 8.3007646650606375e6 9.633428584722802e6 1.0374250748066362e7 600118.740770046 1.0340805526566602e7 999986.2041340508 1.789859959584773e7 1.2644886676387932e7 2.190190733534321e7 3.679411490404176e7 8.007177287983798e6 2.4103006144896813e7 2.7372072916967753e7 3.7765976955279326e6 3.90408420565539e7 3.220900473883298e7 2.49867555735958e7 2.89983073963465e7 3.1228311867727663e7 1.806462524334883e6 3.1127635892869975e7 3.010133628391797e6 2.0326168873042498e7 1.4359900090975406e7 2.487244126312493e7 4.178446414585324e7 9.093182786753131e6 2.7372072916967753e7 3.1084519966835327e7 4.28881388813526e6 4.433591266946879e7 3.6577480045200005e7 2.837568440249189e7 3.2931319012649234e7 3.546377677450949e7 2.051471241413308e6 3.534944621722442e7 3.4183950612152875e6 2.8044555762255983e6 1.9812736052581281e6 3.4317168685548455e6 5.765113642682057e6 1.2546106121242363e6 3.7765976955279326e6 4.28881388813526e6 591739.0581127428 6.117143780983037e6 5.046692198503178e6 3.91506864125913e6 4.543621663990645e6 4.893031596386908e6 283046.94300155307 4.877257105339737e6 471645.0577108818 2.899125510130356e7 2.048155406791054e7 3.5475612455811955e7 5.959726433889352e7 1.296962469908292e7 3.90408420565539e7 4.433591266946879e7 6.117143780983037e6 6.323640044407884e7 5.2170532557152025e7 4.04722951149813e7 4.697000582260811e7 5.058205536652088e7 2.926017512905702e6 5.041898546521146e7 4.875663676501493e6 2.391801569212941e7 1.689744475993571e7 2.9267662005011294e7 4.916821637023732e7 1.0700043374794986e7 3.220900473883298e7 3.6577480045200005e7 5.046692198503178e6 5.2170532557152025e7 4.3041103671037816e7 3.3389964879895438e7 3.875062781514544e7 4.173059737390282e7 2.4139876850649794e6 4.159606341030573e7 4.0224612531129974e6 1.855486118713025e7 1.3108518113439498e7 2.270495231565268e7 3.814319052682736e7 8.3007646650606375e6 2.49867555735958e7 2.837568440249189e7 3.91506864125913e6 4.04722951149813e7 3.3389964879895438e7 2.590290814105809e7 3.0061545626495015e7 3.237331438759722e7 1.8726974252534597e6 3.22689470750396e7 3.120501764980523e6 2.153379084435933e7 1.5213053037017066e7 2.6350167180745978e7 4.426697018412368e7 9.633428584722802e6 2.89983073963465e7 3.2931319012649234e7 4.543621663990645e6 4.697000582260811e7 3.875062781514544e7 3.0061545626495015e7 3.48878404128459e7 3.7570757007049635e7 2.1733536167949755e6 3.744963382229833e7 3.6214893584411386e6 2.3189765078040235e7 1.6382954984472837e7 2.837652650688058e7 4.7671153059208654e7 1.0374250748066362e7 3.1228311867727663e7 3.546377677450949e7 4.893031596386908e6 5.058205536652088e7 4.173059737390282e7 3.237331438759722e7 3.7570757007049635e7 4.0459993091547854e7 2.3404871055570072e6 4.032955538923208e7 3.8999862152404613e6 1.3414571283599045e6 947703.9406635418 1.6414954456263806e6 2.757630699285024e6 600118.740770046 1.806462524334883e6 2.051471241413308e6 283046.94300155307 2.926017512905702e6 2.4139876850649794e6 1.8726974252534597e6 2.1733536167949755e6 2.3404871055570072e6 135390.03525986648 2.332941682609015e6 225602.29874402026 2.311500432197243e7 1.6330138489905419e7 2.8285044313374385e7 4.751746752451967e7 1.0340805526566602e7 3.1127635892869975e7 3.534944621722442e7 4.877257105339737e6 5.041898546521146e7 4.159606341030573e7 3.22689470750396e7 3.744963382229833e7 4.032955538923208e7 2.332941682609015e6 4.019953820093237e7 3.8874131720412658e6 2.23528866983209e6 1.5791722568953296e6 2.7352466907948763e6 4.595078387059096e6 999986.2041340508 3.010133628391797e6 3.4183950612152875e6 471645.0577108818 4.875663676501493e6 4.0224612531129974e6 3.120501764980523e6 3.6214893584411386e6 3.8999862152404613e6 225602.29874402026 3.8874131720412658e6 375924.2480504275
8.106966321808594e7 9.657615024551643e7 1.2034490188723719e7 6.248389292201006e7 1.2484175308358029e7 2.8819356420521908e7 2.603172827754941e7 1.0277968486686617e8 7.236678435065742e7 3.848765359886306e7 5.796716678857926e7 4.01785439587695e7 1.6623854086119184e7 1.3242210001782436e7 1.2157932029545777e7 5.080109759383189e7 9.657615024551643e7 1.1504861900257407e8 1.4336370554146923e7 7.443541259728052e7 1.4872068569323672e7 3.433173871908339e7 3.101091088191678e7 1.2243872607669693e8 8.620864033236556e7 4.5849325987232685e7 6.905475595748892e7 4.786363904793613e7 1.9803558645133514e7 1.5775095293963345e7 1.4483423561308727e7 6.0518006848763205e7 1.2034490188723719e7 1.4336370554146923e7 1.7864753392755843e6 9.27550166700874e6 1.8532294239162968e6 4.278126346166057e6 3.86431330927005e6 1.5257262211673707e7 1.074258016731445e7 5.713349127607863e6 8.605010460061204e6 5.964355516912339e6 2.4677493523069727e6 1.965756856726614e6 1.8047998217426538e6 7.541234122617839e6 6.248389292201006e7 7.443541259728052e7 9.27550166700874e6 4.8159036558304295e7 9.622093422154741e6 2.2212323441099517e7 2.0063777962092064e7 7.921674481986122e7 5.577620807813971e7 2.966409789838958e7 4.467780053392208e7 3.096734017172966e7 1.2812722755168177e7 1.0206343519354265e7 9.370643628352188e6 3.915460131904713e7 1.2484175308358029e7 1.4872068569323672e7 1.8532294239162968e6 9.622093422154741e6 1.9224778658639654e6 4.437984364878722e6 4.0087086401509373e6 1.582737059809935e7 1.1143991309121385e7 5.926836200651328e6 8.926548397896979e6 6.187221785620371e6 2.5599601684958837e6 2.0392100394893829e6 1.8722386256328914e6 7.823022608497969e6 2.8819356420521908e7 3.433173871908339e7 4.278126346166057e6 2.2212323441099517e7 4.437984364878722e6 1.0244958120262519e7 9.25398756689923e6 3.6537025730561204e7 2.5725580549141485e7 1.368192937808784e7 2.0606677936651584e7 1.4283021944848336e7 5.909593761378025e6 4.707457200237009e6 4.32200853669997e6 1.805922067508652e7 2.603172827754941e7 3.101091088191678e7 3.86431330927005e6 2.0063777962092064e7 4.0087086401509373e6 9.25398756689923e6 8.358871249942325e6 3.30028856997833e7 2.3237206024510305e7 1.2358508728854993e7 1.861344274738568e7 1.2901459034172067e7 5.337972742422121e6 4.252116005876584e6 3.903950879364746e6 1.6312394997946355e7 1.0277968486686617e8 1.2243872607669693e8 1.5257262211673707e7 7.921674481986122e7 1.582737059809935e7 3.6537025730561204e7 3.30028856997833e7 1.3030353404719283e8 9.174622164619666e7 4.879444111559796e7 7.349046361680336e7 5.093814285848167e7 2.1075633182881195e7 1.6788402922838688e7 1.5413761116386643e7 6.440535946891812e7 7.236678435065742e7 8.620864033236556e7 1.074258016731445e7 5.577620807813971e7 1.1143991309121385e7 2.5725580549141485e7 2.3237206024510305e7 9.174622164619666e7 6.459816495310462e7 3.4355980000301346e7 5.174435530986466e7 3.586535222634332e7 1.4839272990326174e7 1.1820650505814863e7 1.0852770449597811e7 4.534756810892215e7 3.848765359886306e7 4.5849325987232685e7 5.713349127607863e6 2.966409789838958e7 5.926836200651328e6 1.368192937808784e7 1.2358508728854993e7 4.879444111559796e7 3.4355980000301346e7 1.8271933307052538e7 2.751979158300779e7 1.9074679980252206e7 7.89214006999677e6 6.286711591004871e6 5.771952884186754e6 2.4117715172612753e7 5.796716678857926e7 6.905475595748892e7 8.605010460061204e6 4.467780053392208e7 8.926548397896979e6 2.0606677936651584e7 1.861344274738568e7 7.349046361680336e7 5.174435530986466e7 2.751979158300779e7 4.1448209997563384e7 2.872882736313955e7 1.188653911003415e7 9.468565248109566e6 8.693274966062322e6 3.632426212679254e7 4.01785439587695e7 4.786363904793613e7 5.964355516912339e6 3.096734017172966e7 6.187221785620371e6 1.4283021944848336e7 1.2901459034172067e7 5.093814285848167e7 3.586535222634332e7 1.9074679980252206e7 2.872882736313955e7 1.991269397905471e7 8.238867976625588e6 6.562907696268515e6 6.025533931018715e6 2.5177286444828343e7 1.6623854086119184e7 1.9803558645133514e7 2.4677493523069727e6 1.2812722755168177e7 2.5599601684958837e6 5.909593761378025e6 5.337972742422121e6 2.1075633182881195e7 1.4839272990326174e7 7.89214006999677e6 1.188653911003415e7 8.238867976625588e6 3.4088278365381146e6 2.715400041260671e6 2.4930618930094982e6 1.041709068832247e7 1.3242210001782436e7 1.5775095293963345e7 1.965756856726614e6 1.0206343519354265e7 2.0392100394893829e6 4.707457200237009e6 4.252116005876584e6 1.6788402922838688e7 1.1820650505814863e7 6.286711591004871e6 9.468565248109566e6 6.562907696268515e6 2.715400041260671e6 2.163030149262867e6 1.9859202904240617e6 8.2980337644783575e6 1.2157932029545777e7 1.4483423561308727e7 1.8047998217426538e6 9.370643628352188e6 1.8722386256328914e6 4.32200853669997e6 3.903950879364746e6 1.5413761116386643e7 1.0852770449597811e7 5.771952884186754e6 8.693274966062322e6 6.025533931018715e6 2.4930618930094982e6 1.9859202904240617e6 1.8233122646311766e6 7.618587114524244e6 5.080109759383189e7 6.0518006848763205e7 7.541234122617839e6 3.915460131904713e7 7.823022608497969e6 1.805922067508652e7 1.6312394997946355e7 6.440535946891812e7 4.534756810892215e7 2.4117715172612753e7 3.632426212679254e7 2.5177286444828343e7 1.041709068832247e7 8.2980337644783575e6 7.618587114524244e6 3.1833751545205493e7
8.845020032955384e7 5.1761393175383136e7 3.3189291278393645e7 2.4918698767399978e7 3.618115080312269e7 1.0084311803601754e8 9.53518016062065e7 3.833975868487143e7 5.864626309030414e7 1.2195436945378451e8 7.572998627529764e7 6.3820437813207656e7 1.496854048436955e8 1.4140882891522053e8 1.375885099940694e8 8.11326468183578e7 5.1761393175383136e7 3.029096388107767e7 1.9422499312296506e7 1.4582517162342208e7 2.1173346869543597e7 5.901377568672154e7 5.580023645543822e7 2.2436572400547218e7 3.432001590470003e7 7.136816019900037e7 4.431747559821295e7 3.73479626045658e7 8.75964674343661e7 8.275298376577614e7 8.051731862317288e7 4.747913306784591e7 3.3189291278393645e7 1.9422499312296506e7 1.24536637730373e7 9.350277880529003e6 1.3576303369785508e7 3.783950296832188e7 3.577898869235895e7 1.4386280797493573e7 2.20059185942064e7 4.5761107102004714e7 2.8416267726188477e7 2.394743134786794e7 5.61666619518299e7 5.306103089328595e7 5.162752732881661e7 3.0443515530872025e7 2.4918698767399978e7 1.4582517162342208e7 9.350277880529003e6 7.020239026558158e6 1.0193161740297822e7 2.8410102766779747e7 2.6863057543127332e7 1.0801297158440672e7 1.6522162282686012e7 3.4357685844287e7 2.1335086959921136e7 1.797986052202903e7 4.217023250686826e7 3.9838507970137395e7 3.876222576798443e7 2.2857155537645437e7 3.618115080312269e7 2.1173346869543597e7 1.3576303369785508e7 1.0193161740297822e7 1.4800143680408427e7 4.12505573477954e7 3.900429733804534e7 1.5683136788432676e7 2.3989649328141946e7 4.988625707875063e7 3.097786148065332e7 2.610618038441505e7 6.1229824076120734e7 5.78442348893703e7 5.628150767691415e7 3.3187856202182814e7 1.0084311803601754e8 5.901377568672154e7 3.783950296832188e7 2.8410102766779747e7 4.12505573477954e7 1.149724298795996e8 1.0871171516282886e8 4.371161168799605e7 6.6863297190417e7 1.3904161695524016e8 8.634065176078668e7 7.27624349015432e7 1.7065809792042103e8 1.6122187595394138e8 1.5686628523209482e8 9.250028885400319e7 9.53518016062065e7 5.580023645543822e7 3.577898869235895e7 2.6863057543127332e7 3.900429733804534e7 1.0871171516282886e8 1.027919217330644e8 4.1331337296340674e7 6.322231970416022e7 1.3147023746515834e8 8.16390533888952e7 6.880022546147817e7 1.613650729203809e8 1.5244269147895688e8 1.483242803223422e8 8.746327328131102e7 3.833975868487143e7 2.2436572400547218e7 1.4386280797493573e7 1.0801297158440672e7 1.5683136788432676e7 4.371161168799605e7 4.1331337296340674e7 1.6618810251840936e7 2.5420898610451844e7 5.286252691348018e7 3.2826035307840917e7 2.766370427432097e7 6.4882863791966245e7 6.129528657164966e7 5.963932530767904e7 3.516788078366164e7 5.864626309030414e7 3.432001590470003e7 2.20059185942064e7 1.6522162282686012e7 2.3989649328141946e7 6.6863297190417e7 6.322231970416022e7 2.5420898610451844e7 3.888497891064661e7 8.086095915386009e7 5.0212217523291044e7 4.2315677890908964e7 9.924782081368442e7 9.376009724064875e7 9.12270625193714e7 5.379441236756935e7 1.2195436945378451e8 7.136816019900037e7 4.5761107102004714e7 3.4357685844287e7 4.988625707875063e7 1.3904161695524016e8 1.3147023746515834e8 5.286252691348018e7 8.086095915386009e7 1.6814962740000376e8 1.044158485852721e8 8.799506640770844e7 2.0638493859971368e8 1.9497326745784205e8 1.8970584484709105e8 1.1186499010724548e8 7.572998627529764e7 4.431747559821295e7 2.8416267726188477e7 2.1335086959921136e7 3.097786148065332e7 8.634065176078668e7 8.16390533888952e7 3.2826035307840917e7 5.0212217523291044e7 1.044158485852721e8 6.483909363561413e7 5.464228302106867e7 1.2815882397315322e8 1.2107252027757595e8 1.1780160965907997e8 6.94647859150168e7 6.3820437813207656e7 3.73479626045658e7 2.394743134786794e7 1.797986052202903e7 2.610618038441505e7 7.27624349015432e7 6.880022546147817e7 2.766370427432097e7 4.2315677890908964e7 8.799506640770844e7 5.464228302106867e7 4.604905661596991e7 1.0800414284850344e8 1.0203225474218522e8 9.927573836092745e7 5.854052361215338e7 1.496854048436955e8 8.75964674343661e7 5.61666619518299e7 4.217023250686826e7 6.1229824076120734e7 1.7065809792042103e8 1.613650729203809e8 6.4882863791966245e7 9.924782081368442e7 2.0638493859971368e8 1.2815882397315322e8 1.0800414284850344e8 2.533145243282688e8 2.3930796906940624e8 2.3284279451678893e8 1.3730181548258916e8 1.4140882891522053e8 8.275298376577614e7 5.306103089328595e7 3.9838507970137395e7 5.78442348893703e7 1.6122187595394138e8 1.5244269147895688e8 6.129528657164966e7 9.376009724064875e7 1.9497326745784205e8 1.2107252027757595e8 1.0203225474218522e8 2.3930796906940624e8 2.2607588022039446e8 2.1996818546436423e8 1.2970996708463916e8 1.375885099940694e8 8.051731862317288e7 5.162752732881661e7 3.876222576798443e7 5.628150767691415e7 1.5686628523209482e8 1.483242803223422e8 5.963932530767904e7 9.12270625193714e7 1.8970584484709105e8 1.1780160965907997e8 9.927573836092745e7 2.3284279451678893e8 2.1996818546436423e8 2.140254969672789e8 1.2620570610378891e8 8.11326468183578e7 4.747913306784591e7 3.0443515530872025e7 2.2857155537645437e7 3.3187856202182814e7 9.250028885400319e7 8.746327328131102e7 3.516788078366164e7 5.379441236756935e7 1.1186499010724548e8 6.94647859150168e7 5.854052361215338e7 1.3730181548258916e8 1.2970996708463916e8 1.2620570610378891e8 7.442048017106608e7
9.592222734965467e7 5.7895988918132305e7 7.795288165291032e6 426706.1254098844 1.3516337553610137e8 5.87170188629767e7 9.002411870355274e7 4.06335755946164e7 1.480499928020781e8 2.322273573934693e7 7.728803578206886e7 3.5383913285943575e7 2.0876521180245975e8 1.1117094968840694e8 1.2619899748427236e8 1.4804339805568844e8 5.7895988918132305e7 3.4944408876057714e7 4.705019156677894e6 257547.95098717834 8.158085470274115e7 3.543995971866789e7 5.4336054560395695e7 2.4525296246037092e7 8.935885851934962e7 1.4016597489057213e7 4.664890908789954e7 2.135674606486834e7 1.2600487627282214e8 6.709969366866901e7 7.617020540187804e7 8.935487811382274e7 7.795288165291032e6 4.705019156677894e6 633497.7748006305 34677.022222804306 1.0984288947510054e7 4.771741596191994e6 7.3159680139880115e6 3.3021588394893752e6 1.2031542517820992e7 1.8872363796842538e6 6.280947881395502e6 2.875535817930452e6 1.696567135535817e7 9.03450235023471e6 1.0255783031129569e7 1.203100658418074e7 426706.1254098844 257547.95098717834 34677.022222804306 1898.184836749117 601268.776444218 261200.2692901405 400468.6290843389 180756.8077034527 658594.3690116308 103305.39503251067 343812.682423349 157403.898525493 928683.5503087613 494539.4462824481 561391.1054299498 658565.0325506483 1.3516337553610137e8 8.158085470274115e7 1.0984288947510054e7 601268.776444218 1.9045781766220567e8 8.273776256265633e7 1.2685238968941301e8 5.7256502368837796e7 2.086162647399829e8 3.272300319165068e7 1.089060595598964e8 4.98592379633901e7 2.9416967788781434e8 1.5665024923436868e8 1.7782617189515907e8 2.0860697212650362e8 5.87170188629767e7 3.543995971866789e7 4.771741596191994e6 261200.2692901405 8.273776256265633e7 3.5942538027058996e7 5.510660065024427e7 2.4873092406020638e7 9.062606718185718e7 1.421536853483069e7 4.7310442848202825e7 2.1659608635684587e7 1.2779176649699102e8 6.805124245160393e7 7.725038419679113e7 9.062203032972337e7 9.002411870355274e7 5.4336054560395695e7 7.3159680139880115e6 400468.6290843389 1.2685238968941301e8 5.510660065024427e7 8.44886755893344e7 3.81350801972667e7 1.389466288922907e8 2.1794805819088716e7 7.253571460811628e7 3.320821146321587e7 1.9592856345974565e8 1.0433522081023555e8 1.1843921730862923e8 1.3894043964660484e8 4.06335755946164e7 2.4525296246037092e7 3.3021588394893752e6 180756.8077034527 5.7256502368837796e7 2.4873092406020638e7 3.81350801972667e7 1.721277238053365e7 6.2715397051581405e7 9.837373612467002e6 3.2739953306780864e7 1.4988965071638485e7 8.843494620261121e7 4.709308064358081e7 5.3459105839460544e7 6.271260345375371e7 1.480499928020781e8 8.935885851934962e7 1.2031542517820992e7 658594.3690116308 2.086162647399829e8 9.062606718185718e7 1.389466288922907e8 6.2715397051581405e7 2.2850595711041194e8 3.584284846224697e7 1.1928927692131247e8 5.4612869738706715e7 3.2221612194235337e8 1.7158544746019274e8 1.947803046844414e8 2.2849577852946678e8 2.322273573934693e7 1.4016597489057213e7 1.8872363796842538e6 103305.39503251067 3.272300319165068e7 1.421536853483069e7 2.1794805819088716e7 9.837373612467002e6 3.584284846224697e7 5.62221572747375e6 1.8711404857579514e7 8.566432310502356e6 5.054198051078478e7 2.691444577381784e7 3.055273058313023e7 3.584125187658683e7 7.728803578206886e7 4.664890908789954e7 6.280947881395502e6 343812.682423349 1.089060595598964e8 4.7310442848202825e7 7.253571460811628e7 3.2739953306780864e7 1.1928927692131247e8 1.8711404857579514e7 6.227378825635518e7 2.851010898845099e7 1.6820974247214228e8 8.957448732006645e7 1.0168313333333762e8 1.1928396329370998e8 3.5383913285943575e7 2.135674606486834e7 2.875535817930452e6 157403.898525493 4.98592379633901e7 2.1659608635684587e7 3.320821146321587e7 1.4988965071638485e7 5.4612869738706715e7 8.566432310502356e6 2.851010898845099e7 1.3052462959010737e7 7.700957698379044e7 4.10088813862885e7 4.6552446780444585e7 5.461043706026667e7 2.0876521180245975e8 1.2600487627282214e8 1.696567135535817e7 928683.5503087613 2.9416967788781434e8 1.2779176649699102e8 1.9592856345974565e8 8.843494620261121e7 3.2221612194235337e8 5.054198051078478e7 1.6820974247214228e8 7.700957698379044e7 4.5435677280572224e8 2.4195254321379587e8 2.7465959837469363e8 3.222017691310722e8 1.1117094968840694e8 6.709969366866901e7 9.03450235023471e6 494539.4462824481 1.5665024923436868e8 6.805124245160393e7 1.0433522081023555e8 4.709308064358081e7 1.7158544746019274e8 2.691444577381784e7 8.957448732006645e7 4.10088813862885e7 2.4195254321379587e8 1.2884375598964657e8 1.4626080719446456e8 1.715778043493169e8 1.2619899748427236e8 7.617020540187804e7 1.0255783031129569e7 561391.1054299498 1.7782617189515907e8 7.725038419679113e7 1.1843921730862923e8 5.3459105839460544e7 1.947803046844414e8 3.055273058313023e7 1.0168313333333762e8 4.6552446780444585e7 2.7465959837469363e8 1.4626080719446456e8 1.6603228892904475e8 1.9477162838066873e8 1.4804339805568844e8 8.935487811382274e7 1.203100658418074e7 658565.0325506483 2.0860697212650362e8 9.062203032972337e7 1.3894043964660484e8 6.271260345375371e7 2.2849577852946678e8 3.584125187658683e7 1.1928396329370998e8 5.461043706026667e7 3.222017691310722e8 1.715778043493169e8 1.9477162838066873e8 2.2848560040191683e8
