372544.33891477156 2.1775091375282253e6 1.6178561274929612e6 2.0451797114975415e6 1.892278918377869e6 890911.3488413877 1.3114801280771005e6 875226.4016639957 992381.0149290628 2.2991448080668813e6 2.41691735786888e6 2.1775091375282253e6 1.272746770983321e7 9.456314679439805e6 1.1954006663062077e7 1.1060306667181673e7 5.207346885154339e6 7.6655572619717e6 5.115668896166746e6 5.800433672438464e6 1.34384241152341e7 1.4126800709791666e7 1.6178561274929612e6 9.456314679439805e6 7.025897794853695e6 8.881644900870586e6 8.217639414254434e6 3.868979432018172e6 5.695392305451728e6 3.800864082381488e6 4.309633882741597e6 9.98454446136571e6 1.0495997787707154e7 2.0451797114975415e6 1.1954006663062077e7 8.881644900870586e6 1.1227549624041056e7 1.0388160678093936e7 4.89089116399151e6 7.199713617414821e6 4.804784538840372e6 5.447935469159221e6 1.2621757530796964e7 1.3268300785562368e7 1.892278918377869e6 1.1060306667181673e7 8.217639414254434e6 1.0388160678093936e7 9.611525745815974e6 4.525240588723129e6 6.6614519105591625e6 4.445571427822419e6 5.040639401524511e6 1.1678135448994705e7 1.2276342131729763e7 890911.3488413877 5.207346885154339e6 3.868979432018172e6 4.89089116399151e6 4.525240588723129e6 2.130546484229261e6 3.1363046162168304e6 2.0930371303439692e6 2.373203445126839e6 5.498229306351489e6 5.779873369193073e6 1.3114801280771005e6 7.6655572619717e6 5.695392305451728e6 7.199713617414821e6 6.6614519105591625e6 3.1363046162168304e6 4.616846766082828e6 3.081088379156268e6 3.4935116296538245e6 8.093755326238288e6 8.508353919115115e6 875226.4016639957 5.115668896166746e6 3.800864082381488e6 4.804784538840372e6 4.445571427822419e6 2.0930371303439692e6 3.081088379156268e6 2.0561881477011296e6 2.331421992094023e6 5.401430184473129e6 5.678115760418973e6 992381.0149290628 5.800433672438464e6 4.309633882741597e6 5.447935469159221e6 5.040639401524511e6 2.373203445126839e6 3.4935116296538245e6 2.331421992094023e6 2.6434976348330393e6 6.124445924328685e6 6.438167622110353e6 2.2991448080668813e6 1.34384241152341e7 9.98454446136571e6 1.2621757530796964e7 1.1678135448994705e7 5.498229306351489e6 8.093755326238288e6 5.401430184473129e6 6.124445924328685e6 1.4189094548743661e7 1.4915923863071293e7 2.41691735786888e6 1.4126800709791666e7 1.0495997787707154e7 1.3268300785562368e7 1.2276342131729763e7 5.779873369193073e6 8.508353919115115e6 5.678115760418973e6 6.438167622110353e6 1.4915923863071293e7 1.5679984647691207e7
1.914688753444207e7 4.4427134057856165e6 3.708246346412001e6 3.029365336958586e6 1.164622523329163e7 4.867899408108236e6 8.574783673827633e6 2.2827354592072903e6 727781.252372987 1.684880763703392e7 1.7203684879427582e7 4.4427134057856165e6 1.0308569667233061e6 860436.2315036805 702913.3048031114 2.702310800001842e6 1.1295142314653243e6 1.9896344150399659e6 529670.3920279194 168869.40608914648 3.909482594803098e6 3.991825893647596e6 3.708246346412001e6 860436.2315036805 718189.3632028719 586708.0444545568 2.2555661902311053e6 942783.5287770451 1.6607090929294035e6 442105.55951736413 140952.0040917669 3.2631689745416516e6 3.3318993222372676e6 3.029365336958586e6 702913.3048031114 586708.0444545568 479297.4486458026 1.842632175317373e6 770185.008095835 1.3566775480706743e6 361167.82224418654 115147.45124298237 2.6657697619468975e6 2.7219174159741625e6 1.164622523329163e7 2.702310800001842e6 2.2555661902311053e6 1.842632175317373e6 7.083896113171116e6 2.9609330925381407e6 5.215670787876619e6 1.388489448121897e6 442677.92195760907 1.0248402425737603e7 1.046425893440782e7 4.867899408108236e6 1.1295142314653243e6 942783.5287770451 770185.008095835 2.9609330925381407e6 1.2376134034753456e6 2.180050637232618e6 580362.0338164092 185030.90495966442 4.283636208553984e6 4.373860100823246e6 8.574783673827633e6 1.9896344150399659e6 1.6607090929294035e6 1.3566775480706743e6 5.215670787876619e6 2.180050637232618e6 3.840149732988101e6 1.0223052029771308e6 325931.13579112914 7.545606584339856e6 7.704535578873108e6 2.2827354592072903e6 529670.3920279194 442105.55951736413 361167.82224418654 1.388489448121897e6 580362.0338164092 1.0223052029771308e6 272152.9108764445 86767.73540083978 2.0087531495254417e6 2.05106242111961e6 727781.252372987 168869.40608914648 140952.0040917669 115147.45124298237 442677.92195760907 185030.90495966442 325931.13579112914 86767.73540083978 27663.27165983573 640430.2684190498 653919.3017380862 1.684880763703392e7 3.909482594803098e6 3.2631689745416516e6 2.6657697619468975e6 1.0248402425737603e7 4.283636208553984e6 7.545606584339856e6 2.0087531495254417e6 640430.2684190498 1.4826551745243995e7 1.5138835315150391e7 1.7203684879427582e7 3.991825893647596e6 3.3318993222372676e6 2.7219174159741625e6 1.046425893440782e7 4.373860100823246e6 7.704535578873108e6 2.05106242111961e6 653919.3017380862 1.5138835315150391e7 1.5457696343504924e7
2.5288975084416006e7 3.5212813581466577e6 9.025570546614312e6 2.957853420582495e7 2.460119988177723e7 1.679338245612383e7 2.9752013091725316e7 1.7706468751790907e7 3.810137685921753e7 5.330630320034631e6 3.99957900710784e7 3.5212813581466577e6 490309.4080262726 1.2567363132092878e6 4.1185671128466716e6 3.4255143295674766e6 2.3383401021821816e6 4.142722617959627e6 2.4654798435350456e6 5.305302710221774e6 742246.3389857368 5.569084136921948e6 9.025570546614312e6 1.2567363132092878e6 3.221203050736167e6 1.0556503229133634e7 8.780105335354976e6 5.993515259834458e6 1.0618417399945827e7 6.319393424100926e6 1.3598283980196629e7 1.902488331408976e6 1.4274395211712096e7 2.957853420582495e7 4.1185671128466716e6 1.0556503229133634e7 3.459569566756763e7 2.8774097399301086e7 1.9641904654177092e7 3.4798600338218145e7 2.070987020592861e7 4.456419744008847e7 6.234820934159381e6 4.677994425465684e7 2.460119988177723e7 3.4255143295674766e6 8.780105335354976e6 2.8774097399301086e7 2.393212985512071e7 1.6336658845016766e7 2.8942858242042117e7 1.722491225955945e7 3.706514735198403e7 5.185655075434326e6 3.890803888586784e7 1.679338245612383e7 2.3383401021821816e6 5.993515259834458e6 1.9641904654177092e7 1.6336658845016766e7 1.1151804032241594e7 1.975710494478841e7 1.1758147600037342e7 2.530157871427719e7 3.5398553479423686e6 2.6559581677644342e7 2.9752013091725316e7 4.142722617959627e6 1.0618417399945827e7 3.4798600338218145e7 2.8942858242042117e7 1.975710494478841e7 3.5002695050131805e7 2.08313341427642e7 4.482556763744694e7 6.271388323940083e6 4.7054309865721524e7 1.7706468751790907e7 2.4654798435350456e6 6.319393424100926e6 2.070987020592861e7 1.722491225955945e7 1.1758147600037342e7 2.08313341427642e7 1.2397459154101891e7 2.667727088606619e7 3.7323236261641486e6 2.8003673724727098e7 3.810137685921753e7 5.305302710221774e6 1.3598283980196629e7 4.456419744008847e7 3.706514735198403e7 2.530157871427719e7 4.482556763744694e7 2.667727088606619e7 5.740505155793037e7 8.031339903765858e6 6.025924993770858e7 5.330630320034631e6 742246.3389857368 1.902488331408976e6 6.234820934159381e6 5.185655075434326e6 3.5398553479423686e6 6.271388323940083e6 3.7323236261641486e6 8.031339903765858e6 1.1236366643574755e6 8.430660812268896e6 3.99957900710784e7 5.569084136921948e6 1.4274395211712096e7 4.677994425465684e7 3.890803888586784e7 2.6559581677644342e7 4.7054309865721524e7 2.8003673724727098e7 6.025924993770858e7 8.430660812268896e6 6.325536001637111e7
7.774744813665877e7 1.6888871755358003e7 3.0042951901035663e7 6.145439529243002e7 8.227243329199815e7 7.804492679732278e7 5.86838313835604e7 7.960560989114903e6 9.413702845688272e7 7.939768385344544e7 9.044175028733446e7 1.6888871755358003e7 3.6687247749606627e6 6.526150683648477e6 1.3349575140686167e7 1.7871822267754197e7 1.6953492255069826e7 1.2747732898035638e7 1.7292515300251404e6 2.0449136777379815e7 1.7247348079081606e7 1.9646421310806863e7 3.0042951901035663e7 6.526150683648477e6 1.160911361799882e7 2.3747035897981714e7 3.179148403466671e7 3.015790277476986e7 2.267644232548774e7 3.076097757972251e6 3.63761677819371e7 3.068063138059425e7 3.494824870588527e7 6.145439529243002e7 1.3349575140686167e7 2.3747035897981714e7 4.857577697109671e7 6.5031107237236425e7 6.1689533186234266e7 4.638582304052734e7 6.292315355671415e6 7.440931242238739e7 6.27588012954005e7 7.148843089135963e7 8.227243329199815e7 1.7871822267754197e7 3.179148403466671e7 6.5031107237236425e7 8.706077745328267e7 8.258722553086692e7 6.209929352711907e7 8.423874206040079e6 9.96159048257433e7 8.401871450352754e7 9.570555748977476e7 7.804492679732278e7 1.6953492255069826e7 3.015790277476986e7 6.1689533186234266e7 8.258722553086692e7 7.834354367609775e7 5.8908368496751934e7 7.991019828317105e6 9.449721721954177e7 7.970147667518578e7 9.078780011132732e7 5.86838313835604e7 1.2747732898035638e7 2.267644232548774e7 4.638582304052734e7 6.209929352711907e7 5.8908368496751934e7 4.429459935200577e7 6.008637325081522e6 7.105469873690109e7 5.992943052369957e7 6.826550004016763e7 7.960560989114903e6 1.7292515300251404e6 3.076097757972251e6 6.292315355671415e6 8.423874206040079e6 7.991019828317105e6 6.008637325081522e6 815081.8165765385 9.638690070545446e6 8.129528619368247e6 9.260330549487885e6 9.413702845688272e7 2.0449136777379815e7 3.63761677819371e7 7.440931242238739e7 9.96159048257433e7 9.449721721954177e7 7.105469873690109e7 9.638690070545446e6 1.1398162047859572e8 9.613514274043643e7 1.0950735779165307e8 7.939768385344544e7 1.7247348079081606e7 3.068063138059425e7 6.27588012954005e7 8.401871450352754e7 7.970147667518578e7 5.992943052369957e7 8.129528619368247e6 9.613514274043643e7 8.108294680245934e7 9.236143009921096e7 9.044175028733446e7 1.9646421310806863e7 3.494824870588527e7 7.148843089135963e7 9.570555748977476e7 9.078780011132732e7 6.826550004016763e7 9.260330549487885e6 1.0950735779165307e8 9.236143009921096e7 1.0520872891749278e8
501676.3670973537 1.675891823393619e6 3.413229640046853e6 2.2764506291208966e6 62454.098860388855 2.8081523791449894e6 1.1049449949056607e7 5.753390387256045e6 5.771222229193782e6 5.772622910464532e6 6.687270912821484e6 1.675891823393619e6 5.598456670319011e6 1.1402178815429872e7 7.6046735423808135e6 208633.1357865841 9.380867666304009e6 3.691161082544581e7 1.9219681330778625e7 1.927925008876579e7 1.928392918158894e7 2.2339387259676684e7 3.413229640046853e6 1.1402178815429872e7 2.3222414567982994e7 1.5488169806314435e7 424915.7332366994 1.9105681596529655e7 7.517657307747065e7 3.914404562081386e7 3.926536720466815e7 3.927489694763221e7 4.549784041598292e7 2.2764506291208966e6 7.6046735423808135e6 1.5488169806314435e7 1.0329821786919612e7 283397.1898347787 1.2742518223768396e7 5.01389519970921e7 2.610708820594198e7 2.6188003533949986e7 2.6194359387980834e7 3.0344746284690276e7 62454.098860388855 208633.1357865841 424915.7332366994 283397.1898347787 7774.961549476983 349589.1730297982 1.3755550086284701e6 716244.2474759249 718464.1479780871 718638.5199283973 832503.7934555694 2.8081523791449894e6 9.380867666304009e6 1.9105681596529655e7 1.2742518223768396e7 349589.1730297982 1.5718738815869689e7 6.184971267874274e7 3.220481960831078e7 3.230463401585747e7 3.2312474382079296e7 3.743225105954127e7 1.1049449949056607e7 3.691161082544581e7 7.517657307747065e7 5.01389519970921e7 1.3755550086284701e6 6.184971267874274e7 2.433647510308465e8 1.267187439766971e8 1.271114912893332e8 1.2714234137239625e8 1.4728751460732868e8 5.753390387256045e6 1.9219681330778625e7 3.914404562081386e7 2.610708820594198e7 716244.2474759249 3.220481960831078e7 1.267187439766971e8 6.598178251786513e7 6.618628397482083e7 6.620234745057386e7 7.669183304251173e7 5.771222229193782e6 1.927925008876579e7 3.926536720466815e7 2.6188003533949986e7 718464.1479780871 3.230463401585747e7 1.271114912893332e8 6.618628397482083e7 6.639141925590648e7 6.640753251819255e7 7.692952882754983e7 5.772622910464532e6 1.928392918158894e7 3.927489694763221e7 2.6194359387980834e7 718638.5199283973 3.2312474382079296e7 1.2714234137239625e8 6.620234745057386e7 6.640753251819255e7 6.642364969118312e7 7.694819969931965e7 6.687270912821484e6 2.2339387259676684e7 4.549784041598292e7 3.0344746284690276e7 832503.7934555694 3.743225105954127e7 1.4728751460732868e8 7.669183304251173e7 7.692952882754983e7 7.694819969931965e7 8.914032072152631e7
2.9211553034619484e6 2.263505848695854e7 3.609496343731227e7 1.2313452190389808e7 3.610610457623682e7 2.8525198264804423e7 3.5081399016223855e7 3.8884662467689246e7 1.8670676133722598e6 5.122274178894797e6 1.6833912653592743e7 2.263505848695854e7 1.7539152132748213e8 2.796878370417103e8 9.541283552282439e7 2.7977416601260406e8 2.2103225059986854e8 2.718340642811703e8 3.0130428469814247e8 1.4467284426029045e7 3.969079476469936e7 1.3044037645887753e8 3.609496343731227e7 2.796878370417103e8 4.46003806780443e8 1.5214994083761227e8 4.461414711496244e8 3.5246876028466207e8 4.3347979935187894e8 4.8047444392295545e8 2.3070234287028022e7 6.32928687440821e7 2.0800655857572186e8 1.2313452190389808e7 9.541283552282439e7 1.5214994083761227e8 5.190449979339505e7 1.5219690372292393e8 1.2024135267261901e8 1.4787749526576564e8 1.6390926961941773e8 7.870190183397072e6 2.1591757936710775e7 7.09594516907589e7 3.610610457623682e7 2.7977416601260406e8 4.461414711496244e8 1.5219690372292393e8 4.4627917801054746e8 3.525775539514494e8 4.3361359803750324e8 4.8062274806346923e8 2.307735518869233e7 6.331240483932808e7 2.0807076226913565e8 2.8525198264804423e7 2.2103225059986854e8 3.5246876028466207e8 1.2024135267261901e8 3.525775539514494e8 2.7854970089473724e8 3.425712632116944e8 3.797102827899282e8 1.8231989850769218e7 5.001921203795581e7 1.6438382972895846e8 3.5081399016223855e7 2.718340642811703e8 4.3347979935187894e8 1.4787749526576564e8 4.3361359803750324e8 3.425712632116944e8 4.2130747224461746e8 4.6698248395883673e8 2.2422410700778484e7 6.151557369351265e7 2.0216563155853432e8 3.8884662467689246e7 3.0130428469814247e8 4.8047444392295545e8 1.6390926961941773e8 4.8062274806346923e8 3.797102827899282e8 4.6698248395883673e8 5.1760923954785436e8 2.485328111938919e7 6.818463307213847e7 2.2408292046977213e8 1.8670676133722598e6 1.4467284426029045e7 2.3070234287028022e7 7.870190183397072e6 2.307735518869233e7 1.8231989850769218e7 2.2422410700778484e7 2.485328111938919e7 1.1933434243541562e6 3.273921182791382e6 1.0759459822150432e7 5.122274178894797e6 3.969079476469936e7 6.32928687440821e7 2.1591757936710775e7 6.331240483932808e7 5.001921203795581e7 6.151557369351265e7 6.818463307213847e7 3.273921182791382e6 8.981957492187183e6 2.95184292369109e7 1.6833912653592743e7 1.3044037645887753e8 2.0800655857572186e8 7.09594516907589e7 2.0807076226913565e8 1.6438382972895846e8 2.0216563155853432e8 2.2408292046977213e8 1.0759459822150432e7 2.95184292369109e7 9.70097738018061e7
