7.87112017609905e6 1.007487819501708e7 3.8031534365884513e6 7.998473630478758e6 1.4556643231572244e7 4.525379635916381e6 2.8413236016950138e7 2.3286921345563676e7 2.976195851901092e7 1.1178358575981563e7 1.9936796313265525e7 5.460756867174868e6 1.007487819501708e7 1.289564488580022e7 4.867961201626442e6 1.0237888098548517e7 1.8632215517651204e7 5.7923964566710675e6 3.636838030580244e7 2.980679888561582e7 3.809471844105315e7 1.4308077955055939e7 2.5518705084053613e7 6.989660818094151e6 3.8031534365884513e6 4.867961201626442e6 1.8376007148455123e6 3.864687845522561e6 7.033452226971732e6 2.186564647616962e6 1.372865536097271e7 1.125173202308263e7 1.4380328630336866e7 5.401138831897729e6 9.633024743237715e6 2.6385185057691257e6 7.998473630478758e6 1.0237888098548517e7 3.864687845522561e6 8.127887643200811e6 1.4792167370225722e7 4.598599548218517e6 2.887295759099653e7 2.3663699975399807e7 3.0243502205513258e7 1.1359222614021424e7 2.025937046064913e7 5.549111032148004e6 1.4556643231572244e7 1.8632215517651204e7 7.033452226971732e6 1.4792167370225722e7 2.6920674240841568e7 8.369118419445168e6 5.2546693545490235e7 4.306622163111908e7 5.504098557021478e7 2.067296319515652e7 3.687058825425804e7 1.009898054043158e7 4.525379635916381e6 5.7923964566710675e6 2.186564647616962e6 4.598599548218517e6 8.369118419445168e6 2.601797506707128e6 1.6335753588419607e7 1.3388457714112563e7 1.711118087307237e7 6.426825550996596e6 1.1462354788512284e7 3.1395782773642032e6 2.8413236016950138e7 3.636838030580244e7 1.372865536097271e7 2.887295759099653e7 5.2546693545490235e7 1.6335753588419607e7 1.025663390842825e8 8.406132513499165e7 1.0743496895081528e8 4.035173309459911e7 7.196801552983256e7 1.9712286209193338e7 2.3286921345563676e7 2.980679888561582e7 1.125173202308263e7 2.3663699975399807e7 4.306622163111908e7 1.3388457714112563e7 8.406132513499165e7 6.889498490966062e7 8.805155703589079e7 3.307147535643396e7 5.89835496400247e7 1.6155796482346535e7 2.976195851901092e7 3.809471844105315e7 1.4380328630336866e7 3.0243502205513258e7 5.504098557021478e7 1.711118087307237e7 1.0743496895081528e8 8.805155703589079e7 1.1253470345644234e8 4.226715344268512e7 7.538420092722411e7 2.064799110255857e7 1.1178358575981563e7 1.4308077955055939e7 5.401138831897729e6 1.1359222614021424e7 2.067296319515652e7 6.426825550996596e6 4.035173309459911e7 3.307147535643396e7 4.226715344268512e7 1.5875211870434046e7 2.8313715590661924e7 7.755223779061538e6 1.9936796313265525e7 2.5518705084053613e7 9.633024743237715e6 2.025937046064913e7 3.687058825425804e7 1.1462354788512284e7 7.196801552983256e7 5.89835496400247e7 7.538420092722411e7 2.8313715590661924e7 5.049800261512817e7 1.3831576057969375e7 5.460756867174868e6 6.989660818094151e6 2.6385185057691257e6 5.549111032148004e6 1.009898054043158e7 3.1395782773642032e6 1.9712286209193338e7 1.6155796482346535e7 2.064799110255857e7 7.755223779061538e6 1.3831576057969375e7 3.7885161063791923e6
6772.467086444459 483144.7669409757 309209.6291401766 946212.251292462 915929.9256821972 375766.1660394009 165165.0761158223 37444.00535946943 371999.8225670025 446750.2764574069 241195.03892683302 147347.5422122034 483144.7669409757 3.4467331157603264e7 2.205887637399614e7 6.750235797268376e7 6.534203043433566e7 2.6806989889813356e7 1.1782802513206707e7 2.6712385622290564e6 2.6538300634337485e7 3.1870964516292516e7 1.720674598816007e7 1.0511707629252637e7 309209.6291401766 2.205887637399614e7 1.4117542917908967e7 4.320108692674902e7 4.181849081340741e7 1.715630587220308e7 7.5409199160087025e6 1.709575973266604e6 1.6984346429144904e7 2.0397217961850487e7 1.1012209817348978e7 6.727427140007198e6 946212.251292462 6.750235797268376e7 4.320108692674902e7 1.3219962726551846e8 1.27968745502001e8 5.250000411804799e7 2.3075965746551987e7 5.23147269028535e6 5.197379110133332e7 6.241751779028885e7 3.3698458459891595e7 2.0586596857455757e7 915929.9256821972 6.534203043433566e7 4.181849081340741e7 1.27968745502001e8 1.2387326775487244e8 5.081980792837556e7 2.233744866694971e7 5.064046027597316e6 5.031043569330449e7 6.0419924126786605e7 3.2619981944445375e7 1.992774887869286e7 375766.1660394009 2.6806989889813356e7 1.715630587220308e7 5.250000411804799e7 5.081980792837556e7 2.0849154338833503e7 9.164082545321256e6 2.0775575806413328e6 2.0640181090452068e7 2.4787663995806254e7 1.3382558215257762e7 8.175487648102656e6 165165.0761158223 1.1782802513206707e7 7.5409199160087025e6 2.3075965746551987e7 2.233744866694971e7 9.164082545321256e6 4.0280007300363416e6 913174.1677499765 9.07222999020997e6 1.0895223627375454e7 5.882198681016182e6 3.5934715834454726e6 37444.00535946943 2.6712385622290564e6 1.709575973266604e6 5.23147269028535e6 5.064046027597316e6 2.0775575806413328e6 913174.1677499765 207022.5693922202 2.0567340043336144e6 2.4700186110166605e6 1.3335329969089897e6 814663.5620188687 371999.8225670025 2.6538300634337485e7 1.6984346429144904e7 5.197379110133332e7 5.031043569330449e7 2.0640181090452068e7 9.07222999020997e6 2.0567340043336144e6 2.043330240273383e7 2.453921465436975e7 1.3248423438544676e7 8.093543882750784e6 446750.2764574069 3.1870964516292516e7 2.0397217961850487e7 6.241751779028885e7 6.0419924126786605e7 2.4787663995806254e7 1.0895223627375454e7 2.4700186110166605e6 2.453921465436975e7 2.94701778491111e7 1.5910590475425761e7 9.71987820367256e6 241195.03892683302 1.720674598816007e7 1.1012209817348978e7 3.3698458459891595e7 3.2619981944445375e7 1.3382558215257762e7 5.882198681016182e6 1.3335329969089897e6 1.3248423438544676e7 1.5910590475425761e7 8.589934223432064e6 5.247643986455131e6 147347.5422122034 1.0511707629252637e7 6.727427140007198e6 2.0586596857455757e7 1.992774887869286e7 8.175487648102656e6 3.5934715834454726e6 814663.5620188687 8.093543882750784e6 9.71987820367256e6 5.247643986455131e6 3.2058181928168633e6
2.312180902166523e6 1.143048236679851e7 2.20467161980014e6 1.1119032547185e7 1.3130922727378512e7 7.572784729111674e6 1.8223146235919122e6 8.904536563977778e6 1.4650472107028155e7 5.489386950771804e6 1.3830294983522007e7 2.9746367046888717e6 1.143048236679851e7 5.650765777680567e7 1.0899000182508936e7 5.496797648807128e7 6.491394360815641e7 3.743676899699517e7 9.00878263989149e6 4.402040864695723e7 7.242597797073153e7 2.713729738297612e7 6.8371355713838e7 1.4705394534103366e7 2.20467161980014e6 1.0899000182508936e7 2.102161187560105e6 1.0602031819155365e7 1.2520375309611103e7 7.220673589806336e6 1.737582612681971e6 8.49050307079329e6 1.3969270328620821e7 5.234147384025154e6 1.3187228912350578e7 2.836325270180375e6 1.1119032547185e7 5.496797648807128e7 1.0602031819155365e7 5.347024736235597e7 6.314521369996931e7 3.64167179985444e7 8.763317607174994e6 4.28209712223188e7 7.045256538406444e7 2.639787921115199e7 6.650842064946502e7 1.430471218947238e7 1.3130922727378512e7 6.491394360815641e7 1.2520375309611103e7 6.314521369996931e7 7.457077926334667e7 4.3005999667181715e7 1.0348962092427973e7 5.056904562923678e7 8.32003313307992e7 3.117434098851201e7 7.854252863835782e7 1.689302280573908e7 7.572784729111674e6 3.743676899699517e7 7.220673589806336e6 3.64167179985444e7 4.3005999667181715e7 2.480215475343323e7 5.968389558205877e6 2.916386795182127e7 4.798278168564732e7 1.797867356919971e7 4.5296562458495006e7 9.742439871731378e6 1.8223146235919122e6 9.00878263989149e6 1.737582612681971e6 8.763317607174994e6 1.0348962092427973e7 5.968389558205877e6 1.436233031872766e6 7.017992053148152e6 1.1546574724385493e7 4.326387310600506e6 1.0900163033717025e7 2.3444203529873234e6 8.904536563977778e6 4.402040864695723e7 8.49050307079329e6 4.28209712223188e7 5.056904562923678e7 2.916386795182127e7 7.017992053148152e6 3.4292633134769596e7 5.6421045790288836e7 2.114040764335041e7 5.326242737148113e7 1.1455747807895692e7 1.4650472107028155e7 7.242597797073153e7 1.3969270328620821e7 7.045256538406444e7 8.32003313307992e7 4.798278168564732e7 1.1546574724385493e7 5.6421045790288836e7 9.28285207951051e7 3.478192832213552e7 8.763170334042828e7 1.884793358069517e7 5.489386950771804e6 2.713729738297612e7 5.234147384025154e6 2.639787921115199e7 3.117434098851201e7 1.797867356919971e7 4.326387310600506e6 2.114040764335041e7 3.478192832213552e7 1.3032444419495324e7 3.2834732237747163e7 7.062134236428325e6 1.3830294983522007e7 6.8371355713838e7 1.3187228912350578e7 6.650842064946502e7 7.854252863835782e7 4.5296562458495006e7 1.0900163033717025e7 5.326242737148113e7 8.763170334042828e7 3.2834732237747163e7 8.272581922634453e7 1.7792770044986743e7 2.9746367046888717e6 1.4705394534103366e7 2.836325270180375e6 1.430471218947238e7 1.689302280573908e7 9.742439871731378e6 2.3444203529873234e6 1.1455747807895692e7 1.884793358069517e7 7.062134236428325e6 1.7792770044986743e7 3.8268906713100276e6
9.121646192126049e7 3.9701126994375296e7 6.209390204307174e7 5.68388606323729e6 1.008766790178991e8 1.9901553129182213e6 6.683321727229131e7 2.443975460757575e7 9.894227025431746e7 3.565097994194537e7 9.205945299529216e7 1.0962656932707039e8 3.9701126994375296e7 1.7279550767756134e7 2.702580037270344e7 2.4738591879712893e6 4.390564773184861e7 866196.8152733322 2.908854378347114e7 1.0637178651198946e7 4.306371408999918e7 1.5516761474161118e7 4.006803111431525e7 4.771395709876011e7 6.209390204307174e7 2.702580037270344e7 4.226926357067927e7 3.869199232253667e6 6.866991432724997e7 1.3547610425573844e6 4.54954638572945e7 1.6636906284191353e7 6.735310170651071e7 2.426873844510193e7 6.266775246515115e7 7.462623866061758e7 5.68388606323729e6 2.4738591879712893e6 3.869199232253667e6 354174.67526585975 6.285834134527622e6 124010.68632258578 4.1645157487384044e6 1.5228915666872815e6 6.165297130785723e6 2.2214861634043003e6 5.736414577457213e6 6.831057864275925e6 1.008766790178991e8 4.390564773184861e7 6.866991432724997e7 6.285834134527622e6 1.1155995480798653e8 2.2009213520068056e6 7.391114349874881e7 2.7028030126325373e7 1.0942068380554749e8 3.942657262218316e7 1.0180894648584203e8 1.2123649627395594e8 1.9901553129182213e6 866196.8152733322 1.3547610425573844e6 124010.68632258578 2.2009213520068056e6 43421.08963791622 1.4581631388935412e6 533225.10492317 2.1587165372495665e6 777830.94901718 2.008547641774113e6 2.3918259356693537e6 6.683321727229131e7 2.908854378347114e7 4.54954638572945e7 4.1645157487384044e6 7.391114349874881e7 1.4581631388935412e6 4.8967903784965985e7 1.7906717662208375e7 7.249382519384158e7 2.6121049186131474e7 6.745086681079231e7 8.032208410995509e7 2.443975460757575e7 1.0637178651198946e7 1.6636906284191353e7 1.5228915666872815e6 2.7028030126325373e7 533225.10492317 1.7906717662208375e7 6.548177737853069e6 2.6509741272571217e7 9.552017069603851e6 2.4665618388649557e7 2.9372400511836987e7 9.894227025431746e7 4.306371408999918e7 6.735310170651071e7 6.165297130785723e6 1.0942068380554749e8 2.1587165372495665e6 7.249382519384158e7 2.6509741272571217e7 1.0732243541224948e8 3.867052961659604e7 9.985666058378251e7 1.1891166814577518e8 3.565097994194537e7 1.5516761474161118e7 2.426873844510193e7 2.2214861634043003e6 3.942657262218316e7 777830.94901718 2.6121049186131474e7 9.552017069603851e6 3.867052961659604e7 1.3933804754651982e7 3.5980454000010505e7 4.284637379991094e7 9.205945299529216e7 4.006803111431525e7 6.266775246515115e7 5.736414577457213e6 1.0180894648584203e8 2.008547641774113e6 6.745086681079231e7 2.4665618388649557e7 9.985666058378251e7 3.5980454000010505e7 9.291023470202245e7 1.1063970026279125e8 1.0962656932707039e8 4.771395709876011e7 7.462623866061758e7 6.831057864275925e6 1.2123649627395594e8 2.3918259356693537e6 8.032208410995509e7 2.9372400511836987e7 1.1891166814577518e8 4.284637379991094e7 1.1063970026279125e8 1.317523662866587e8
