108314.2922009031 29287.010343802525 614284.0511031864 169115.29354661098 32946.44773936559 152561.08746551868 372061.41478006303 459881.256367246 622985.230543931 476090.78060127894 587024.4263670313 357751.8223964288 29287.010343802525 7918.890087811002 166095.7477829684 45726.94194601865 8908.362286526617 41250.86409074234 100601.37292853634 124346.90601279796 168448.4523716823 128729.78563342741 158725.0407839774 96732.2142825308 614284.0511031864 166095.7477829684 3.483795977172032e6 959105.4468659548 186849.55582092766 865221.393638438 2.1100760433937865e6 2.608129688589144e6 3.5331430729950126e6 2.700058943820468e6 3.329198163954374e6 2.028921892815486e6 169115.29354661098 45726.94194601865 959105.4468659548 264046.2484702267 51440.563083090834 238199.52626996223 580913.8766395698 718030.3918053264 972690.9348511772 743338.9489069582 916543.9404797559 558571.7566171996 32946.44773936559 8908.362286526617 186849.55582092766 51440.563083090834 10021.469896414072 46405.195409674525 113171.60190780034 139884.15998799214 189496.23289271802 144814.68422634463 178557.87257659063 108818.98852632179 152561.08746551868 41250.86409074234 865221.393638438 238199.52626996223 46405.195409674525 214882.8648161316 524049.9004279377 647744.4772132394 877477.0375681458 670575.6529906326 826826.1097922762 503894.78579923924 372061.41478006303 100601.37292853634 2.1100760433937865e6 580913.8766395698 113171.60190780034 524049.9004279377 1.2780372151754494e6 1.5796998475276357e6 2.139964741064209e6 1.635379835799541e6 2.0164387741136118e6 1.228883524752898e6 459881.256367246 124346.90601279796 2.608129688589144e6 718030.3918053264 139884.15998799214 647744.4772132394 1.5796998475276357e6 1.9525656832584948e6 2.64507319116648e6 2.0213881462815255e6 2.492390664522861e6 1.5189441227772688e6 622985.230543931 168448.4523716823 3.5331430729950126e6 972690.9348511772 189496.23289271802 877477.0375681458 2.139964741064209e6 2.64507319116648e6 3.5831891580475923e6 2.738304601230223e6 3.376355420546566e6 2.0576610623070884e6 476090.78060127894 128729.78563342741 2.700058943820468e6 743338.9489069582 144814.68422634463 670575.6529906326 1.635379835799541e6 2.0213881462815255e6 2.738304601230223e6 2.0926364080662408e6 2.580240443825452e6 1.5724826421828917e6 587024.4263670313 158725.0407839774 3.329198163954374e6 916543.9404797559 178557.87257659063 826826.1097922762 2.0164387741136118e6 2.492390664522861e6 3.376355420546566e6 2.580240443825452e6 3.1814608224773956e6 1.9388859406891149e6 357751.8223964288 96732.2142825308 2.028921892815486e6 558571.7566171996 108818.98852632179 503894.78579923924 1.228883524752898e6 1.5189441227772688e6 2.0576610623070884e6 1.5724826421828917e6 1.9388859406891149e6 1.181620299845331e6
353465.426375806 1.1254785391202886e6 1.7044740620611652e6 343638.17624619993 2.3181568357940707e6 2.185245123806634e6 293744.95200322306 2.2615055229280707e6 595880.382987555 431597.961298223 1.850013716950482e6 470619.50980459084 1.1254785391202886e6 3.583665749174506e6 5.427260586718394e6 1.094187334113779e6 7.381304009708952e6 6.958096339942256e6 935321.0095944364 7.200919077871568e6 1.8973583634803162e6 1.3742623937786855e6 5.890677220838486e6 1.4985119303103422e6 1.7044740620611652e6 5.427260586718394e6 8.219281467009544e6 1.6570852887968412e6 1.1178570529270954e7 1.0537646272690719e7 1.4164911592189777e6 1.0905387676985014e7 2.873442721986347e6 2.0812432429788935e6 8.921099942733465e6 2.2694121905688355e6 343638.17624619993 1.094187334113779e6 1.6570852887968412e6 334084.1490060291 2.2537060992720113e6 2.1244896755401962e6 285578.08502773667 2.1986298389575807e6 579313.372089244 419598.4252627066 1.7985785660615095e6 457535.07411835465 2.3181568357940707e6 7.381304009708952e6 1.1178570529270954e7 2.2537060992720113e6 1.5203328852947772e7 1.4331644748338388e7 1.9264879042010945e6 1.4831788616258826e7 3.908003668991202e6 2.830578861861618e6 1.2133073348174864e7 3.0864965914704287e6 2.185245123806634e6 6.958096339942256e6 1.0537646272690719e7 2.1244896755401962e6 1.4331644748338388e7 1.3509938723238964e7 1.8160325624758024e6 1.3981406801541157e7 3.683937958648149e6 2.6682873910532566e6 1.1437422594319524e7 2.9095320566807883e6 293744.95200322306 935321.0095944364 1.4164911592189777e6 285578.08502773667 1.9264879042010945e6 1.8160325624758024e6 244114.67257800786 1.879408229820014e6 495202.1935923135 358676.44461340527 1.5374408639139268e6 391105.0275461745 2.2615055229280707e6 7.200919077871568e6 1.0905387676985014e7 2.1986298389575807e6 1.4831788616258826e7 1.3981406801541157e7 1.879408229820014e6 1.4469328111305876e7 3.812499544716686e6 2.7614049361723843e6 1.1836564275250932e7 3.0110685266547287e6 595880.382987555 1.8973583634803162e6 2.873442721986347e6 579313.372089244 3.908003668991202e6 3.683937958648149e6 495202.1935923135 3.812499544716686e6 1.0045492552696783e6 727598.0599064231 3.1187969174009706e6 793381.5100932035 431597.961298223 1.3742623937786855e6 2.0812432429788935e6 419598.4252627066 2.830578861861618e6 2.6682873910532566e6 358676.44461340527 2.7614049361723843e6 727598.0599064231 527001.4725534489 2.2589540278280214e6 574648.6242274629 1.850013716950482e6 5.890677220838486e6 8.921099942733465e6 1.7985785660615095e6 1.2133073348174864e7 1.1437422594319524e7 1.5374408639139268e6 1.1836564275250932e7 3.1187969174009706e6 2.2589540278280214e6 9.682844480710447e6 2.4631901273346134e6 470619.50980459084 1.4985119303103422e6 2.2694121905688355e6 457535.07411835465 3.0864965914704287e6 2.9095320566807883e6 391105.0275461745 3.0110685266547287e6 793381.5100932035 574648.6242274629 2.4631901273346134e6 626603.6406435745
1.1579498814775104e7 9.30383191097681e6 6.117517941628738e6 2.5393068269243385e6 6.281890960963818e6 2.369361961977564e6 6.85680208985238e6 18873.276938037317 1.928310350505372e7 1.8577945356621753e7 8.591828056836111e6 4.306537142976477e6 9.30383191097681e6 7.4753916047956e6 4.915269611554777e6 2.0402682591024365e6 5.047339139524501e6 1.9037218953184567e6 5.509265565917334e6 15164.196572718824 1.5493481764864452e7 1.4926905180798875e7 6.903314670823275e6 3.4601927369694747e6 6.117517941628738e6 4.915269611554777e6 3.2319210325750494e6 1.3415308660154378e6 3.318760274150771e6 1.251747985337302e6 3.6224892353153233e6 9970.864208600344 1.0187378016044233e7 9.814838781512428e6 4.539113750071654e6 2.2751691294992235e6 2.5393068269243385e6 2.0402682591024365e6 1.3415308660154378e6 556853.0438499626 1.3775767723915542e6 519585.2689088362 1.5036509469144398e6 4138.783702282595 4.228655933898686e6 4.0740194570513596e6 1.8841305646705355e6 944394.8604761609 6.281890960963818e6 5.047339139524501e6 3.318760274150771e6 1.3775767723915542e6 3.407932819604106e6 1.2853814945087873e6 3.7198227452124883e6 10238.773689371128 1.0461105056909956e7 1.0078555978617158e7 4.661076258285567e6 2.3363011805830305e6 2.369361961977564e6 1.9037218953184567e6 1.251747985337302e6 519585.2689088362 1.2853814945087873e6 484811.6655707955 1.4030180677400955e6 3861.7927416509265 3.9456502120327638e6 3.801362888306682e6 1.7580338240325183e6 881190.5815295145 6.85680208985238e6 5.509265565917334e6 3.6224892353153233e6 1.5036509469144398e6 3.7198227452124883e6 1.4030180677400955e6 4.0602564628629046e6 11175.813981342024 1.1418492849067241e7 1.100093333779761e7 5.087652368908711e6 2.5501166634526327e6 18873.276938037317 15164.196572718824 9970.864208600344 4138.783702282595 10238.773689371128 3861.7927416509265 11175.813981342024 30.761312564352927 31429.2836414773 30279.955399093553 14003.710602203326 7019.169779578897 1.928310350505372e7 1.5493481764864452e7 1.0187378016044233e7 4.228655933898686e6 1.0461105056909956e7 3.9456502120327638e6 1.1418492849067241e7 31429.2836414773 3.211175947547579e7 3.0937473974768672e7 1.4307796249885717e7 7.171588581227089e6 1.8577945356621753e7 1.4926905180798875e7 9.814838781512428e6 4.0740194570513596e6 1.0078555978617158e7 3.801362888306682e6 1.100093333779761e7 30279.955399093553 3.0937473974768672e7 2.980613057563727e7 1.3784578651169458e7 6.90933286476897e6 8.591828056836111e6 6.903314670823275e6 4.539113750071654e6 1.8841305646705355e6 4.661076258285567e6 1.7580338240325183e6 5.087652368908711e6 14003.710602203326 1.4307796249885717e7 1.3784578651169458e7 6.3750176530995155e6 3.195391030708505e6 4.306537142976477e6 3.4601927369694747e6 2.2751691294992235e6 944394.8604761609 2.3363011805830305e6 881190.5815295145 2.5501166634526327e6 7019.169779578897 7.171588581227089e6 6.90933286476897e6 3.195391030708505e6 1.6016463631544665e6
4.2824162067282684e7 4.593548316187846e7 1.3945437196304455e7 5.128252911813196e6 1.253979345712245e7 4.184137413337746e7 1.1997128758809369e7 2.81818840408118e7 2.0276930006084673e7 3.012118532537841e7 388259.7091512796 3.9118299298342496e7 4.593548316187846e7 4.927285232108009e7 1.4958620661612028e7 5.500837936077724e6 1.3450852121708129e7 4.488129234038214e7 1.2868760986504087e7 3.02293938126053e7 2.1750117968582418e7 3.230959193447532e7 416468.0981762898 4.196037685260781e7 1.3945437196304455e7 1.4958620661612028e7 4.541249827387734e6 1.669985481469439e6 4.0835101883880673e6 1.362539807007408e7 3.90679461232877e6 9.1772652398243e6 6.603063324144984e6 9.808787328362675e6 126434.4969860181 1.2738644721972276e7 5.128252911813196e6 5.500837936077724e6 1.669985481469439e6 614115.4119069787 1.5016576905576973e6 5.0105626911423085e6 1.4366728389010571e6 3.3748197726696436e6 2.4281905430621365e6 3.607053796159385e6 46494.63965848321 4.684470695929117e6 1.253979345712245e7 1.3450852121708129e7 4.0835101883880673e6 1.5016576905576973e6 3.6719088560386803e6 1.2252012982072853e7 3.513005496233852e6 8.252233973641397e6 5.937501213014733e6 8.820101186580436e6 113690.41040032693 1.145464078957141e7 4.184137413337746e7 4.488129234038214e7 1.362539807007408e7 5.0105626911423085e6 1.2252012982072853e7 4.0881140572433755e7 1.1721802101696022e7 2.7535127297585614e7 1.98115870505048e7 2.9429922821603205e7 379349.389860597 3.822055861435896e7 1.1997128758809369e7 1.2868760986504087e7 3.90679461232877e6 1.4366728389010571e6 3.513005496233852e6 1.1721802101696022e7 3.3609787444133796e6 7.895115168213904e6 5.6805534159468245e6 8.4384076949075e6 108770.41132123992 1.0958936517438693e7 2.81818840408118e7 3.02293938126053e7 9.1772652398243e6 3.3748197726696436e6 8.252233973641397e6 2.7535127297585614e7 7.895115168213904e6 1.8546039192592617e7 1.3343917605143584e7 1.9822261803463228e7 255507.39519034728 2.5743116070025884e7 2.0276930006084673e7 2.1750117968582418e7 6.603063324144984e6 2.4281905430621365e6 5.937501213014733e6 1.98115870505048e7 5.6805534159468245e6 1.3343917605143584e7 9.600979228167437e6 1.4262162691786151e7 183838.15506475442 1.8522230874788314e7 3.012118532537841e7 3.230959193447532e7 9.808787328362675e6 3.607053796159385e6 8.820101186580436e6 2.9429922821603205e7 8.4384076949075e6 1.9822261803463228e7 1.4262162691786151e7 2.1186306085343134e7 273089.8186717348 2.7514596571153887e7 388259.7091512796 416468.0981762898 126434.4969860181 46494.63965848321 113690.41040032693 379349.389860597 108770.41132123992 255507.39519034728 183838.15506475442 273089.8186717348 3520.1062781659107 354660.98517478566 3.9118299298342496e7 4.196037685260781e7 1.2738644721972276e7 4.684470695929117e6 1.145464078957141e7 3.822055861435896e7 1.0958936517438693e7 2.5743116070025884e7 1.8522230874788314e7 2.7514596571153887e7 354660.98517478566 3.573312975956149e7
2.1886524066139613e6 1.766078495927275e6 1.2530498100559024e7 8.065230473686268e6 3.376213044652726e6 9.316346666515758e6 1.0352467912505597e7 1.6288481972781306e7 1.3931990711512562e7 1.6349712623687595e7 1.4591418355334343e7 2.0193729789083574e6 1.766078495927275e6 1.4250930135599584e6 1.0111173054149644e7 6.508036662756847e6 2.724350946642592e6 7.517593683956466e6 8.353665892675529e6 1.3143584452468095e7 1.124207257703701e7 1.319299299972322e7 1.17741812745416e7 1.6294826819139107e6 1.2530498100559024e7 1.0111173054149644e7 7.173975281485052e7 4.617515089453944e7 1.932953401611823e7 5.333805580829065e7 5.927006916298801e7 9.325500559346065e7 7.97635945388408e7 9.360556402501363e7 8.353895732070367e7 1.156133756098737e7 8.065230473686268e6 6.508036662756847e6 4.617515089453944e7 2.9720545115847126e7 1.2441416577206695e7 3.433093478486803e7 3.814906352122565e7 6.0023401057186045e7 5.133968084929635e7 6.0249037302631274e7 5.376968568335342e7 7.441432197279458e6 3.376213044652726e6 2.724350946642592e6 1.932953401611823e7 1.2441416577206695e7 5.208142914076615e6 1.4371387182791406e7 1.5969706795344548e7 2.512659623241621e7 2.1491475136045154e7 2.5221050574137017e7 2.250870756927565e7 3.1150827663664613e6 9.316346666515758e6 7.517593683956466e6 5.333805580829065e7 3.433093478486803e7 1.4371387182791406e7 3.965650961679099e7 4.406692430256442e7 6.933451116821812e7 5.930373175333644e7 6.959514916113812e7 6.21106902784829e7 8.595781890104024e6 1.0352467912505597e7 8.353665892675529e6 5.927006916298801e7 3.814906352122565e7 1.5969706795344548e7 4.406692430256442e7 4.896784503358623e7 7.704557674716547e7 6.589922016049919e7 7.733520169942084e7 6.901835570831588e7 9.551765234330773e6 1.6288481972781306e7 1.3143584452468095e7 9.325500559346065e7 6.0023401057186045e7 2.512659623241621e7 6.933451116821812e7 7.704557674716547e7 1.2122283290661345e8 1.036852534754531e8 1.21678526259498e8 1.0859287391636272e8 1.5028663420409504e7 1.3931990711512562e7 1.124207257703701e7 7.97635945388408e7 5.133968084929635e7 2.1491475136045154e7 5.930373175333644e7 6.589922016049919e7 1.036852534754531e8 8.868487503959696e7 1.0407502064775893e8 9.288249901171641e7 1.28544329379174e7 1.6349712623687595e7 1.319299299972322e7 9.360556402501363e7 6.0249037302631274e7 2.5221050574137017e7 6.959514916113812e7 7.733520169942084e7 1.21678526259498e8 1.0407502064775893e8 1.2213593262656382e8 1.0900108951096475e8 1.508515823957196e7 1.4591418355334343e7 1.17741812745416e7 8.353895732070367e7 5.376968568335342e7 2.250870756927565e7 6.21106902784829e7 6.901835570831588e7 1.0859287391636272e8 9.288249901171641e7 1.0900108951096475e8 9.7278804517789e7 1.3462857720881937e7 2.0193729789083574e6 1.6294826819139107e6 1.156133756098737e7 7.441432197279458e6 3.1150827663664613e6 8.595781890104024e6 9.551765234330773e6 1.5028663420409504e7 1.28544329379174e7 1.508515823957196e7 1.3462857720881937e7 1.8631863221506402e6
1.4787043697223684e7 5.0693349914555214e7 3.1505439564811535e7 5.902564817799431e6 4.156425193079901e7 4.847571607780496e6 2.9148953600905925e7 5.784765435380862e7 7.657285977672146e6 4.520928521181469e7 1.4774858798487872e7 4.9338301467167154e7 5.0693349914555214e7 1.7378833647742763e8 1.0800781446062319e8 2.023533505606865e7 1.4249171167731947e8 1.6618578316314714e7 9.99292444649564e7 1.983149197323633e8 2.62509183992492e7 1.549877150264825e8 5.065157730956833e7 1.6914292212002537e8 3.1505439564811535e7 1.0800781446062319e8 6.712583951843968e7 1.2576070170096133e7 8.85572568848398e7 1.0328289917321289e7 6.210508434645801e7 1.232508549732769e8 1.6314698565834587e7 9.632340528462628e7 3.1479478284207724e7 1.0512073318591298e8 5.902564817799431e6 2.023533505606865e7 1.2576070170096133e7 2.356135015335419e6 1.6591260305191962e7 1.9350119070264723e6 1.1635428387398286e7 2.309112871865802e7 3.0565695034851716e6 1.804625331425913e7 5.897700954808349e6 1.9694438480949435e7 4.156425193079901e7 1.4249171167731947e8 8.85572568848398e7 1.6591260305191962e7 1.1683113095089379e8 1.3625826208669856e7 8.193351394604304e7 1.6260143192915002e8 2.1523528975700244e7 1.2707679497207525e8 4.153000193389789e7 1.3868286548744515e8 4.847571607780496e6 1.6618578316314714e7 1.0328289917321289e7 1.9350119070264723e6 1.3625826208669856e7 1.5891581152878844e6 9.555773470716966e6 1.8963942527259342e7 2.5102544401751156e6 1.482076146444273e7 4.843577085929823e6 1.6174358733602675e7 2.9148953600905925e7 9.99292444649564e7 6.210508434645801e7 1.1635428387398286e7 8.193351394604304e7 9.555773470716966e6 5.745986239205428e7 1.1403216404892348e8 1.5094421727714231e7 8.911878425142753e7 2.9124934124453805e7 9.725810578919053e7 5.784765435380862e7 1.983149197323633e8 1.232508549732769e8 2.309112871865802e7 1.6260143192915002e8 1.8963942527259342e7 1.1403216404892348e8 2.263029164420473e8 2.995568563903076e7 1.768609843904654e8 5.779998642066133e7 1.9301390244843614e8 7.657285977672146e6 2.62509183992492e7 1.6314698565834587e7 3.0565695034851716e6 2.1523528975700244e7 2.5102544401751156e6 1.5094421727714231e7 2.995568563903076e7 3.9652299502478107e6 2.341106395580652e7 7.6509761799776545e6 2.5549223477146607e7 4.520928521181469e7 1.549877150264825e8 9.632340528462628e7 1.804625331425913e7 1.2707679497207525e8 1.482076146444273e7 8.911878425142753e7 1.768609843904654e8 2.341106395580652e7 1.3822096635495514e8 4.517203161511856e7 1.508448469192289e8 1.4774858798487872e7 5.065157730956833e7 3.1479478284207724e7 5.897700954808349e6 4.153000193389789e7 4.843577085929823e6 2.9124934124453805e7 5.779998642066133e7 7.6509761799776545e6 4.517203161511856e7 1.4762683940417405e7 4.9297645456440195e7 4.9338301467167154e7 1.6914292212002537e8 1.0512073318591298e8 1.9694438480949435e7 1.3868286548744515e8 1.6174358733602675e7 9.725810578919053e7 1.9301390244843614e8 2.5549223477146607e7 1.508448469192289e8 4.9297645456440195e7 1.646216810816695e8
