1.2858294435687207e6 2.6429573918130123e6 2.451078994654252e6 540539.0190226104 1.6873124278192355e6 766382.4365172458 3.065223881926772e6 2.3422885402139737e6 298266.40323304327 894531.5761108274 1.2806843104823674e6 467135.7966921418 2.6986459593619835e6 257503.32148462278 1.377537510967529e6 856069.7272751783 20095.78327129359 981822.7098708893 1.4980400039466745e6 1.30719301523294e6 2.768770867458883e6 2.620419986806508e6 647182.0794102284 1.2468799368731221e6 545552.1940877904 2.3526260308783962e6 1.2528064631335652e6 766893.4333529503 662181.8207225684 2.2625989868322923e6 2.8892177917786725e6 2.522468686696813e6 2.596308187165758e6 176255.58725459626 2.201986145148788e6 920554.341452126 559203.8292708774 679147.572986249 2.1604343698525717e6 1.918800383151987e6 884197.5967495266 2.6429573918130123e6 5.432465254141397e6 5.03806891282533e6 1.1110506164208942e6 3.468185361369408e6 1.575260339292945e6 6.300412668896216e6 4.814455635683676e6 613071.5073426623 1.8386644147225125e6 2.6323818309635906e6 960174.0052097142 5.546930288348841e6 529285.0543578438 2.831458686314294e6 1.7596080296075137e6 41305.86619149782 2.0180869255110235e6 3.0791454663488246e6 2.6868691329291333e6 5.69106849045014e6 5.38614075795557e6 1.3302500336894514e6 2.56289865062966e6 1.1213549442314296e6 4.835703824936913e6 2.5750803256303025e6 1.5763106674456198e6 1.3610812433611664e6 4.650657788921166e6 5.938641051915688e6 5.184806814361847e6 5.336580173222367e6 362284.4456648827 4.526071158270063e6 1.892152892808156e6 1.1494151899334842e6 1.395953489114471e6 4.440663585585079e6 3.9439971463012705e6 1.8174234427752611e6 2.451078994654252e6 5.03806891282533e6 4.672305699705512e6 1.0303884717713159e6 3.2163955102539733e6 1.4608966231212092e6 5.84300344690446e6 4.46492672029952e6 568562.5876994592 1.7051775935188637e6 2.4412712182841143e6 890465.484866613 5.144223798953019e6 490859.0213900541 2.625895117247997e6 1.6318606927058143e6 38307.065142858155 1.871574051034271e6 2.8555998660558197e6 2.4918027485073507e6 5.27789758446016e6 4.995107569638056e6 1.2336740370141417e6 2.376832508706037e6 1.0399447065894298e6 4.484632293501107e6 2.3881297955280915e6 1.4618706975729917e6 1.2622669044739848e6 4.313020578031453e6 5.507496406953733e6 4.808390446773294e6 4.949145077553003e6 335982.63733264845 4.197478922176688e6 1.7547828143589206e6 1.0659677817393332e6 1.2946074292690938e6 4.118271929267518e6 3.657663415316722e6 1.6854787136476927e6 540539.0190226104 1.1110506164208942e6 1.0303884717713159e6 227232.64935899744 709315.0721348558 322173.06307860266 1.2885636726616332e6 984654.9681435237 125385.70322633536 376044.6014470613 538376.0998227518 196375.28644040637 1.1344610646916616e6 108249.6543274426 579091.4017170279 359875.94848659064 8447.897215518597 412740.1865793157 629748.4306647751 549519.8711316943 1.1639402846779034e6 1.1015763063913153e6 272063.42807215516 524165.3636782278 229340.09583681347 989000.6588499005 526656.7661788118 322387.87673812563 278369.04309374176 951154.9474162554 1.2145739535845756e6 1.0603993836368208e6 1.091440149850594e6 74094.60306604166 925674.4249817702 386984.0927771098 235078.99186756532 285501.13291440887 908206.8238394853 806628.3456152262 371700.3868278548 1.6873124278192355e6 3.468185361369408e6 3.2163955102539733e6 709315.0721348558 2.2141530848535784e6 1.005675065278457e6 4.022298894998782e6 3.073636696693352e6 391396.08405549807 1.1738370535826515e6 1.6805607959890505e6 612992.6789126021 3.541261936635907e6 337905.27718812105 1.8076551082791137e6 1.1233660087159402e6 26370.421854944383 1.28838367216295e6 1.9657828872033532e6 1.7153464879754551e6 3.633282406009501e6 3.4386109541659714e6 849255.996674035 1.636201460471567e6 715893.5438230099 3.087201930059089e6 1.6439784650059228e6 1.0063456140170732e6 868939.2058717813 2.9690651499296622e6 3.79133726570639e6 3.3100756753832474e6 3.406970568736618e6 231289.02852142815 2.8895267620279463e6 1.2079850781019316e6 733807.7188480789 891202.286550942 2.8350010026389943e6 2.517920047009427e6 1.1602764278773044e6 766382.4365172458 1.575260339292945e6 1.4608966231212092e6 322173.06307860266 1.005675065278457e6 456780.67331541865 1.8269403915515034e6 1.396055135814496e6 177773.29177231452 533160.3598520248 763315.8248055237 278423.1391215728 1.6084519420345062e6 153477.60460590338 821042.4479930449 510236.25777063763 11977.525809668852 585187.7823939428 892864.5661111732 779115.591903153 1.6502479190955788e6 1.5618275535933713e6 385734.6566214328 743167.6796987439 325161.024927164 1.4022165060665926e6 746700.0188112748 457085.2385919089 394674.8301036752 1.348558421229923e6 1.7220369170788678e6 1.50344643904232e6 1.5474563943001083e6 105052.1801982179 1.3124318435364517e6 548670.4964466806 333297.6977078255 404786.7890592119 1.2876660777870305e6 1.1436469433682342e6 527001.082413291 3.065223881926772e6 6.300412668896216e6 5.84300344690446e6 1.2885636726616332e6 4.022298894998782e6 1.8269403915515034e6 7.307032432122159e6 5.583663375992336e6 711022.2175570076 2.1324286544741597e6 3.0529586589682666e6 1.1135814374802161e6 6.433165833054316e6 613849.1653290166 3.283842112954357e6 2.040741395185025e6 47905.32299387461 2.3405175804355955e6 3.57110192113408e6 3.1161514216529373e6 6.600333060474436e6 6.246686887138676e6 1.5427846793253492e6 2.9723741196898306e6 1.30051432755675e6 5.608306397990525e6 2.9865020663792114e6 1.8281585311051002e6 1.5785418052204454e6 5.393695473649343e6 6.887460401333086e6 6.013185728906746e6 6.189207985512395e6 420166.79434276954 5.249203581035596e6 2.1944630107388142e6 1.333057771323609e6 1.6189856053477426e6 5.1501504020844875e6 4.574131342617194e6 2.1077940028941776e6 2.3422885402139737e6 4.814455635683676e6 4.46492672029952e6 984654.9681435237 3.073636696693352e6 1.396055135814496e6 5.583663375992336e6 4.266752198791515e6 543327.0965429246 1.629493763783109e6 2.332916079250105e6 850942.4238092983 4.915898866932809e6 469072.38125336316 2.509345498185958e6 1.5594310130708925e6 36606.81678927429 1.7885047611522563e6 2.7288548660760727e6 2.381204781662186e6 5.043639578922618e6 4.7734011196769625e6 1.1789177605291102e6 2.2713374637423675e6 993787.0521566785 4.285583145647611e6 2.2821333236540714e6 1.39698597624465e6 1.2062415415778293e6 4.1215883680873173e6 5.263047722008263e6 4.594971383996597e6 4.729478659925444e6 321070.1421094506 4.011174996255481e6 1.676897270794452e6 1.0186551004071366e6 1.2371466412409984e6 3.935483583534559e6 3.495319049423277e6 1.6106692131758346e6 298266.40323304327 613071.5073426623 568562.5876994592 125385.70322633536 391396.08405549807 177773.29177231452 711022.2175570076 543327.0965429246 69187.12877710034 207499.30491905264 297072.91653269 108358.78319449977 625989.2615806832 59731.55297067646 319539.3920787324 198577.5327732362 4661.502368342025 227747.72326953558 347491.65693102183 303221.98712666833 642255.7300611837 607843.6361322787 150123.07583097747 289231.5119199664 126548.58038935851 545725.0243352568 290606.2538658829 177891.8247465059 153602.4788832522 524841.9727333209 670195.1049736434 585122.4407810248 602250.5617239324 40884.98698104871 510781.96316588053 213535.65496481347 129715.27107658371 157537.92610072016 501143.43868851836 445093.0033274988 205102.19162335375 894531.5761108274 1.8386644147225125e6 1.7051775935188637e6 376044.6014470613 1.1738370535826515e6 533160.3598520248 2.1324286544741597e6 1.629493763783109e6 207499.30491905264 622311.7262258859 890952.1869219614 324979.1195580721 1.8774060863727408e6 179141.06196083696 958331.4544560066 595554.4152689987 13980.32435231844 683038.8124296139 1.0421631675257798e6 909393.8811604857 1.926190895958721e6 1.8229854920452074e6 450234.5224874871 867435.0091536633 379532.18948978704 1.6366853955063736e6 871558.0014394071 533515.8524153011 460669.60958593024 1.5740549790028834e6 2.0099839507751113e6 1.754842293654878e6 1.8062112874697961e6 122618.27496157117 1.531887566306828e6 640415.3599635824 389029.4200889899 472472.41997283127 1.5029806414951154e6 1.3348796293069741e6 615122.5372616755 1.2806843104823674e6 2.6323818309635906e6 2.4412712182841143e6 538376.0998227518 1.6805607959890505e6 763315.8248055237 3.0529586589682666e6 2.332916079250105e6 297072.91653269 890952.1869219614 1.2755597651921709e6 465266.59401102253 2.687847565622196e6 256472.9446598868 1.372025416139695e6 852644.2397814371 20015.37176732433 977894.0329108491 1.4920457290235597e6 1.3019623976992038e6 2.757691875085559e6 2.6099346073950366e6 644592.4374119656 1.2418906568018007e6 543369.2151101561 2.3432122053575767e6 1.247793468590233e6 763824.7769324689 659532.1585826772 2.2535453965863027e6 2.8776568416631557e6 2.5123752507717554e6 2.585919288993477e6 175550.31607094585 2.1931750918417084e6 916870.8244633985 556966.224479365 676430.0238853436 2.1517895823087646e6 1.9111224726897238e6 880659.5580674416 467135.7966921418 960174.0052097142 890465.484866613 196375.28644040637 612992.6789126021 278423.1391215728 1.1135814374802161e6 850942.4238092983 108358.78319449977 324979.1195580721 465266.59401102253 169708.24057781778 980405.4002043975 93549.74707900533 500452.9067814391 311006.11054979503 7300.703662947844 356691.57840486435 544230.8964228731 474897.0819228306 1.0058814499057418e6 951986.2718398304 235118.20932572737 452985.6238741075 198196.5493923034 854697.9856075412 455138.70302479574 278608.78187158745 240567.54488353574 821991.5834057101 1.0496392517142643e6 916401.0246341204 943226.5682950101 64032.82689273459 799971.2227496234 334433.067965181 203156.12432605392 246731.12298467167 784875.6579730858 697091.16567526 321224.8333997591 2.6986459593619835e6 5.546930288348841e6 5.144223798953019e6 1.1344610646916616e6 3.541261936635907e6 1.6084519420345062e6 6.433165833054316e6 4.915898866932809e6 625989.2615806832 1.8774060863727408e6 2.687847565622196e6 980405.4002043975 5.663807163855429e6 540437.3818957645 2.8911190799337192e6 1.7966839396921974e6 42176.20353658686 2.0606091282597869e6 3.144024756808459e6 2.7434829450427396e6 5.810982437242467e6 5.499629709520512e6 1.3582791343808244e6 2.6169003364187945e6 1.144982510363083e6 4.937594767233598e6 2.629338686019351e6 1.6095244011797046e6 1.3897599746170498e6 4.748649709346272e6 6.063771488900083e6 5.294053548873858e6 5.449024855977214e6 369917.97842134937 4.621437969785655e6 1.9320215961442492e6 1.1736340008930187e6 1.4253669977902372e6 4.534230812515844e6 4.0270993378746584e6 1.8557175554505493e6 257503.32148462278 529285.0543578438 490859.0213900541 108249.6543274426 337905.27718812105 153477.60460590338 613849.1653290166 469072.38125336316 59731.55297067646 179141.06196083696 256472.9446598868 93549.74707900533 540437.3818957645 51568.239401627296 275869.00138116244 171438.5988735622 4024.4302742291784 196622.19601932386 300001.1227480419 261781.6421357996 554480.7659884781 524771.6589959271 129606.25212542202 249703.19885213143 109253.60491896501 471142.5921940281 250890.0593681687 153579.9380709832 132610.13668309528 453113.55810924806 578601.759040925 505155.6941818226 519942.9715478992 35297.371183471136 440975.0834956903 184352.44403263132 111987.51447510697 136007.7393598997 432653.82424480387 384263.6162975659 177071.55420224732 1.377537510967529e6 2.831458686314294e6 2.625895117247997e6 579091.4017170279 1.8076551082791137e6 821042.4479930449 3.283842112954357e6 2.509345498185958e6 319539.3920787324 958331.4544560066 1.372025416139695e6 500452.9067814391 2.8911190799337192e6 275869.00138116244 1.4757863911219405e6 917126.4254552551 21529.056911039064 1.0518483759503798e6 1.6048833760091143e6 1.4004247776131167e6 2.9662454443514803e6 2.807313866057137e6 693340.4700542688 1.3358100433199115e6 584462.1269993531 2.520420280483675e6 1.3421592619307681e6 821589.8902006326 709410.0245476003 2.423972317812329e6 3.095282897305332e6 2.702376472669527e6 2.7814823620204264e6 188826.50741528175 2.359036440443068e6 986210.218296764 599087.4255914842 727585.8100391333 2.3145211049107215e6 2.0556532727347391e6 947260.4338949542 856069.7272751783 1.7596080296075137e6 1.6318606927058143e6 359875.94848659064 1.1233660087159402e6 510236.25777063763 2.040741395185025e6 1.5594310130708925e6 198577.5327732362 595554.4152689987 852644.2397814371 311006.11054979503 1.7966839396921974e6 171438.5988735622 917126.4254552551 569947.5786796532 13379.217430805367 653670.4410337514 997353.6568478788 870293.0032000575 1.8433711665635128e6 1.7446032478661183e6 430875.9524750196 830138.221552412 363213.581974684 1.5663134288205586e6 834083.9390383838 510576.46534946386 440862.36592874676 1.5063759095566988e6 1.9235614018776142e6 1.6793899777932013e6 1.7285502776640344e6 117346.10158948698 1.4660215537679887e6 612879.6536511923 372302.463603969 452157.6951701409 1.438357529488916e6 1.2774842953832545e6 588674.3372479643 20095.78327129359 41305.86619149782 38307.065142858155 8447.897215518597 26370.421854944383 11977.525809668852 47905.32299387461 36606.81678927429 4661.502368342025 13980.32435231844 20015.37176732433 7300.703662947844 42176.20353658686 4024.4302742291784 21529.056911039064 13379.217430805367 314.07004039818463 15344.567265188052 23412.34866071198 20429.667137627654 43272.1614508212 40953.6368901909 10114.584690794558 19487.054913894834 8526.24639325348 36768.377852446625 19579.67854129517 11985.512002327603 10349.010455460248 35361.37634477815 45154.58473715266 39422.789927562095 40576.801920137215 2754.637560633556 34414.07922382539 14387.025143806824 8739.603073884988 10614.162324730818 33764.68091126791 29988.26697705544 13818.818166087123 981822.7098708893 2.0180869255110235e6 1.871574051034271e6 412740.1865793157 1.28838367216295e6 585187.7823939428 2.3405175804355955e6 1.7885047611522563e6 227747.72326953558 683038.8124296139 977894.0329108491 356691.57840486435 2.0606091282597869e6 196622.19601932386 1.0518483759503798e6 653670.4410337514 15344.567265188052 749691.833889552 1.143860644602913e6 998135.3242139467 2.1141545091355406e6 2.0008780054885284e6 494169.78757530515 952081.9768341108 416568.10415592015 1.7963981743480521e6 956607.3033478663 585577.9650114557 505623.16246596724 1.7276560897822406e6 2.206124347143803e6 1.9260851848776059e6 1.982466922602262e6 134583.7421702686 1.681373851673347e6 702909.054251746 426992.1036347522 518577.7272769066 1.6496461005121588e6 1.465141276170271e6 675148.0803647902 1.4980400039466745e6 3.0791454663488246e6 2.8555998660558197e6 629748.4306647751 1.9657828872033532e6 892864.5661111732 3.57110192113408e6 2.7288548660760727e6 347491.65693102183 1.0421631675257798e6 1.4920457290235597e6 544230.8964228731 3.144024756808459e6 300001.1227480419 1.6048833760091143e6 997353.6568478788 23412.34866071198 1.143860644602913e6 1.7452733444928434e6 1.5229293741040097e6 3.2257229307985352e6 3.052888535887513e6 753991.6352382865 1.4526623533913605e6 635588.9694951696 2.7408984342438304e6 1.4595669809584063e6 893459.89677933 771466.9019986839 2.63601351805788e6 3.3660481596893906e6 2.9387715612476585e6 3.024797376045394e6 205344.43502373213 2.5653972617192734e6 1.072480674788942e6 651493.641554001 791232.6459821971 2.516987869680485e6 2.2354751230241684e6 1.0301236901591532e6 1.30719301523294e6 2.6868691329291333e6 2.4918027485073507e6 549519.8711316943 1.7153464879754551e6 779115.591903153 3.1161514216529373e6 2.381204781662186e6 303221.98712666833 909393.8811604857 1.3019623976992038e6 474897.0819228306 2.7434829450427396e6 261781.6421357996 1.4004247776131167e6 870293.0032000575 20429.667137627654 998135.3242139467 1.5229293741040097e6 1.3289115345898995e6 2.814772952062415e6 2.663957277431244e6 657934.7657812183 1.267596377160984e6 554616.3382114614 2.3917140258385087e6 1.2736213704219442e6 779635.0787587232 673183.722143092 2.3001912163805794e6 2.9372210566416164e6 2.564378553381334e6 2.6394448693255414e6 179184.0074182238 2.2385713151733144e6 935849.0049417396 568494.790168753 690431.3539874086 2.1963291727885576e6 1.9506805284541724e6 898888.2066262629 2.768770867458883e6 5.69106849045014e6 5.27789758446016e6 1.1639402846779034e6 3.633282406009501e6 1.6502479190955788e6 6.600333060474436e6 5.043639578922618e6 642255.7300611837 1.926190895958721e6 2.757691875085559e6 1.0058814499057418e6 5.810982437242467e6 554480.7659884781 2.9662454443514803e6 1.8433711665635128e6 43272.1614508212 2.1141545091355406e6 3.2257229307985352e6 2.814772952062415e6 5.961982092440167e6 5.642538795689891e6 1.3935743160766521e6 2.684901066545506e6 1.1747351324264647e6 5.065899251958913e6 2.6976626293929094e6 1.651348246327265e6 1.4258731928621773e6 4.87204441523463e6 6.221339923138212e6 5.431620693347532e6 5.590618963910314e6 379530.3783548038 4.741527050675451e6 1.982225601749665e6 1.2041311382320262e6 1.462405472354728e6 4.652053796266176e6 4.1317443988489825e6 1.903938783795945e6 2.620419986806508e6 5.38614075795557e6 4.995107569638056e6 1.1015763063913153e6 3.4386109541659714e6 1.5618275535933713e6 6.246686887138676e6 4.7734011196769625e6 607843.6361322787 1.8229854920452074e6 2.6099346073950366e6 951986.2718398304 5.499629709520512e6 524771.6589959271 2.807313866057137e6 1.7446032478661183e6 40953.6368901909 2.0008780054885284e6 3.052888535887513e6 2.663957277431244e6 5.642538795689891e6 5.340211286651906e6 1.3189065349777264e6 2.5410439339933693e6 1.1117927656611374e6 4.79446811832594e6 2.553121731669316e6 1.5628689252373108e6 1.3494748363402253e6 4.611000033385551e6 5.888000220932233e6 5.140594186713091e6 5.291073322038856e6 359195.12182455196 4.487475795704564e6 1.8760178555156356e6 1.1396137320150163e6 1.3840497144823594e6 4.40279652271226e6 3.9103653286616704e6 1.8019256491577697e6 647182.0794102284 1.3302500336894514e6 1.2336740370141417e6 272063.42807215516 849255.996674035 385734.6566214328 1.5427846793253492e6 1.1789177605291102e6 150123.07583097747 450234.5224874871 644592.4374119656 235118.20932572737 1.3582791343808244e6 129606.25212542202 693340.4700542688 430875.9524750196 10114.584690794558 494169.78757530515 753991.6352382865 657934.7657812183 1.3935743160766521e6 1.3189065349777264e6 325738.8808482065 627578.062049031 274586.6531230033 1.1841208134981855e6 630560.993889717 385991.85091446864 333288.5320260432 1.1388085134413391e6 1.454197512512021e6 1.2696058081954967e6 1.3067706139130213e6 88712.74338726414 1.1083009332051761e6 463332.26843647077 281457.77719729656 341827.7133954585 1.0873871452421658e6 965768.2270013113 445033.23682314035 1.2468799368731221e6 2.56289865062966e6 2.376832508706037e6 524165.3636782278 1.636201460471567e6 743167.6796987439 2.9723741196898306e6 2.2713374637423675e6 289231.5119199664 867435.0091536633 1.2418906568018007e6 452985.6238741075 2.6169003364187945e6 249703.19885213143 1.3358100433199115e6 830138.221552412 19487.054913894834 952081.9768341108 1.4526623533913605e6 1.267596377160984e6 2.684901066545506e6 2.5410439339933693e6 627578.062049031 1.2091102632256923e6 529026.682914671 2.2813618178832303e6 1.2148572670188146e6 743663.1977516493 642123.4409825972 2.1940618143263585e6 2.8016994912071773e6 2.4460597107682074e6 2.5176625132580386e6 170916.56798555847 2.1352850173024307e6 892669.5098631568 542264.7916704165 658575.2777462906 2.0949919012772467e6 1.8606773336722131e6 857414.0599538186 545552.1940877904 1.1213549442314296e6 1.0399447065894298e6 229340.09583681347 715893.5438230099 325161.024927164 1.30051432755675e6 993787.0521566785 126548.58038935851 379532.18948978704 543369.2151101561 198196.5493923034 1.144982510363083e6 109253.60491896501 584462.1269993531 363213.581974684 8526.24639325348 416568.10415592015 635588.9694951696 554616.3382114614 1.1747351324264647e6 1.1117927656611374e6 274586.6531230033 529026.682914671 231467.08761619328 998173.0465368393 531541.1916785471 325377.83085448574 280950.74894039624 959976.3388379732 1.225838398230842e6 1.070233951655227e6 1.101562602350436e6 74781.78605095686 934259.4998468271 390573.1380379671 237259.2084641564 288148.98461472674 916629.8971849232 814109.3395246345 375147.6848866194 2.3526260308783962e6 4.835703824936913e6 4.484632293501107e6 989000.6588499005 3.087201930059089e6 1.4022165060665926e6 5.608306397990525e6 4.285583145647611e6 545725.0243352568 1.6366853955063736e6 2.3432122053575767e6 854697.9856075412 4.937594767233598e6 471142.5921940281 2.520420280483675e6 1.5663134288205586e6 36768.377852446625 1.7963981743480521e6 2.7408984342438304e6 2.3917140258385087e6 5.065899251958913e6 4.79446811832594e6 1.1841208134981855e6 2.2813618178832303e6 998173.0465368393 4.3044972012812905e6 2.292205324401719e6 1.4031514546815804e6 1.211565185723721e6 4.1397786467597317e6 5.286275734167559e6 4.615250898228013e6 4.750351810545092e6 322487.1577929146 4.0288779749300755e6 1.6842981138521775e6 1.0231508477968937e6 1.2426066824079086e6 3.95285250461593e6 3.5107453418813744e6 1.6177777643508136e6 1.2528064631335652e6 2.5750803256303025e6 2.3881297955280915e6 526656.7661788118 1.6439784650059228e6 746700.0188112748 2.9865020663792114e6 2.2821333236540714e6 290606.2538658829 871558.0014394071 1.247793468590233e6 455138.70302479574 2.629338686019351e6 250890.0593681687 1.3421592619307681e6 834083.9390383838 19579.67854129517 956607.3033478663 1.4595669809584063e6 1.2736213704219442e6 2.6976626293929094e6 2.553121731669316e6 630560.993889717 1.2148572670188146e6 531541.1916785471 2.292205324401719e6 1.2206315868091646e6 747197.8921035791 645175.5082449615 2.2044903765119435e6 2.81501620688884e6 2.457686040362405e6 2.5296291770550157e6 171728.94895228682 2.145434208378765e6 896912.443874404 544842.2222897651 661705.5419863502 2.1049495757502764e6 1.869521291100763e6 861489.4218167517 766893.4333529503 1.5763106674456198e6 1.4618706975729917e6 322387.87673812563 1.0063456140170732e6 457085.2385919089 1.8281585311051002e6 1.39698597624465e6 177891.8247465059 533515.8524153011 763824.7769324689 278608.78187158745 1.6095244011797046e6 153579.9380709832 821589.8902006326 510576.46534946386 11985.512002327603 585577.9650114557 893459.89677933 779635.0787587232 1.651348246327265e6 1.5628689252373108e6 385991.85091446864 743663.1977516493 325377.83085448574 1.4031514546815804e6 747197.8921035791 457390.0069418063 394937.985389738 1.3494575925224472e6 1.7231851106877825e6 1.5044488842138106e6 1.5484881837608265e6 105122.22529464403 1.3133069268984513e6 549036.3306231562 333519.9288821858 405056.6866436141 1.288524648208064e6 1.144409486899216e6 527352.468187148 662181.8207225684 1.3610812433611664e6 1.2622669044739848e6 278369.04309374176 868939.2058717813 394674.8301036752 1.5785418052204454e6 1.2062415415778293e6 153602.4788832522 460669.60958593024 659532.1585826772 240567.54488353574 1.3897599746170498e6 132610.13668309528 709410.0245476003 440862.36592874676 10349.010455460248 505623.16246596724 771466.9019986839 673183.722143092 1.4258731928621773e6 1.3494748363402253e6 333288.5320260432 642123.4409825972 280950.74894039624 1.211565185723721e6 645175.5082449615 394937.985389738 341013.1614955674 1.1652026823303744e6 1.4879014533328272e6 1.2990314664413666e6 1.3370576409906645e6 90768.83895024634 1.133988027800645e6 474070.92203846807 287981.12508133095 349750.2555013726 1.1125895209010532e6 988151.8405678336 455347.77370559494 2.2625989868322923e6 4.650657788921166e6 4.313020578031453e6 951154.9474162554 2.9690651499296622e6 1.348558421229923e6 5.393695473649343e6 4.1215883680873173e6 524841.9727333209 1.5740549790028834e6 2.2535453965863027e6 821991.5834057101 4.748649709346272e6 453113.55810924806 2.423972317812329e6 1.5063759095566988e6 35361.37634477815 1.7276560897822406e6 2.63601351805788e6 2.3001912163805794e6 4.87204441523463e6 4.611000033385551e6 1.1388085134413391e6 2.1940618143263585e6 959976.3388379732 4.1397786467597317e6 2.2044903765119435e6 1.3494575925224472e6 1.1652026823303744e6 3.981363314411391e6 5.0839878345552e6 4.4386408503729105e6 4.568571907547608e6 310146.6645832541 3.8747064363409257e6 1.6198457195947168e6 983998.3240929764 1.195056325886795e6 3.801590203735946e6 3.3764009873686424e6 1.5558708789655324e6 2.8892177917786725e6 5.938641051915688e6 5.507496406953733e6 1.2145739535845756e6 3.79133726570639e6 1.7220369170788678e6 6.887460401333086e6 5.263047722008263e6 670195.1049736434 2.0099839507751113e6 2.8776568416631557e6 1.0496392517142643e6 6.063771488900083e6 578601.759040925 3.095282897305332e6 1.9235614018776142e6 45154.58473715266 2.206124347143803e6 3.3660481596893906e6 2.9372210566416164e6 6.221339923138212e6 5.888000220932233e6 1.454197512512021e6 2.8016994912071773e6 1.225838398230842e6 5.286275734167559e6 2.81501620688884e6 1.7231851106877825e6 1.4879014533328272e6 5.0839878345552e6 6.491980324515174e6 5.667906770420374e6 5.833821775367548e6 396040.68886696134 4.947792710483221e6 2.0684562753834904e6 1.2565131875313397e6 1.526022958122055e6 4.854427195277237e6 4.311483325881833e6 1.9867638284020557e6 2.522468686696813e6 5.184806814361847e6 4.808390446773294e6 1.0603993836368208e6 3.3100756753832474e6 1.50344643904232e6 6.013185728906746e6 4.594971383996597e6 585122.4407810248 1.754842293654878e6 2.5123752507717554e6 916401.0246341204 5.294053548873858e6 505155.6941818226 2.702376472669527e6 1.6793899777932013e6 39422.789927562095 1.9260851848776059e6 2.9387715612476585e6 2.564378553381334e6 5.431620693347532e6 5.140594186713091e6 1.2696058081954967e6 2.4460597107682074e6 1.070233951655227e6 4.615250898228013e6 2.457686040362405e6 1.5044488842138106e6 1.2990314664413666e6 4.4386408503729105e6 5.667906770420374e6 4.948438774046386e6 5.093292999236084e6 345768.4080332817 4.319733948743713e6 1.8058923073584854e6 1.0970149702761504e6 1.3323139356253154e6 4.23821998700827e6 3.764195871179751e6 1.7345696677026327e6 2.596308187165758e6 5.336580173222367e6 4.949145077553003e6 1.091440149850594e6 3.406970568736618e6 1.5474563943001083e6 6.189207985512395e6 4.729478659925444e6 602250.5617239324 1.8062112874697961e6 2.585919288993477e6 943226.5682950101 5.449024855977214e6 519942.9715478992 2.7814823620204264e6 1.7285502776640344e6 40576.801920137215 1.982466922602262e6 3.024797376045394e6 2.6394448693255414e6 5.590618963910314e6 5.291073322038856e6 1.3067706139130213e6 2.5176625132580386e6 1.101562602350436e6 4.750351810545092e6 2.5296291770550157e6 1.5484881837608265e6 1.3370576409906645e6 4.568571907547608e6 5.833821775367548e6 5.093292999236084e6 5.242387500503432e6 355889.98720759177 4.446184278381568e6 1.858755673543886e6 1.1291275740279215e6 1.3713143783238581e6 4.362284181885549e6 3.8743840944314534e6 1.7853452267679335e6 176255.58725459626 362284.4456648827 335982.63733264845 74094.60306604166 231289.02852142815 105052.1801982179 420166.79434276954 321070.1421094506 40884.98698104871 122618.27496157117 175550.31607094585 64032.82689273459 369917.97842134937 35297.371183471136 188826.50741528175 117346.10158948698 2754.637560633556 134583.7421702686 205344.43502373213 179184.0074182238 379530.3783548038 359195.12182455196 88712.74338726414 170916.56798555847 74781.78605095686 322487.1577929146 171728.94895228682 105122.22529464403 90768.83895024634 310146.6645832541 396040.68886696134 345768.4080332817 355889.98720759177 24160.30539185758 301838.1349726355 126185.35596921183 76653.08942498938 93094.42625376278 296142.40869032295 263020.3329441202 121201.74059139239 2.201986145148788e6 4.526071158270063e6 4.197478922176688e6 925674.4249817702 2.8895267620279463e6 1.3124318435364517e6 5.249203581035596e6 4.011174996255481e6 510781.96316588053 1.531887566306828e6 2.1931750918417084e6 799971.2227496234 4.621437969785655e6 440975.0834956903 2.359036440443068e6 1.4660215537679887e6 34414.07922382539 1.681373851673347e6 2.5653972617192734e6 2.2385713151733144e6 4.741527050675451e6 4.487475795704564e6 1.1083009332051761e6 2.1352850173024307e6 934259.4998468271 4.0288779749300755e6 2.145434208378765e6 1.3133069268984513e6 1.133988027800645e6 3.8747064363409257e6 4.947792710483221e6 4.319733948743713e6 4.446184278381568e6 301838.1349726355 3.770906793026847e6 1.5764516171820057e6 957637.9593168111 1.1630419210782528e6 3.6997492736791307e6 3.2859504657789e6 1.5141906007476305e6 920554.341452126 1.892152892808156e6 1.7547828143589206e6 386984.0927771098 1.2079850781019316e6 548670.4964466806 2.1944630107388142e6 1.676897270794452e6 213535.65496481347 640415.3599635824 916870.8244633985 334433.067965181 1.9320215961442492e6 184352.44403263132 986210.218296764 612879.6536511923 14387.025143806824 702909.054251746 1.072480674788942e6 935849.0049417396 1.982225601749665e6 1.8760178555156356e6 463332.26843647077 892669.5098631568 390573.1380379671 1.6842981138521775e6 896912.443874404 549036.3306231562 474070.92203846807 1.6198457195947168e6 2.0684562753834904e6 1.8058923073584854e6 1.858755673543886e6 126185.35596921183 1.5764516171820057e6 659045.6454429972 400346.6520125984 486217.08728647034 1.5467037627248755e6 1.3737125339019834e6 633017.0307270706 559203.8292708774 1.1494151899334842e6 1.0659677817393332e6 235078.99186756532 733807.7188480789 333297.6977078255 1.333057771323609e6 1.0186551004071366e6 129715.27107658371 389029.4200889899 556966.224479365 203156.12432605392 1.1736340008930187e6 111987.51447510697 599087.4255914842 372302.463603969 8739.603073884988 426992.1036347522 651493.641554001 568494.790168753 1.2041311382320262e6 1.1396137320150163e6 281457.77719729656 542264.7916704165 237259.2084641564 1.0231508477968937e6 544842.2222897651 333519.9288821858 287981.12508133095 983998.3240929764 1.2565131875313397e6 1.0970149702761504e6 1.1291275740279215e6 76653.08942498938 957637.9593168111 400346.6520125984 243196.2685527818 295359.48593608005 939567.2019742527 834481.2192875189 384535.1997556874 679147.572986249 1.395953489114471e6 1.2946074292690938e6 285501.13291440887 891202.286550942 404786.7890592119 1.6189856053477426e6 1.2371466412409984e6 157537.92610072016 472472.41997283127 676430.0238853436 246731.12298467167 1.4253669977902372e6 136007.7393598997 727585.8100391333 452157.6951701409 10614.162324730818 518577.7272769066 791232.6459821971 690431.3539874086 1.462405472354728e6 1.3840497144823594e6 341827.7133954585 658575.2777462906 288148.98461472674 1.2426066824079086e6 661705.5419863502 405056.6866436141 349750.2555013726 1.195056325886795e6 1.526022958122055e6 1.3323139356253154e6 1.3713143783238581e6 93094.42625376278 1.1630419210782528e6 486217.08728647034 295359.48593608005 358711.20248496754 1.1410951632972416e6 1.0134692666905869e6 467014.233401027 2.1604343698525717e6 4.440663585585079e6 4.118271929267518e6 908206.8238394853 2.8350010026389943e6 1.2876660777870305e6 5.1501504020844875e6 3.935483583534559e6 501143.43868851836 1.5029806414951154e6 2.1517895823087646e6 784875.6579730858 4.534230812515844e6 432653.82424480387 2.3145211049107215e6 1.438357529488916e6 33764.68091126791 1.6496461005121588e6 2.516987869680485e6 2.1963291727885576e6 4.652053796266176e6 4.40279652271226e6 1.0873871452421658e6 2.0949919012772467e6 916629.8971849232 3.95285250461593e6 2.1049495757502764e6 1.288524648208064e6 1.1125895209010532e6 3.801590203735946e6 4.854427195277237e6 4.23821998700827e6 4.362284181885549e6 296142.40869032295 3.6997492736791307e6 1.5467037627248755e6 939567.2019742527 1.1410951632972416e6 3.629934506310616e6 3.2239441376785403e6 1.4856176200608439e6 1.918800383151987e6 3.9439971463012705e6 3.657663415316722e6 806628.3456152262 2.517920047009427e6 1.1436469433682342e6 4.574131342617194e6 3.495319049423277e6 445093.0033274988 1.3348796293069741e6 1.9111224726897238e6 697091.16567526 4.0270993378746584e6 384263.6162975659 2.0556532727347391e6 1.2774842953832545e6 29988.26697705544 1.465141276170271e6 2.2354751230241684e6 1.9506805284541724e6 4.1317443988489825e6 3.9103653286616704e6 965768.2270013113 1.8606773336722131e6 814109.3395246345 3.5107453418813744e6 1.869521291100763e6 1.144409486899216e6 988151.8405678336 3.3764009873686424e6 4.311483325881833e6 3.764195871179751e6 3.8743840944314534e6 263020.3329441202 3.2859504657789e6 1.3737125339019834e6 834481.2192875189 1.0134692666905869e6 3.2239441376785403e6 2.8633618002755283e6 1.3194585766493874e6 884197.5967495266 1.8174234427752611e6 1.6854787136476927e6 371700.3868278548 1.1602764278773044e6 527001.082413291 2.1077940028941776e6 1.6106692131758346e6 205102.19162335375 615122.5372616755 880659.5580674416 321224.8333997591 1.8557175554505493e6 177071.55420224732 947260.4338949542 588674.3372479643 13818.818166087123 675148.0803647902 1.0301236901591532e6 898888.2066262629 1.903938783795945e6 1.8019256491577697e6 445033.23682314035 857414.0599538186 375147.6848866194 1.6177777643508136e6 861489.4218167517 527352.468187148 455347.77370559494 1.5558708789655324e6 1.9867638284020557e6 1.7345696677026327e6 1.7853452267679335e6 121201.74059139239 1.5141906007476305e6 633017.0307270706 384535.1997556874 467014.233401027 1.4856176200608439e6 1.3194585766493874e6 608016.4006260409
