1.8150141064463845e6 5.728752694592913e6 2.415969460565708e6 787822.3703404667 68753.46721309109 7.293023436160916e6 9.422367710994964e6 9.965841472318264e6 1.1549294093017407e7 5.846816452149506e6 4.610322923020882e6 5.897417520669347e6 338854.76889366104 1.4444235433675224e7 1.1027855188749611e7 4.522250464383025e6 1.4666979296481332e7 4.812967276332519e6 7.779812734590228e6 6.139433681799258e6 1.26724517244696e7 9.622720882914472e6 672117.8239133797 1.508935873340079e7 9.946294948288681e6 5.814758504545296e6 1.3290781650590768e7 227778.22099464032 732274.419192669 1.0272793632561898e7 7.7166087425451195e6 1.556937346186353e7 3.0905009627894857e6 1.5801595703677742e6 7.495174771523377e6 3.25905936983903e6 8.373172102416974e6 8.821936124992328e6 7.445682101359396e6 6.627768324906084e6 7.323599371595032e6 5.728752694592913e6 1.8081736841186926e7 7.625555916129093e6 2.486614021851871e6 217007.4652096022 2.3019064983157083e7 2.9739942087553237e7 3.145531540810399e7 3.645318756533528e7 1.8454383018885422e7 1.455162236722789e7 1.8614095831365913e7 1.069531726216676e6 4.559052867308705e7 3.480736315147531e7 1.4273638117436633e7 4.6293578032164976e7 1.5191231382361665e7 2.455552439422794e7 1.937797459698198e7 3.9998224645092234e7 3.0372319416978706e7 2.1214142530089696e6 4.762673975735428e7 3.13936204593944e7 1.8353198100780126e7 4.194986745482744e7 718939.3694837225 2.311287299218235e6 3.2424152514582302e7 2.4356032809864245e7 4.9141816504889436e7 9.754588493467037e6 4.987478259524245e6 2.36571178793082e7 1.0286611591883594e7 2.642835230516618e7 2.784479204215445e7 2.3500903519013435e7 2.0919311599612013e7 2.3115572206922323e7 2.415969460565708e6 7.625555916129093e6 3.2159025175921298e6 1.0486721730332072e6 91517.89867906492 9.707760305760048e6 1.2542135377974652e7 1.3265554554339414e7 1.5373291987494659e7 7.78271085594101e6 6.136811469290642e6 7.850066054879536e6 451050.3639098406 1.922675507867259e7 1.4679203460145215e7 6.019578016597207e6 1.952324994786213e7 6.406551835064193e6 1.0355726662913077e7 8.172214324789133e6 1.6868329699516967e7 1.2808825946916135e7 894657.5845935845 2.008548018989937e7 1.3239536131150328e7 7.740038447993819e6 1.769139008938216e7 303196.11497812555 974732.1672264041 1.367413928234202e7 1.0271595683421249e7 2.0724428901355006e7 4.1137729549480374e6 2.1033540462689204e6 9.97684441420508e6 4.338141439086501e6 1.1145548685077256e7 1.1742899509895599e7 9.910964606872816e6 8.822237693804307e6 9.748460003891697e6 787822.3703404667 2.486614021851871e6 1.0486721730332072e6 341961.0266413133 29843.02949302892 3.1655990937030185e6 4.0898591575298104e6 4.325758584064773e6 5.013069714336626e6 2.537860603902767e6 2.0011500298257286e6 2.5598244297493394e6 147082.8057384363 6.269643721609238e6 4.786734705650497e6 1.962921427150216e6 6.366327597151272e6 2.089109541652697e6 3.3768941451204503e6 2.6648736109346976e6 5.500585874312428e6 4.176824162510349e6 291738.4803252255 6.549664998218898e6 4.317274248412389e6 2.523945578019443e6 5.768977258334773e6 98869.08169946673 317849.96415128344 4.458993790119305e6 3.349459912708093e6 6.7580194896979e6 1.3414583310381726e6 685881.7536579225 3.2533446068795295e6 1.4146225468483642e6 3.634446845104822e6 3.829236700860294e6 3.23186189080334e6 2.8768394324042783e6 3.1788708395498013e6 68753.46721309109 217007.4652096022 91517.89867906492 29843.02949302892 2604.409099098772 276262.6725167033 356923.0934276031 377510.09894871997 437491.9235825097 221479.7680172726 174640.8938662659 223396.55692435047 12835.955467444786 547153.4704772796 417739.6073438232 171304.6735714331 555591.0979392177 182317.1437928343 294702.4476955151 232564.2268285045 480037.5881671076 364512.55247791135 25460.094555539334 571591.0015568173 376769.6687260431 220265.4000177641 503460.1754359633 8628.330982877587 27738.850674566762 389137.570718963 292308.25495652977 589774.15328988 117069.42434358984 59857.082557579626 283920.24672428763 123454.48486262998 317179.1401336417 334178.5025093748 282045.4443944755 251062.5402876751 277420.9012968063 7.293023436160916e6 2.3019064983157083e7 9.707760305760048e6 3.1655990937030185e6 276262.6725167033 2.9304560582468156e7 3.78606140284795e7 4.004438045993143e7 4.6406951985846125e7 2.3493464464551356e7 1.8525031296694454e7 2.3696787831184864e7 1.3615738644780403e6 5.803929961815487e7 4.431172521276241e7 1.817114175796035e7 5.893432087773423e7 1.933928944083693e7 3.1260559574050743e7 2.4669248336467598e7 5.091998298631665e7 3.866566583117815e7 2.7006793083602698e6 6.063151051469922e7 3.9965839330506094e7 2.3364650389574014e7 5.3404533726977535e7 915250.1339030358 2.942398343850567e6 4.12777644267481e7 3.1006595600103237e7 6.256028817650776e7 1.2418138168210099e7 6.349339511266529e6 3.0116837699881952e7 1.3095433407188227e7 3.364477452877562e7 3.544798174480978e7 2.9917968059066433e7 2.6631456775629696e7 2.942741969023572e7 9.422367710994964e6 2.9739942087553237e7 1.2542135377974652e7 4.0898591575298104e6 356923.0934276031 3.78606140284795e7 4.8914778659778476e7 5.173613944274873e7 5.995639117091715e7 3.035285199998253e7 2.393378524874573e7 3.0615539696166158e7 1.7591126271693297e6 7.498503569580446e7 5.724942097306618e7 2.3476570570606366e7 7.614137633980957e7 2.498578236803943e7 4.038770610522294e7 3.1871929524801794e7 6.5787091970082186e7 4.995488146183653e7 3.4891967282970008e6 7.833409448678322e7 5.1634666657372355e7 3.0186428075609796e7 6.899705706618437e7 1.182475743381322e6 3.801490477943244e6 5.332963456393126e7 4.0059592262065105e7 8.082601742126921e7 1.6043862347494489e7 8.203156361800325e6 3.89100517206102e7 1.6918907498030506e7 4.3468040372912705e7 4.579773005474611e7 3.8653118104707316e7 3.44070440217237e7 3.80193443136848e7 9.965841472318264e6 3.145531540810399e7 1.3265554554339414e7 4.325758584064773e6 377510.09894871997 4.004438045993143e7 5.173613944274873e7 5.472023379798041e7 6.341462231031603e7 3.2103577417339224e7 2.531426462407955e7 3.2381416705423865e7 1.8605766737235128e6 7.931010564027359e7 6.0551516487074494e7 2.483067821131019e7 8.053314298074014e7 2.6426939998442482e7 4.2717232952557966e7 3.3710273978209466e7 6.958163272842911e7 5.2836234446272016e7 3.6904504819274964e6 8.285233515371335e7 5.461290815289489e7 3.1927554309520543e7 7.297674574679497e7 1.2506798890525962e6 4.020757056371476e6 5.6405640295764044e7 4.237019379572604e7 8.548798997934093e7 1.6969258010621857e7 8.676307100490823e6 4.115434878165656e7 1.789477498457595e7 4.597523815200737e7 4.8439302255741626e7 4.088259546406848e7 3.639161161705139e7 4.021226616634108e7 1.1549294093017407e7 3.645318756533528e7 1.5373291987494659e7 5.013069714336626e6 437491.9235825097 4.6406951985846125e7 5.995639117091715e7 6.341462231031603e7 7.349044482533722e7 3.720445062874888e7 2.93363975038178e7 3.752643524566229e7 2.1561999804159338e6 9.191152971197353e7 7.017242584380959e7 2.8775975013055317e7 9.33288930094959e7 3.0625863643156905e7 4.9504488665547855e7 3.906643199291897e7 8.06373191952866e7 6.123127806945357e7 4.276818778413067e6 9.60165769886452e7 6.3290243908125065e7 3.700045956136017e7 8.45718749312026e7 1.4493979153704846e6 4.659607103885322e6 6.536781967586249e7 4.910230915113577e7 9.90710057384307e7 1.9665469478853103e7 1.0054868183809651e7 4.769328095436768e7 2.0738039993843332e7 5.328015179540376e7 5.6135726116661176e7 4.737834929563161e7 4.2173802006748684e7 4.6601512716390036e7 5.846816452149506e6 1.8454383018885422e7 7.78271085594101e6 2.537860603902767e6 221479.7680172726 2.3493464464551356e7 3.035285199998253e7 3.2103577417339224e7 3.720445062874888e7 1.8834709054717734e7 1.4851516481498357e7 1.8997713385575198e7 1.0915736856369723e6 4.6530103029162265e7 3.552470745020526e7 1.456780325948198e7 4.724764151938366e7 1.5504307186909152e7 2.506158873900084e7 1.9777334914440837e7 4.082254731163874e7 3.099826198200898e7 2.1651344398274287e6 4.8608278349730685e7 3.204061099858105e7 1.8731438818520274e7 4.2814411491680816e7 733755.9775556211 2.358920576108699e6 3.309238126969558e7 2.4857985836291507e7 5.015457928573001e7 9.95562062600158e6 5.090265106058399e6 2.414466698095237e7 1.0498608178541852e7 2.6973013725464948e7 2.8418644842604633e7 2.398523320181655e7 2.1350437302643068e7 2.359196060389325e7 4.610322923020882e6 1.455162236722789e7 6.136811469290642e6 2.0011500298257286e6 174640.8938662659 1.8525031296694454e7 2.393378524874573e7 2.531426462407955e7 2.93363975038178e7 1.4851516481498357e7 1.1710695459082197e7 1.4980048411524579e7 860726.04232486 3.668984692122584e7 2.8011888936770078e7 1.1486982335584821e7 3.7255639293312594e7 1.2225433005184561e7 1.97615262932121e7 1.5594794407952847e7 3.2189333663409494e7 2.4442702957935847e7 1.7072485550129812e6 3.8328526602191456e7 2.526461443817802e7 1.4770085990032885e7 3.375995541354432e7 578580.1608300213 1.8600525079971282e6 2.6093954751894988e7 1.960098163831545e7 3.954781349266764e7 7.8501910160153145e6 4.0137681924471464e6 1.903851652638535e7 8.278346745013972e6 2.1268720251300294e7 2.2408627127482653e7 1.891280004243732e7 1.6835214739246357e7 1.860269732448126e7 5.897417520669347e6 1.8614095831365913e7 7.850066054879536e6 2.5598244297493394e6 223396.55692435047 2.3696787831184864e7 3.0615539696166158e7 3.2381416705423865e7 3.752643524566229e7 1.8997713385575198e7 1.4980048411524579e7 1.9162128431713745e7 1.1010206719265906e6 4.6932796178653605e7 3.5832154788521186e7 1.4693879803349813e7 4.7656544580646046e7 1.5638488671267025e7 2.5278483382329695e7 1.9948497167837307e7 4.117584461976806e7 3.1266535356311835e7 2.18387252012138e6 4.902895699485934e7 3.2317905345996507e7 1.889354940072996e7 4.31849473187001e7 740106.2430036642 2.3793357717423257e6 3.337877812614161e7 2.5073118405418932e7 5.058864033823457e7 1.0041781196557654e7 5.134318627410369e6 2.435362615699128e7 1.0589468015882915e7 2.7206450729495935e7 2.866459301058466e7 2.4192812563789386e7 2.153521391564627e7 2.3796136401920244e7 338854.76889366104 1.069531726216676e6 451050.3639098406 147082.8057384363 12835.955467444786 1.3615738644780403e6 1.7591126271693297e6 1.8605766737235128e6 2.1561999804159338e6 1.0915736856369723e6 860726.04232486 1.1010206719265906e6 63262.62368659353 2.696672186921227e6 2.0588497401228857e6 844283.3201930422 2.738257439556768e6 898558.809169556 1.452455183049238e6 1.1462039738397484e6 2.3658883339582854e6 1.7965176410073873e6 125481.30016322075 2.8171137338271216e6 1.8569274277704407e6 1.0855886145633936e6 2.4813276814937433e6 42525.14410770399 136712.25926067017 1.9178832274033695e6 1.4406552890200207e6 2.9067302714072387e6 576982.286689794 295008.5093720983 1.3993145871437762e6 608451.3644578373 1.563232642431899e6 1.647014817246667e6 1.3900745337189676e6 1.2373738011402725e6 1.3672822507095502e6 1.4444235433675224e7 4.559052867308705e7 1.922675507867259e7 6.269643721609238e6 547153.4704772796 5.803929961815487e7 7.498503569580446e7 7.931010564027359e7 9.191152971197353e7 4.6530103029162265e7 3.668984692122584e7 4.6932796178653605e7 2.696672186921227e6 1.1495003621317694e8 8.776181744760545e7 3.5988949157803744e7 1.1672267521600923e8 3.830253011643748e7 6.191326357696571e7 4.885880788164749e7 1.0084983669273186e8 7.657948522366793e7 5.348844426769807e6 1.2008405296372981e8 7.91545505985852e7 4.627497964413125e7 1.0577062656255151e8 1.8127034049073814e6 5.827582317575306e6 8.175289065978783e7 6.141027390972003e7 1.2390410357651679e8 2.459480802710221e7 1.2575217336384624e7 5.9648059280593045e7 2.5936228629345227e7 6.663533288498152e7 7.020668429939713e7 5.925418698089536e7 5.2745069994102925e7 5.828262886195888e7 1.1027855188749611e7 3.480736315147531e7 1.4679203460145215e7 4.786734705650497e6 417739.6073438232 4.431172521276241e7 5.724942097306618e7 6.0551516487074494e7 7.017242584380959e7 3.552470745020526e7 2.8011888936770078e7 3.5832154788521186e7 2.0588497401228857e6 8.776181744760545e7 6.700421205107818e7 2.7476768952563982e7 8.911518823105231e7 2.924313698889345e7 4.726941125577721e7 3.730262224593574e7 7.69966260909605e7 5.846674802230929e7 4.083724752093663e6 9.168152600689097e7 6.043275364348223e7 3.5329926372431755e7 8.075354062948444e7 1.3839590708184403e6 4.449230573250661e6 6.241652897431527e7 4.688538973817644e7 9.459805039926513e7 1.877759349488586e7 9.600901092306398e6 4.553997773414601e7 1.980173853992251e7 5.087460702810807e7 5.360125506753913e7 4.5239264920105375e7 4.026969765802476e7 4.449750172382664e7 4.522250464383025e6 1.4273638117436633e7 6.019578016597207e6 1.962921427150216e6 171304.6735714331 1.817114175796035e7 2.3476570570606366e7 2.483067821131019e7 2.8775975013055317e7 1.456780325948198e7 1.1486982335584821e7 1.4693879803349813e7 844283.3201930422 3.5988949157803744e7 2.7476768952563982e7 1.1267542874723434e7 3.654393301905074e7 1.1991886687354509e7 1.9384015599028572e7 1.5296882112351576e7 3.157441062982008e7 2.3975766263651174e7 1.674634445273484e6 3.759632462194283e7 2.478197650863146e7 1.4487928360479595e7 3.3115028295331303e7 567527.3608127076 1.824519335959045e6 2.5595473671728365e7 1.92265378795102e7 3.879231908886817e7 7.700226331306361e6 3.937091907723989e6 1.8674817716715515e7 8.120202865840244e6 2.086241715368877e7 2.198054802786869e7 1.855150283456794e7 1.6513606301282497e7 1.824732410702572e7 1.4666979296481332e7 4.6293578032164976e7 1.952324994786213e7 6.366327597151272e6 555591.0979392177 5.893432087773423e7 7.614137633980957e7 8.053314298074014e7 9.33288930094959e7 4.724764151938366e7 3.7255639293312594e7 4.7656544580646046e7 2.738257439556768e6 1.1672267521600923e8 8.911518823105231e7 3.654393301905074e7 1.1852265000000244e8 3.8893191598837025e7 6.2868025049207725e7 4.961225721786414e7 1.0240503719409813e8 7.776041379747497e7 5.431328700488439e6 1.2193586339297512e8 8.037518913220431e7 4.69885838888514e7 1.0740171032881565e8 1.8406570172937808e6 5.917449185378568e6 8.301359807104145e7 6.235727880239449e7 1.2581482282329792e8 2.4974083383702893e7 1.2769139160630321e7 6.056788914587422e7 2.6336189968804836e7 6.766291316185568e7 7.128933821538065e7 6.016794296030768e7 5.3558449192220554e7 5.918140249015252e7 4.812967276332519e6 1.5191231382361665e7 6.406551835064193e6 2.089109541652697e6 182317.1437928343 1.933928944083693e7 2.498578236803943e7 2.6426939998442482e7 3.0625863643156905e7 1.5504307186909152e7 1.2225433005184561e7 1.5638488671267025e7 898558.809169556 3.830253011643748e7 2.924313698889345e7 1.1991886687354509e7 3.8893191598837025e7 1.276279557319901e7 2.0630133933718752e7 1.6280255509180188e7 3.360419913219969e7 2.5517069291228145e7 1.7822897799226982e6 4.001323711301174e7 2.637510746436669e7 1.541929746041863e7 3.524385674688622e7 604011.3517656702 1.9418101514208969e6 2.7240901001503054e7 2.046253262176957e7 4.1286117126474634e7 8.195242091259929e6 4.1901912919311016e6 1.9875344647521455e7 8.64221718329851e6 2.220357582065091e7 2.3393586712455694e7 1.9744102360714138e7 1.757519787289239e7 1.9420369238599923e7 7.779812734590228e6 2.455552439422794e7 1.0355726662913077e7 3.3768941451204503e6 294702.4476955151 3.1260559574050743e7 4.038770610522294e7 4.2717232952557966e7 4.9504488665547855e7 2.506158873900084e7 1.97615262932121e7 2.5278483382329695e7 1.452455183049238e6 6.191326357696571e7 4.726941125577721e7 1.9384015599028572e7 6.2868025049207725e7 2.0630133933718752e7 3.3347116130020116e7 2.631585295739131e7 5.431875209914288e7 4.124649290626149e7 2.8809422400931884e6 6.467849743644927e7 4.263344941830211e7 2.4924176678053077e7 5.6969139782814465e7 976340.5684080047 3.1387953577968935e6 4.403294191409818e7 3.3076200757823806e7 6.673601571359198e7 1.3247014808963548e7 6.77314049767964e6 3.2127053959731564e7 1.3969517646285174e7 3.589047088941922e7 3.781403723816419e7 3.1914910316195652e7 2.8409033424524102e7 3.139161919007107e7 6.139433681799258e6 1.937797459698198e7 8.172214324789133e6 2.6648736109346976e6 232564.2268285045 2.4669248336467598e7 3.1871929524801794e7 3.3710273978209466e7 3.906643199291897e7 1.9777334914440837e7 1.5594794407952847e7 1.9948497167837307e7 1.1462039738397484e6 4.885880788164749e7 3.730262224593574e7 1.5296882112351576e7 4.961225721786414e7 1.6280255509180188e7 2.631585295739131e7 2.076713662959326e7 4.286560455472802e7 3.2549640517553397e7 2.2734935181030347e6 5.104099021355413e7 3.364415626178892e7 1.9668896284354378e7 4.4957156108740635e7 770478.464595955 2.4769781223980067e6 3.4748564768681884e7 2.6102060284261268e7 5.266467929741135e7 1.04538723072141e7 5.345019002594695e6 2.535304176415336e7 1.1024034907005977e7 2.8322939555400763e7 2.9840920570310432e7 2.518562875886171e7 2.2418968505296662e7 2.4772673939161263e7 1.26724517244696e7 3.9998224645092234e7 1.6868329699516967e7 5.500585874312428e6 480037.5881671076 5.091998298631665e7 6.5787091970082186e7 6.958163272842911e7 8.06373191952866e7 4.082254731163874e7 3.2189333663409494e7 4.117584461976806e7 2.3658883339582854e6 1.0084983669273186e8 7.69966260909605e7 3.157441062982008e7 1.0240503719409813e8 3.360419913219969e7 5.431875209914288e7 4.286560455472802e7 8.847922015517206e7 6.718596038106404e7 4.69273525007144e6 1.0535409582937801e8 6.944515864744742e7 4.059871831110533e7 9.279640761434117e7 1.5903504546813918e6 5.112749368351664e6 7.172477664042053e7 5.387746101763522e7 1.087055648079791e8 2.1577917282448124e7 1.1032694347290885e7 5.233140619747477e7 2.275479423811599e7 5.8461594800662324e7 6.159487095073006e7 5.198584774085422e7 4.627516328387399e7 5.113346455890782e7 9.622720882914472e6 3.0372319416978706e7 1.2808825946916135e7 4.176824162510349e6 364512.55247791135 3.866566583117815e7 4.995488146183653e7 5.2836234446272016e7 6.123127806945357e7 3.099826198200898e7 2.4442702957935847e7 3.1266535356311835e7 1.7965176410073873e6 7.657948522366793e7 5.846674802230929e7 2.3975766263651174e7 7.776041379747497e7 2.5517069291228145e7 4.124649290626149e7 3.2549640517553397e7 6.718596038106404e7 5.101710056225043e7 3.5633895058883196e6 7.999975695944978e7 5.2732603987258054e7 3.0828299290931944e7 7.046418079350296e7 1.2076193986886682e6 3.882323735425753e6 5.446361296192179e7 4.09114021915525e7 8.254466707077038e7 1.6385012131684035e7 8.377584748300307e6 3.973741831474975e7 1.7278663865709476e7 4.43923260761416e7 4.677155327674525e7 3.947502137301435e7 3.513866059810529e7 3.88277712888556e7 672117.8239133797 2.1214142530089696e6 894657.5845935845 291738.4803252255 25460.094555539334 2.7006793083602698e6 3.4891967282970008e6 3.6904504819274964e6 4.276818778413067e6 2.1651344398274287e6 1.7072485550129812e6 2.18387252012138e6 125481.30016322075 5.348844426769807e6 4.083724752093663e6 1.674634445273484e6 5.431328700488439e6 1.7822897799226982e6 2.8809422400931884e6 2.2734935181030347e6 4.69273525007144e6 3.5633895058883196e6 248891.9329153442 5.587740018174498e6 3.683212209150898e6 2.153263062130504e6 4.921708988032498e6 84348.54676117138 271168.52006116876 3.8041179279576503e6 2.8575371715347026e6 5.765494259089142e6 1.1444433266577667e6 585148.8471077966 2.775537963806766e6 1.2068621857432523e6 3.1006691312979935e6 3.266850924173702e6 2.7572103344775336e6 2.454328706381045e6 2.712001882171186e6 1.508935873340079e7 4.762673975735428e7 2.008548018989937e7 6.549664998218898e6 571591.0015568173 6.063151051469922e7 7.833409448678322e7 8.285233515371335e7 9.60165769886452e7 4.8608278349730685e7 3.8328526602191456e7 4.902895699485934e7 2.8171137338271216e6 1.2008405296372981e8 9.168152600689097e7 3.759632462194283e7 1.2193586339297512e8 4.001323711301174e7 6.467849743644927e7 5.104099021355413e7 1.0535409582937801e8 7.999975695944978e7 5.587740018174498e6 1.2544737045104869e8 8.268983255275512e7 4.8341760381667286e7 1.1049466307769933e8 1.8936642288545766e6 6.087859793070592e6 8.540422235032414e7 6.415304272732917e7 1.2943803609346153e8 2.56932866404852e7 1.3136864627448643e7 6.2312122255889714e7 2.7094619149399396e7 6.961146866083913e7 7.334232744548048e7 6.190065842642099e7 5.510082456173626e7 6.088570757946914e7 9.946294948288681e6 3.13936204593944e7 1.3239536131150328e7 4.317274248412389e6 376769.6687260431 3.9965839330506094e7 5.1634666657372355e7 5.461290815289489e7 6.3290243908125065e7 3.204061099858105e7 2.526461443817802e7 3.2317905345996507e7 1.8569274277704407e6 7.91545505985852e7 6.043275364348223e7 2.478197650863146e7 8.037518913220431e7 2.637510746436669e7 4.263344941830211e7 3.364415626178892e7 6.944515864744742e7 5.2732603987258054e7 3.683212209150898e6 8.268983255275512e7 5.4505793011187986e7 3.1864933134053294e7 7.283361265378897e7 1.2482268654346121e6 4.0128709361037817e6 5.629500897511665e7 4.228709092744676e7 8.53203179312742e7 1.6935975320907183e7 8.659289807400336e6 4.1073630613540314e7 1.7859677030207366e7 4.588506452243478e7 4.834429572888205e7 4.080241029989045e7 3.632023485344104e7 4.01333957539341e7 5.814758504545296e6 1.8353198100780126e7 7.740038447993819e6 2.523945578019443e6 220265.4000177641 2.3364650389574014e7 3.0186428075609796e7 3.1927554309520543e7 3.700045956136017e7 1.8731438818520274e7 1.4770085990032885e7 1.889354940072996e7 1.0855886145633936e6 4.627497964413125e7 3.5329926372431755e7 1.4487928360479595e7 4.69885838888514e7 1.541929746041863e7 2.4924176678053077e7 1.9668896284354378e7 4.059871831110533e7 3.0828299290931944e7 2.153263062130504e6 4.8341760381667286e7 3.1864933134053294e7 1.862873481043142e7 4.257966114992846e7 729732.8119790609 2.3459866738987905e6 3.2910936575215317e7 2.472169012494024e7 4.9879582988512225e7 9.901034208417287e6 5.0623553104633e6 2.4012282378950387e7 1.0441044573858982e7 2.682512136937419e7 2.8262826127445217e7 2.3853722771217022e7 2.1233373391713645e7 2.346260647706032e7 1.3290781650590768e7 4.194986745482744e7 1.769139008938216e7 5.768977258334773e6 503460.1754359633 5.3404533726977535e7 6.899705706618437e7 7.297674574679497e7 8.45718749312026e7 4.2814411491680816e7 3.375995541354432e7 4.31849473187001e7 2.4813276814937433e6 1.0577062656255151e8 8.075354062948444e7 3.3115028295331303e7 1.0740171032881565e8 3.524385674688622e7 5.6969139782814465e7 4.4957156108740635e7 9.279640761434117e7 7.046418079350296e7 4.921708988032498e6 1.1049466307769933e8 7.283361265378897e7 4.257966114992846e7 9.732424461952706e7 1.667948799542403e6 5.362216954257283e6 7.522446058520071e7 5.650631668147676e7 1.1400966107270491e8 2.2630773690126665e7 1.1571015204927715e7 5.488482484379877e7 2.3865074280689634e7 6.131412518546694e7 6.460028401779004e7 5.452240547189533e7 4.85330782411914e7 5.362843175629535e7 227778.22099464032 718939.3694837225 303196.11497812555 98869.08169946673 8628.330982877587 915250.1339030358 1.182475743381322e6 1.2506798890525962e6 1.4493979153704846e6 733755.9775556211 578580.1608300213 740106.2430036642 42525.14410770399 1.8127034049073814e6 1.3839590708184403e6 567527.3608127076 1.8406570172937808e6 604011.3517656702 976340.5684080047 770478.464595955 1.5903504546813918e6 1.2076193986886682e6 84348.54676117138 1.8936642288545766e6 1.2482268654346121e6 729732.8119790609 1.667948799542403e6 28585.407559759824 91897.99896936327 1.2892013621047519e6 968408.6780625456 1.9539044774080927e6 387847.57032256527 198304.75947689774 940619.4527292707 409001.0886093224 1.0508051914288688e6 1.107123580550784e6 934408.2875806437 831762.8347073842 919087.3118917323 732274.419192669 2.311287299218235e6 974732.1672264041 317849.96415128344 27738.850674566762 2.942398343850567e6 3.801490477943244e6 4.020757056371476e6 4.659607103885322e6 2.358920576108699e6 1.8600525079971282e6 2.3793357717423257e6 136712.25926067017 5.827582317575306e6 4.449230573250661e6 1.824519335959045e6 5.917449185378568e6 1.9418101514208969e6 3.1387953577968935e6 2.4769781223980067e6 5.112749368351664e6 3.882323735425753e6 271168.52006116876 6.087859793070592e6 4.0128709361037817e6 2.3459866738987905e6 5.362216954257283e6 91897.99896936327 295438.9297027763 4.1445980855205143e6 3.1132954642141894e6 6.281523580718604e6 1.2468744950814554e6 637521.4536972968 3.023957077287298e6 1.314880032440012e6 3.3781884759575953e6 3.5592440461698486e6 3.0039890692316573e6 2.673998611595661e6 2.9547343225527527e6 1.0272793632561898e7 3.2424152514582302e7 1.367413928234202e7 4.458993790119305e6 389137.570718963 4.12777644267481e7 5.332963456393126e7 5.6405640295764044e7 6.536781967586249e7 3.309238126969558e7 2.6093954751894988e7 3.337877812614161e7 1.9178832274033695e6 8.175289065978783e7 6.241652897431527e7 2.5595473671728365e7 8.301359807104145e7 2.7240901001503054e7 4.403294191409818e7 3.4748564768681884e7 7.172477664042053e7 5.446361296192179e7 3.8041179279576503e6 8.540422235032414e7 5.629500897511665e7 3.2910936575215317e7 7.522446058520071e7 1.2892013621047519e6 4.1445980855205143e6 5.814295803123095e7 4.367521380348602e7 8.812105646669503e7 1.7491918381907124e7 8.943541053070778e6 4.24219202453446e7 1.844594167269221e7 4.7391295060766466e7 4.9931253387956e7 4.214179680987749e7 3.751248874836329e7 4.145082108439148e7 7.7166087425451195e6 2.4356032809864245e7 1.0271595683421249e7 3.349459912708093e6 292308.25495652977 3.1006595600103237e7 4.0059592262065105e7 4.237019379572604e7 4.910230915113577e7 2.4857985836291507e7 1.960098163831545e7 2.5073118405418932e7 1.4406552890200207e6 6.141027390972003e7 4.688538973817644e7 1.92265378795102e7 6.235727880239449e7 2.046253262176957e7 3.3076200757823806e7 2.6102060284261268e7 5.387746101763522e7 4.09114021915525e7 2.8575371715347026e6 6.415304272732917e7 4.228709092744676e7 2.472169012494024e7 5.650631668147676e7 968408.6780625456 3.1132954642141894e6 4.367521380348602e7 3.2807486329739306e7 6.619384551616161e7 1.3139394709718157e7 6.718114813548145e6 3.186605049702925e7 1.3856027860308172e7 3.5598893043784924e7 3.750683214334641e7 3.1655630330087937e7 2.8178235539815456e7 3.1136590474437486e7 1.556937346186353e7 4.9141816504889436e7 2.0724428901355006e7 6.7580194896979e6 589774.15328988 6.256028817650776e7 8.082601742126921e7 8.548798997934093e7 9.90710057384307e7 5.015457928573001e7 3.954781349266764e7 5.058864033823457e7 2.9067302714072387e6 1.2390410357651679e8 9.459805039926513e7 3.879231908886817e7 1.2581482282329792e8 4.1286117126474634e7 6.673601571359198e7 5.266467929741135e7 1.087055648079791e8 8.254466707077038e7 5.765494259089142e6 1.2943803609346153e8 8.53203179312742e7 4.9879582988512225e7 1.1400966107270491e8 1.9539044774080927e6 6.281523580718604e6 8.812105646669503e7 6.619384551616161e7 1.3355565068834963e8 2.6510627935629044e7 1.3554767642308924e7 6.429436265278541e7 2.7956538895863604e7 7.182591201906885e7 7.567545491733517e7 6.386980955280067e7 5.685366295648717e7 6.282257162434918e7 3.0905009627894857e6 9.754588493467037e6 4.1137729549480374e6 1.3414583310381726e6 117069.42434358984 1.2418138168210099e7 1.6043862347494489e7 1.6969258010621857e7 1.9665469478853103e7 9.95562062600158e6 7.8501910160153145e6 1.0041781196557654e7 576982.286689794 2.459480802710221e7 1.877759349488586e7 7.700226331306361e6 2.4974083383702893e7 8.195242091259929e6 1.3247014808963548e7 1.04538723072141e7 2.1577917282448124e7 1.6385012131684035e7 1.1444433266577667e6 2.56932866404852e7 1.6935975320907183e7 9.901034208417287e6 2.2630773690126665e7 387847.57032256527 1.2468744950814554e6 1.7491918381907124e7 1.3139394709718157e7 2.6510627935629044e7 5.262326153322864e6 2.690604252737186e6 1.2762349761027997e7 5.5493376522543e6 1.425735279533825e7 1.5021482197367989e7 1.2678076507035343e7 1.128538027143591e7 1.2470201101253817e7 1.5801595703677742e6 4.987478259524245e6 2.1033540462689204e6 685881.7536579225 59857.082557579626 6.349339511266529e6 8.203156361800325e6 8.676307100490823e6 1.0054868183809651e7 5.090265106058399e6 4.0137681924471464e6 5.134318627410369e6 295008.5093720983 1.2575217336384624e7 9.600901092306398e6 3.937091907723989e6 1.2769139160630321e7 4.1901912919311016e6 6.77314049767964e6 5.345019002594695e6 1.1032694347290885e7 8.377584748300307e6 585148.8471077966 1.3136864627448643e7 8.659289807400336e6 5.0623553104633e6 1.1571015204927715e7 198304.75947689774 637521.4536972968 8.943541053070778e6 6.718114813548145e6 1.3554767642308924e7 2.690604252737186e6 1.3756941386607494e6 6.525333387072283e6 2.8373519717324777e6 7.289721873223071e6 7.680417880813651e6 6.482244842391057e6 5.770165373141748e6 6.375959060297891e6 7.495174771523377e6 2.36571178793082e7 9.97684441420508e6 3.2533446068795295e6 283920.24672428763 3.0116837699881952e7 3.89100517206102e7 4.115434878165656e7 4.769328095436768e7 2.414466698095237e7 1.903851652638535e7 2.435362615699128e7 1.3993145871437762e6 5.9648059280593045e7 4.553997773414601e7 1.8674817716715515e7 6.056788914587422e7 1.9875344647521455e7 3.2127053959731564e7 2.535304176415336e7 5.233140619747477e7 3.973741831474975e7 2.775537963806766e6 6.2312122255889714e7 4.1073630613540314e7 2.4012282378950387e7 5.488482484379877e7 940619.4527292707 3.023957077287298e6 4.24219202453446e7 3.186605049702925e7 6.429436265278541e7 1.2762349761027997e7 6.525333387072283e6 3.095162988329093e7 1.3458418576999612e7 3.457735566724254e7 3.643054499972639e7 3.0747247883464664e7 2.7369639587870203e7 3.0243102272188887e7 3.25905936983903e6 1.0286611591883594e7 4.338141439086501e6 1.4146225468483642e6 123454.48486262998 1.3095433407188227e7 1.6918907498030506e7 1.789477498457595e7 2.0738039993843332e7 1.0498608178541852e7 8.278346745013972e6 1.0589468015882915e7 608451.3644578373 2.5936228629345227e7 1.980173853992251e7 8.120202865840244e6 2.6336189968804836e7 8.64221718329851e6 1.3969517646285174e7 1.1024034907005977e7 2.275479423811599e7 1.7278663865709476e7 1.2068621857432523e6 2.7094619149399396e7 1.7859677030207366e7 1.0441044573858982e7 2.3865074280689634e7 409001.0886093224 1.314880032440012e6 1.844594167269221e7 1.3856027860308172e7 2.7956538895863604e7 5.5493376522543e6 2.8373519717324777e6 1.3458418576999612e7 5.852002989073922e6 1.503496027867534e7 1.5840765912596492e7 1.3369548991984604e7 1.1900893984068645e7 1.3150335894454978e7 8.373172102416974e6 2.642835230516618e7 1.1145548685077256e7 3.634446845104822e6 317179.1401336417 3.364477452877562e7 4.3468040372912705e7 4.597523815200737e7 5.328015179540376e7 2.6973013725464948e7 2.1268720251300294e7 2.7206450729495935e7 1.563232642431899e6 6.663533288498152e7 5.087460702810807e7 2.086241715368877e7 6.766291316185568e7 2.220357582065091e7 3.589047088941922e7 2.8322939555400763e7 5.8461594800662324e7 4.43923260761416e7 3.1006691312979935e6 6.961146866083913e7 4.588506452243478e7 2.682512136937419e7 6.131412518546694e7 1.0508051914288688e6 3.3781884759575953e6 4.7391295060766466e7 3.5598893043784924e7 7.182591201906885e7 1.425735279533825e7 7.289721873223071e6 3.457735566724254e7 1.503496027867534e7 3.8627805044425935e7 4.0698080080333695e7 3.43490320175148e7 3.05757650269953e7 3.3785829944638744e7 8.821936124992328e6 2.784479204215445e7 1.1742899509895599e7 3.829236700860294e6 334178.5025093748 3.544798174480978e7 4.579773005474611e7 4.8439302255741626e7 5.6135726116661176e7 2.8418644842604633e7 2.2408627127482653e7 2.866459301058466e7 1.647014817246667e6 7.020668429939713e7 5.360125506753913e7 2.198054802786869e7 7.128933821538065e7 2.3393586712455694e7 3.781403723816419e7 2.9840920570310432e7 6.159487095073006e7 4.677155327674525e7 3.266850924173702e6 7.334232744548048e7 4.834429572888205e7 2.8262826127445217e7 6.460028401779004e7 1.107123580550784e6 3.5592440461698486e6 4.9931253387956e7 3.750683214334641e7 7.567545491733517e7 1.5021482197367989e7 7.680417880813651e6 3.643054499972639e7 1.5840765912596492e7 4.0698080080333695e7 4.2879312462106004e7 3.6189984238633014e7 3.221448726260688e7 3.55965970907752e7 7.445682101359396e6 2.3500903519013435e7 9.910964606872816e6 3.23186189080334e6 282045.4443944755 2.9917968059066433e7 3.8653118104707316e7 4.088259546406848e7 4.737834929563161e7 2.398523320181655e7 1.891280004243732e7 2.4192812563789386e7 1.3900745337189676e6 5.925418698089536e7 4.5239264920105375e7 1.855150283456794e7 6.016794296030768e7 1.9744102360714138e7 3.1914910316195652e7 2.518562875886171e7 5.198584774085422e7 3.947502137301435e7 2.7572103344775336e6 6.190065842642099e7 4.080241029989045e7 2.3853722771217022e7 5.452240547189533e7 934408.2875806437 3.0039890692316573e6 4.214179680987749e7 3.1655630330087937e7 6.386980955280067e7 1.2678076507035343e7 6.482244842391057e6 3.0747247883464664e7 1.3369548991984604e7 3.43490320175148e7 3.6189984238633014e7 3.0544215473369554e7 2.718891044066258e7 3.004339887218548e7 6.627768324906084e6 2.0919311599612013e7 8.822237693804307e6 2.8768394324042783e6 251062.5402876751 2.6631456775629696e7 3.44070440217237e7 3.639161161705139e7 4.2173802006748684e7 2.1350437302643068e7 1.6835214739246357e7 2.153521391564627e7 1.2373738011402725e6 5.2745069994102925e7 4.026969765802476e7 1.6513606301282497e7 5.3558449192220554e7 1.757519787289239e7 2.8409033424524102e7 2.2418968505296662e7 4.627516328387399e7 3.513866059810529e7 2.454328706381045e6 5.510082456173626e7 3.632023485344104e7 2.1233373391713645e7 4.85330782411914e7 831762.8347073842 2.673998611595661e6 3.751248874836329e7 2.8178235539815456e7 5.685366295648717e7 1.128538027143591e7 5.770165373141748e6 2.7369639587870203e7 1.1900893984068645e7 3.05757650269953e7 3.221448726260688e7 2.718891044066258e7 2.4202188188296597e7 2.674310891962949e7 7.323599371595032e6 2.3115572206922323e7 9.748460003891697e6 3.1788708395498013e6 277420.9012968063 2.942741969023572e7 3.80193443136848e7 4.021226616634108e7 4.6601512716390036e7 2.359196060389325e7 1.860269732448126e7 2.3796136401920244e7 1.3672822507095502e6 5.828262886195888e7 4.449750172382664e7 1.824732410702572e7 5.918140249015252e7 1.9420369238599923e7 3.139161919007107e7 2.4772673939161263e7 5.113346455890782e7 3.88277712888556e7 2.712001882171186e6 6.088570757946914e7 4.01333957539341e7 2.346260647706032e7 5.362843175629535e7 919087.3118917323 2.9547343225527527e6 4.145082108439148e7 3.1136590474437486e7 6.282257162434918e7 1.2470201101253817e7 6.375959060297891e6 3.0243102272188887e7 1.3150335894454978e7 3.3785829944638744e7 3.55965970907752e7 3.004339887218548e7 2.674310891962949e7 2.9550793883712176e7
