273311.22945662535 49614.95051888904 219395.26947218782 872921.1906700009 1.4772957561624127e6 1.0659828328084531e6 1.280281466193539e6 622749.419199042 1.3768946930688487e6 1.5103166280345866e6 434523.4367336086 573951.1774026693 689639.89256928 355675.6646279616 538450.1793863315 1.139874775721532e6 965086.1011413926 1.1002824002841497e6 873022.6164676 1.0466211526430954e6 628965.8463307549 644225.5346629617 96103.75113812498 1.4438038821814172e6 407836.88816011924 67908.7944257392 1.3225199289711185e6 687109.3660009004 220122.03779343414 554353.5602963481 1.3760129567803508e6 1.0269395221541995e6 751140.6540662255 137530.91110629786 763759.5339133658 255932.27615738218 63835.517833238475 284837.3556864423 62521.37819168152 31593.547141050673 272782.4733737729 49614.95051888904 9006.740483681708 39827.435779284104 158463.8207807525 268177.6229593047 193510.83967140852 232413.06887291285 113049.44067119219 249951.53767428137 274171.99401857535 78880.25258126837 104190.95960201223 125192.25504822131 64566.7963821803 97746.36431972687 206924.65036138898 175194.77428642116 199737.335913474 158482.23288895318 189996.05981667433 114177.9260435547 116948.05986879609 17445.98224843305 262097.7495722667 74035.76891469539 12327.673041202892 240080.7349430921 124732.88149548988 39959.36806164594 100633.34945569157 249791.47362418176 186423.1984864647 136356.65998178883 24966.370254609694 138647.4004700754 46460.10060757622 11588.2397695131 51707.32039225202 11349.68033154055 5735.264815996822 49518.96395097729 219395.26947218782 39827.435779284104 176115.28206312816 700720.4944918716 1.1858704128540345e6 855696.969794109 1.0277210264437974e6 499899.97451058 1.1052754137517295e6 1.2123772750016502e6 348805.2308852554 460728.1357611472 553594.9999925628 285511.7165909757 432230.4006266963 915012.2886687447 774704.0823925659 883230.2799477782 700801.9120766519 840154.7579144207 504890.09038846724 517139.5081689299 77145.41557679819 1.158985462931568e6 327383.1234687268 54512.462887775044 1.0616271302712974e6 551563.6690462276 176698.68118654029 444996.53009458794 1.1045676171090412e6 824355.7121403114 602963.5391784307 110400.26186597029 613093.0993505636 205444.6529907047 51242.71938904231 228647.64294834778 50187.819371371326 25361.105002431344 218970.82081885918 872921.1906700009 158463.8207807525 700720.4944918716 2.787998892821418e6 4.718294133046908e6 3.4046131419441337e6 4.0890556311362972e6 1.9889821782187354e6 4.397625949326793e6 4.823758584137798e6 1.3878124090313613e6 1.8331268208805823e6 2.202621814522426e6 1.1359826863925362e6 1.7197411633647685e6 3.6406145785365556e6 3.0823618560506664e6 3.5141615836231564e6 2.7883228338763863e6 3.3427744061669125e6 2.0088366532226221e6 2.0575741505244556e6 306943.11769820296 4.611325361323242e6 1.3025789782573797e6 216892.0238108555 4.223959891357067e6 2.194539635573967e6 703041.6997697698 1.770534532620946e6 4.39480979613637e6 3.2799137898839633e6 2.3990473988636117e6 439256.18027301785 2.439350490847747e6 817415.0314948572 203882.49814986082 909734.16704257 199685.30382712773 100905.75803520545 871232.4112139384 1.4772957561624127e6 268177.6229593047 1.1858704128540345e6 4.718294133046908e6 7.985046042617227e6 5.761826611298574e6 6.920148800549982e6 3.36607125863211e6 7.442360457699263e6 8.163529722115243e6 2.348676380095607e6 3.102308091427854e6 3.7276261520552854e6 1.9224901624780132e6 2.9104188894608e6 6.1612256915965555e6 5.2164618496722635e6 5.9472218677276345e6 4.718842357503899e6 5.657173289891609e6 3.399672151791276e6 3.4821534785130075e6 519457.8502679927 7.804016513035079e6 2.204430843486602e6 367059.0996597573 7.148455196639883e6 3.7139482063383986e6 1.1897987247599338e6 2.9963794889345597e6 7.437594516396221e6 5.550790580138306e6 4.0600486951788315e6 743379.0105237066 4.1282559828294925e6 1.3833594257505257e6 345042.31595225877 1.539596516354936e6 337939.15769807156 170768.73572440728 1.4744377355871298e6 1.0659828328084531e6 193510.83967140852 855696.969794109 3.4046131419441337e6 5.761826611298574e6 4.15760231330952e6 4.993421114962773e6 2.4288800402654717e6 5.370237104104752e6 5.890616352613213e6 1.6947511631038417e6 2.238554570911039e6 2.6897697828233074e6 1.387224935085641e6 2.100091711158733e6 4.445799555643117e6 3.7640795734740663e6 4.29137929047412e6 3.4050087281747456e6 4.0820868699388523e6 2.4531256763375243e6 2.5126423154031048e6 374828.9050742979 5.631199842785239e6 1.590666882692805e6 264861.4519003678 5.158161789155467e6 2.6799000900001433e6 858531.5498273474 2.1621189138733647e6 5.366798109854601e6 4.005323539487507e6 2.9296382876437264e6 536405.293376668 2.978855106554048e6 998200.5250488919 248974.6442872347 1.110937636583605e6 243849.16773584008 123222.81432358544 1.063920550522488e6 1.280281466193539e6 232413.06887291285 1.0277210264437974e6 4.0890556311362972e6 6.920148800549982e6 4.993421114962773e6 5.997267788584616e6 2.9171671470229714e6 6.449836546932105e6 7.074829639458597e6 2.0354535149645105e6 2.6885798157269415e6 3.230504559068161e6 1.666104105215753e6 2.5222812341353493e6 5.339555758609603e6 4.520786983501517e6 5.154091792947331e6 4.089530743590031e6 4.902724511243428e6 2.946286976671017e6 3.0177684748533466e6 450182.2031185299 6.763261629791551e6 1.9104447708919065e6 318107.56940968946 6.195126914834761e6 3.2186507238940713e6 1.0311254530155051e6 2.596778004243881e6 6.445706198426197e6 4.810529152898659e6 3.5185947530125137e6 644240.9149019178 3.577705818534909e6 1.1988726201131947e6 299026.975690849 1.3342737072674967e6 292871.10485297476 147994.77114941695 1.2778045953589273e6 622749.419199042 113049.44067119219 499899.97451058 1.9889821782187354e6 3.36607125863211e6 2.4288800402654717e6 2.9171671470229714e6 1.4189568422920983e6 3.1373038426251286e6 3.441310497139526e6 990077.2038975834 1.3077683016783718e6 1.571369180138888e6 810419.7328834892 1.2268780069780243e6 2.5972454770757123e6 2.198983225671854e6 2.5070328324750513e6 1.9892132805289926e6 2.384763758978143e6 1.4331211940220434e6 1.4678909400911427e6 218975.83689884434 3.289758824960728e6 929270.9477565237 154732.61882145866 3.013408996342128e6 1.5656032847753526e6 501555.9421444318 1.263114429625948e6 3.135294774930982e6 2.339918459426354e6 1.7115008665634294e6 313369.1037270547 1.740253435974399e6 583150.8520457356 145451.51230688186 649012.1103789977 142457.19809537628 71987.02801799541 621544.6295380064 1.3768946930688487e6 249951.53767428137 1.1052754137517295e6 4.397625949326793e6 7.442360457699263e6 5.370237104104752e6 6.449836546932105e6 3.1373038426251286e6 6.936557270516505e6 7.608713897811089e6 2.1890539047444914e6 2.89146674220998e6 3.474286475879721e6 1.791832468990068e6 2.712618855628354e6 5.742491929710851e6 4.86193682439592e6 5.543032391461719e6 4.398136914949142e6 5.272696308867108e6 3.1686211271162257e6 3.2454967971143904e6 484154.07295620703 7.273634190443266e6 2.054611689617751e6 342112.75856977823 6.662626615446524e6 3.4615381207916453e6 1.1089367468283253e6 2.7927373374792044e6 6.932115235629272e6 5.17354365924865e6 3.7841166730991737e6 692856.9382665543 3.8476884067909955e6 1.2893425327847914e6 321592.29574515845 1.4349613230753385e6 314971.8875679733 159162.82503363735 1.3742309113945474e6 1.5103166280345866e6 274171.99401857535 1.2123772750016502e6 4.823758584137798e6 8.163529722115243e6 5.890616352613213e6 7.074829639458597e6 3.441310497139526e6 7.608713897811089e6 8.346002911965125e6 2.40117456232677e6 3.1716516318582133e6 3.8109469529449684e6 1.965462127344148e6 2.975473276060333e6 6.29894289770717e6 5.333061465995248e6 6.080155608632549e6 4.824319062640384e6 5.783623794866631e6 3.4756624455854692e6 3.5599874148616213e6 531068.8977140726 7.978453776724699e6 2.25370481461269e6 375263.69339044404 7.308239195306071e6 3.796963274478828e6 1.2163933934849242e6 3.063355287634167e6 7.603841427035894e6 5.674863193067322e6 4.1507998851142526e6 759995.1978758809 4.220531758547324e6 1.414280610056595e6 352754.7852110448 1.5740099498798964e6 345492.8554463994 174585.7997879886 1.5073947242924897e6 434523.4367336086 78880.25258126837 348805.2308852554 1.3878124090313613e6 2.348676380095607e6 1.6947511631038417e6 2.0354535149645105e6 990077.2038975834 2.1890539047444914e6 2.40117456232677e6 690826.4159001587 912495.3944195262 1.0964229198469766e6 565470.4069932089 856054.1874621654 1.8122281546103696e6 1.5343406498354229e6 1.7492822775686472e6 1.387973660679286e6 1.6639690257466815e6 999960.3809878413 1.0242209729539191e6 152790.4005647772 2.295429375887971e6 648398.8477985295 107964.69210933482 2.1026062698840485e6 1.092399766084052e6 349960.68238018634 881338.1530805657 2.1876520776657704e6 1.6326782158609747e6 1.1941998106850013e6 218653.3069637264 1.2142619173529532e6 406893.5346273782 101488.79959932412 452848.23074797343 99399.51671646393 50228.95220817583 433682.7946905736 573951.1774026693 104190.95960201223 460728.1357611472 1.8331268208805823e6 3.102308091427854e6 2.238554570911039e6 2.6885798157269415e6 1.3077683016783718e6 2.89146674220998e6 3.1716516318582133e6 912495.3944195262 1.2052924232086467e6 1.4482377072867597e6 746915.7666611453 1.1307406396944586e6 2.393727000963947e6 2.0266723220494683e6 2.3105833608594686e6 1.833339814163247e6 2.197895212898219e6 1.3208227439659352e6 1.3528679552164222e6 201817.03191706474 3.03197545071261e6 856453.8771901783 142607.87086625875 2.7772802159668733e6 1.442923623755477e6 462254.34284201823 1.164137599695459e6 2.8896151037612115e6 2.1565639620207325e6 1.5773887653772382e6 288813.70339468145 1.6038883020416049e6 537455.5283656451 134054.02585666854 598155.9410841599 131294.34417054578 66346.17105189421 572840.7942804124 689639.89256928 125192.25504822131 553594.9999925628 2.202621814522426e6 3.7276261520552854e6 2.6897697828233074e6 3.230504559068161e6 1.571369180138888e6 3.474286475879721e6 3.8109469529449684e6 1.0964229198469766e6 1.4482377072867597e6 1.7401523617178947e6 897468.1634237866 1.358658861562915e6 2.8762196102732196e6 2.4351793976210565e6 2.7763170867015263e6 2.2028777398874364e6 2.640914903879092e6 1.5870549466835065e6 1.625559364679745e6 242496.36848865563 3.643116882457699e6 1.0290853701683353e6 171352.68750349118 3.3370838935145866e6 1.7337671426611051e6 555428.8376580826 1.3987874941261543e6 3.472061611133098e6 2.5912527016968564e6 1.8953358082085683e6 347028.5613542809 1.9271767353429128e6 645787.9823858433 161074.6830569049 718723.4998205233 157758.7449484482 79719.26546726271 688305.6945968855 355675.6646279616 64566.7963821803 285511.7165909757 1.1359826863925362e6 1.9224901624780132e6 1.387224935085641e6 1.666104105215753e6 810419.7328834892 1.791832468990068e6 1.965462127344148e6 565470.4069932089 746915.7666611453 897468.1634237866 462861.25403646706 700716.2706158472 1.4833847817136466e6 1.25592219949802e6 1.431860940282442e6 1.1361146776321323e6 1.3620284641070473e6 818509.5280085526 838367.8404546372 125065.35361627903 1.8789052554051883e6 530741.6623332368 88373.63045593988 1.7210714527014266e6 894175.0432660218 286457.5021198167 721412.2573348981 1.7906850147085092e6 1.3364156233210417e6 977502.6510811016 178976.90596860257 993924.327151328 333059.4304632121 83072.84072208399 370675.27739735396 81362.67502068203 41114.504880346896 354987.56384421955 538450.1793863315 97746.36431972687 432230.4006266963 1.7197411633647685e6 2.9104188894608e6 2.100091711158733e6 2.5222812341353493e6 1.2268780069780243e6 2.712618855628354e6 2.975473276060333e6 856054.1874621654 1.1307406396944586e6 1.358658861562915e6 700716.2706158472 1.0608001590625623e6 2.245666153876851e6 1.901315161166135e6 2.1676652546859425e6 1.719940982227024e6 2.06194728445887e6 1.2391249838434372e6 1.269188080541629e6 189333.90385350067 2.844436582078463e6 803479.0448485033 133787.04787631767 2.6054951873446885e6 1.3536734737052892e6 433662.2061684056 1.0921313938635332e6 2.7108817478495883e6 2.0231725239470878e6 1.4798214501849157e6 270949.51021068107 1.5046818927318824e6 504211.92089937377 125762.28974148871 561157.7891263821 123173.30454998443 62242.41557644817 537408.4775571403 1.139874775721532e6 206924.65036138898 915012.2886687447 3.6406145785365556e6 6.1612256915965555e6 4.445799555643117e6 5.339555758609603e6 2.5972454770757123e6 5.742491929710851e6 6.29894289770717e6 1.8122281546103696e6 2.393727000963947e6 2.8762196102732196e6 1.4833847817136466e6 2.245666153876851e6 4.75397409359799e6 4.024998553032727e6 4.588849703496298e6 3.641037586067276e6 4.3650495225034e6 2.6231717754449314e6 2.6868139969878816e6 400811.3460700421 6.021544118986163e6 1.7009289459007052e6 283221.1540281542 5.515715949250641e6 2.8656657687412645e6 918043.3565060566 2.3119929666611613e6 5.738814550789775e6 4.282965101076711e6 3.1327153527182247e6 573587.9084212616 3.1853437897722493e6 1.0673939247384458e6 266233.1025252599 1.1879457626958734e6 260752.33749352436 131764.39011763333 1.1376695398717243e6 965086.1011413926 175194.77428642116 774704.0823925659 3.0823618560506664e6 5.2164618496722635e6 3.7640795734740663e6 4.520786983501517e6 2.198983225671854e6 4.86193682439592e6 5.333061465995248e6 1.5343406498354229e6 2.0266723220494683e6 2.4351793976210565e6 1.25592219949802e6 1.901315161166135e6 4.024998553032727e6 3.4078042986671594e6 3.8851943769593337e6 3.082719999504028e6 3.6957117700015157e6 2.220933979160841e6 2.274817287016289e6 339350.8370488485 5.098199083285025e6 1.440108088784372e6 239791.9535755843 4.669934727782873e6 2.4262438847093936e6 777270.3655525338 1.957471404390858e6 4.8588233356505325e6 3.626214193665566e6 2.6523440207077684e6 485633.79942302976 2.696902400459161e6 903719.4814279253 225408.8540105118 1.005785871313708e6 220768.51081807513 111559.6065781931 963219.0166916634 1.1002824002841497e6 199737.335913474 883230.2799477782 3.5141615836231564e6 5.9472218677276345e6 4.29137929047412e6 5.154091792947331e6 2.5070328324750513e6 5.543032391461719e6 6.080155608632549e6 1.7492822775686472e6 2.3105833608594686e6 2.7763170867015263e6 1.431860940282442e6 2.1676652546859425e6 4.588849703496298e6 3.8851943769593337e6 4.429460738886969e6 3.514569898423302e6 4.213434026504442e6 2.5320586075932966e6 2.593490282168574e6 386889.57709053054 5.81239199056859e6 1.641848932154648e6 273383.7591660797 5.324133240939146e6 2.7661298219770766e6 886156.0667679581 2.2316882739928863e6 5.5394827425071e6 4.134200722849552e6 3.0239037139092507e6 553664.923633584 3.0747041564476434e6 1.0303190969521435e6 256985.7701221308 1.1466836910739003e6 251695.3738146117 127187.68983973411 1.0981537610285934e6 873022.6164676 158482.23288895318 700801.9120766519 2.7883228338763863e6 4.718842357503899e6 3.4050087281747456e6 4.089530743590031e6 1.9892132805289926e6 4.398136914949142e6 4.824319062640384e6 1.387973660679286e6 1.833339814163247e6 2.2028777398874364e6 1.1361146776321323e6 1.719940982227024e6 3.641037586067276e6 3.082719999504028e6 3.514569898423302e6 2.7886468125704685e6 3.34316280727799e6 2.009070062448996e6 2.057813222621189e6 306978.78180037264 4.611861156945757e6 1.302730326527095e6 216917.2247645533 4.224450678504392e6 2.1947946218605638e6 703123.387058275 1.7707402532278774e6 4.395320434546382e6 3.2802948871419416e6 2.3993261471612914e6 439307.21799430443 2.439633922011754e6 817510.0079628648 203906.18751060995 909839.8701856276 199708.5055106542 100917.4824005897 871333.6407901545 1.0466211526430954e6 189996.05981667433 840154.7579144207 3.3427744061669125e6 5.657173289891609e6 4.0820868699388523e6 4.902724511243428e6 2.384763758978143e6 5.272696308867108e6 5.783623794866631e6 1.6639690257466815e6 2.197895212898219e6 2.640914903879092e6 1.3620284641070473e6 2.06194728445887e6 4.3650495225034e6 3.6957117700015157e6 4.213434026504442e6 3.34316280727799e6 4.0079430301410453e6 2.4085690162405334e6 2.467004641527431e6 368020.8054000662 5.5289191240461115e6 1.5617752509662567e6 260050.7152149406 5.064472964411755e6 2.6312244764529783e6 842937.852848352 2.122847873476217e6 5.269319777824349e6 3.932573968909506e6 2.8764266243976103e6 526662.4462972253 2.924749507423442e6 980069.9898169406 244452.4631754875 1.090759432450129e6 239420.08177968903 120984.69130079448 1.0445963280429416e6 628965.8463307549 114177.9260435547 504890.09038846724 2.0088366532226221e6 3.399672151791276e6 2.4531256763375243e6 2.946286976671017e6 1.4331211940220434e6 3.1686211271162257e6 3.4756624455854692e6 999960.3809878413 1.3208227439659352e6 1.5870549466835065e6 818509.5280085526 1.2391249838434372e6 2.6231717754449314e6 2.220933979160841e6 2.5320586075932966e6 2.009070062448996e6 2.4085690162405334e6 1.4474269375504914e6 1.482543763177055e6 221161.7037848196 3.3225979499535393e6 938547.1428909585 156277.1952114934 3.0434895341415885e6 1.581231494833732e6 506562.58826997713 1.2757231267498792e6 3.166592004448862e6 2.3632760606520325e6 1.7285854596515114e6 316497.2257912309 1.7576250437863532e6 588971.9972235201 146903.44256900254 655490.6977006196 143879.23842820694 72705.61899585294 627749.0301837749 644225.5346629617 116948.05986879609 517139.5081689299 2.0575741505244556e6 3.4821534785130075e6 2.5126423154031048e6 3.0177684748533466e6 1.4678909400911427e6 3.2454967971143904e6 3.5599874148616213e6 1.0242209729539191e6 1.3528679552164222e6 1.625559364679745e6 838367.8404546372 1.269188080541629e6 2.6868139969878816e6 2.274817287016289e6 2.593490282168574e6 2.057813222621189e6 2.467004641527431e6 1.482543763177055e6 1.5185125775362402e6 226527.4302236467 3.4032093368282053e6 961317.7543146949 160068.72269469599 3.117329317341694e6 1.619594626843198e6 518852.5834467436 1.3066741512386624e6 3.2434184447795134e6 2.4206128084880207e6 1.770523627715402e6 324175.9400676218 1.800267757265197e6 603261.3726585448 150467.54825392773 671393.9201250565 147369.97222352837 74469.57023795815 642979.1966663155 96103.75113812498 17445.98224843305 77145.41557679819 306943.11769820296 519457.8502679927 374828.9050742979 450182.2031185299 218975.83689884434 484154.07295620703 531068.8977140726 152790.4005647772 201817.03191706474 242496.36848865563 125065.35361627903 189333.90385350067 400811.3460700421 339350.8370488485 386889.57709053054 306978.78180037264 368020.8054000662 221161.7037848196 226527.4302236467 33792.724145219974 507681.18551617046 143406.67554205866 23878.60130209928 465034.4092401143 241606.5656947512 77400.96732276556 194925.97032025224 483844.030207478 361100.2023854815 264121.72903259785 48359.653867997484 268558.87452011585 89992.83280435554 22446.32513569111 100156.65437587044 21984.237466172293 11109.160783662604 95917.82594544174 1.4438038821814172e6 262097.7495722667 1.158985462931568e6 4.611325361323242e6 7.804016513035079e6 5.631199842785239e6 6.763261629791551e6 3.289758824960728e6 7.273634190443266e6 7.978453776724699e6 2.295429375887971e6 3.03197545071261e6 3.643116882457699e6 1.8789052554051883e6 2.844436582078463e6 6.021544118986163e6 5.098199083285025e6 5.81239199056859e6 4.611861156945757e6 5.5289191240461115e6 3.3225979499535393e6 3.4032093368282053e6 507681.18551617046 7.6270911164041795e6 2.1544540397884287e6 358737.47749432357 6.986392075828795e6 3.6297490303915646e6 1.1628247158073026e6 2.9284483628726206e6 7.268976298124225e6 5.424948224043125e6 3.96800305117802e6 726525.813703286 4.0346640067059137e6 1.3519971887953377e6 337219.8378088142 1.5046922175425657e6 330277.7157453314 166897.225938423 1.4410106559877219e6 407836.88816011924 74035.76891469539 327383.1234687268 1.3025789782573797e6 2.204430843486602e6 1.590666882692805e6 1.9104447708919065e6 929270.9477565237 2.054611689617751e6 2.25370481461269e6 648398.8477985295 856453.8771901783 1.0290853701683353e6 530741.6623332368 803479.0448485033 1.7009289459007052e6 1.440108088784372e6 1.641848932154648e6 1.302730326527095e6 1.5617752509662567e6 938547.1428909585 961317.7543146949 143406.67554205866 2.1544540397884287e6 608576.9972745539 101333.96806403103 1.9734732942867307e6 1.0253093010946048e6 328467.6121344129 827210.1787446886 2.0532959566901512e6 1.5324061871759873e6 1.1208572276154605e6 205224.5673290934 1.139687206534204e6 381903.89504039014 95255.79683995189 425036.2526481975 93294.82866793062 47144.107388353754 407047.87471250136 67908.7944257392 12327.673041202892 54512.462887775044 216892.0238108555 367059.0996597573 264861.4519003678 318107.56940968946 154732.61882145866 342112.75856977823 375263.69339044404 107964.69210933482 142607.87086625875 171352.68750349118 88373.63045593988 133787.04787631767 283221.1540281542 239791.9535755843 273383.7591660797 216917.2247645533 260050.7152149406 156277.1952114934 160068.72269469599 23878.60130209928 358737.47749432357 101333.96806403103 16873.08775978841 328602.4293952251 170723.93540697978 54693.040760922726 137738.51166007682 341893.6762859205 255160.48146387588 186633.5911744664 34171.87939211399 189768.96515498756 63590.6997419636 15861.013344444253 70772.6553004713 15534.493139099493 7849.950776801139 67777.41603999496 1.3225199289711185e6 240080.7349430921 1.0616271302712974e6 4.223959891357067e6 7.148455196639883e6 5.158161789155467e6 6.195126914834761e6 3.013408996342128e6 6.662626615446524e6 7.308239195306071e6 2.1026062698840485e6 2.7772802159668733e6 3.3370838935145866e6 1.7210714527014266e6 2.6054951873446885e6 5.515715949250641e6 4.669934727782873e6 5.324133240939146e6 4.224450678504392e6 5.064472964411755e6 3.0434895341415885e6 3.117329317341694e6 465034.4092401143 6.986392075828795e6 1.9734732942867307e6 328602.4293952251 6.399513719224438e6 3.3248389820115855e6 1.0651438741332458e6 2.6824497209484885e6 6.658360000364685e6 4.969235938812917e6 3.6346786278704186e6 665495.4176205918 3.6957398587328102e6 1.2384252793345032e6 308892.3374224081 1.3782934574612416e6 302533.3748987484 152877.3472059589 1.3199613423425073e6 687109.3660009004 124732.88149548988 551563.6690462276 2.194539635573967e6 3.7139482063383986e6 2.6799000900001433e6 3.2186507238940713e6 1.5656032847753526e6 3.4615381207916453e6 3.796963274478828e6 1.092399766084052e6 1.442923623755477e6 1.7337671426611051e6 894175.0432660218 1.3536734737052892e6 2.8656657687412645e6 2.4262438847093936e6 2.7661298219770766e6 2.1947946218605638e6 2.6312244764529783e6 1.581231494833732e6 1.619594626843198e6 241606.5656947512 3.6297490303915646e6 1.0253093010946048e6 170723.93540697978 3.3248389820115855e6 1.727405353174795e6 553390.7777290063 1.3936548604784457e6 3.459321419840959e6 2.5817445020151357e6 1.8883811675760427e6 345755.193899823 1.9201052593693004e6 643418.3635970006 160483.64450278317 716086.2554684909 157179.87371465258 79426.74799336042 685780.0636609265 220122.03779343414 39959.36806164594 176698.68118654029 703041.6997697698 1.1897987247599338e6 858531.5498273474 1.0311254530155051e6 501555.9421444318 1.1089367468283253e6 1.2163933934849242e6 349960.68238018634 462254.34284201823 555428.8376580826 286457.5021198167 433662.2061684056 918043.3565060566 777270.3655525338 886156.0667679581 703123.387058275 842937.852848352 506562.58826997713 518852.5834467436 77400.96732276556 1.1628247158073026e6 328467.6121344129 54693.040760922726 1.0651438741332458e6 553390.7777290063 177284.01287669624 446470.62469068076 1.108226605539925e6 827086.471187502 604960.9149659565 110765.97354778783 615124.0302984124 206125.20852830715 51412.4659165589 229405.06066306093 50354.07143924542 25445.116147028537 219696.183112364 554353.5602963481 100633.34945569157 444996.53009458794 1.770534532620946e6 2.9963794889345597e6 2.1621189138733647e6 2.596778004243881e6 1.263114429625948e6 2.7927373374792044e6 3.063355287634167e6 881338.1530805657 1.164137599695459e6 1.3987874941261543e6 721412.2573348981 1.0921313938635332e6 2.3119929666611613e6 1.957471404390858e6 2.2316882739928863e6 1.7707402532278774e6 2.122847873476217e6 1.2757231267498792e6 1.3066741512386624e6 194925.97032025224 2.9284483628726206e6 827210.1787446886 137738.51166007682 2.6824497209484885e6 1.3936548604784457e6 446470.62469068076 1.1243880115142022e6 2.7909489233999765e6 2.0829278820596621e6 1.523528677152368e6 278952.1322418852 1.549123384637024e6 519104.05863916007 129476.73849541838 577731.8500381466 126811.28640085203 64080.77478137952 553281.0913105683 1.3760129567803508e6 249791.47362418176 1.1045676171090412e6 4.39480979613637e6 7.437594516396221e6 5.366798109854601e6 6.445706198426197e6 3.135294774930982e6 6.932115235629272e6 7.603841427035894e6 2.1876520776657704e6 2.8896151037612115e6 3.472061611133098e6 1.7906850147085092e6 2.7108817478495883e6 5.738814550789775e6 4.8588233356505325e6 5.5394827425071e6 4.395320434546382e6 5.269319777824349e6 3.166592004448862e6 3.2434184447795134e6 483844.030207478 7.268976298124225e6 2.0532959566901512e6 341893.6762859205 6.658360000364685e6 3.459321419840959e6 1.108226605539925e6 2.7909489233999765e6 6.92767604533384e6 5.170230623613135e6 3.781693399186232e6 692413.2463064629 3.845224422789765e6 1.2885168631782609e6 321386.3543622137 1.434042402058709e6 314770.1857642526 159060.90028999612 1.3733508809394576e6 1.0269395221541995e6 186423.1984864647 824355.7121403114 3.2799137898839633e6 5.550790580138306e6 4.005323539487507e6 4.810529152898659e6 2.339918459426354e6 5.17354365924865e6 5.674863193067322e6 1.6326782158609747e6 2.1565639620207325e6 2.5912527016968564e6 1.3364156233210417e6 2.0231725239470878e6 4.282965101076711e6 3.626214193665566e6 4.134200722849552e6 3.2802948871419416e6 3.932573968909506e6 2.3632760606520325e6 2.4206128084880207e6 361100.2023854815 5.424948224043125e6 1.5324061871759873e6 255160.48146387588 4.969235938812917e6 2.5817445020151357e6 827086.471187502 2.0829278820596621e6 5.170230623613135e6 3.8586222170928475e6 2.822335642377184e6 516758.5993950075 2.8697498172945743e6 961639.8488398351 239855.55335747905 1.0702477849953198e6 234917.8055077934 118709.58346164749 1.024952774225327e6 751140.6540662255 136356.65998178883 602963.5391784307 2.3990473988636117e6 4.0600486951788315e6 2.9296382876437264e6 3.5185947530125137e6 1.7115008665634294e6 3.7841166730991737e6 4.1507998851142526e6 1.1941998106850013e6 1.5773887653772382e6 1.8953358082085683e6 977502.6510811016 1.4798214501849157e6 3.1327153527182247e6 2.6523440207077684e6 3.0239037139092507e6 2.3993261471612914e6 2.8764266243976103e6 1.7285854596515114e6 1.770523627715402e6 264121.72903259785 3.96800305117802e6 1.1208572276154605e6 186633.5911744664 3.6346786278704186e6 1.8883811675760427e6 604960.9149659565 1.523528677152368e6 3.781693399186232e6 2.822335642377184e6 2.0643582165019603e6 377975.9021540792 2.0990386563829286e6 703378.1147291743 175439.01402530758 782817.8815710273 171827.3669230062 86828.47649904955 749687.4748803397 137530.91110629786 24966.370254609694 110400.26186597029 439256.18027301785 743379.0105237066 536405.293376668 644240.9149019178 313369.1037270547 692856.9382665543 759995.1978758809 218653.3069637264 288813.70339468145 347028.5613542809 178976.90596860257 270949.51021068107 573587.9084212616 485633.79942302976 553664.923633584 439307.21799430443 526662.4462972253 316497.2257912309 324175.9400676218 48359.653867997484 726525.813703286 205224.5673290934 34171.87939211399 665495.4176205918 345755.193899823 110765.97354778783 278952.1322418852 692413.2463064629 516758.5993950075 377975.9021540792 69205.9069337661 384325.75483290415 128785.77726722877 32122.19617174896 143330.88736437 31460.91773623223 15897.953889516419 137264.83969030716 763759.5339133658 138647.4004700754 613093.0993505636 2.439350490847747e6 4.1282559828294925e6 2.978855106554048e6 3.577705818534909e6 1.740253435974399e6 3.8476884067909955e6 4.220531758547324e6 1.2142619173529532e6 1.6038883020416049e6 1.9271767353429128e6 993924.327151328 1.5046818927318824e6 3.1853437897722493e6 2.696902400459161e6 3.0747041564476434e6 2.439633922011754e6 2.924749507423442e6 1.7576250437863532e6 1.800267757265197e6 268558.87452011585 4.0346640067059137e6 1.139687206534204e6 189768.96515498756 3.6957398587328102e6 1.9201052593693004e6 615124.0302984124 1.549123384637024e6 3.845224422789765e6 2.8697498172945743e6 2.0990386563829286e6 384325.75483290415 2.1343017145811655e6 715194.601919459 178386.3233294994 795968.9268995721 174714.00191728352 88287.16217438932 762281.9418649304 255932.27615738218 46460.10060757622 205444.6529907047 817415.0314948572 1.3833594257505257e6 998200.5250488919 1.1988726201131947e6 583150.8520457356 1.2893425327847914e6 1.414280610056595e6 406893.5346273782 537455.5283656451 645787.9823858433 333059.4304632121 504211.92089937377 1.0673939247384458e6 903719.4814279253 1.0303190969521435e6 817510.0079628648 980069.9898169406 588971.9972235201 603261.3726585448 89992.83280435554 1.3519971887953377e6 381903.89504039014 63590.6997419636 1.2384252793345032e6 643418.3635970006 206125.20852830715 519104.05863916007 1.2885168631782609e6 961639.8488398351 703378.1147291743 128785.77726722877 715194.601919459 239658.39277560177 59776.42927890991 266725.4943033732 58545.85141234737 29584.618413850705 255437.14191761633 63835.517833238475 11588.2397695131 51242.71938904231 203882.49814986082 345042.31595225877 248974.6442872347 299026.975690849 145451.51230688186 321592.29574515845 352754.7852110448 101488.79959932412 134054.02585666854 161074.6830569049 83072.84072208399 125762.28974148871 266233.1025252599 225408.8540105118 256985.7701221308 203906.18751060995 244452.4631754875 146903.44256900254 150467.54825392773 22446.32513569111 337219.8378088142 95255.79683995189 15861.013344444253 308892.3374224081 160483.64450278317 51412.4659165589 129476.73849541838 321386.3543622137 239855.55335747905 175439.01402530758 32122.19617174896 178386.3233294994 59776.42927890991 14909.644748732902 66527.59981594533 14602.709740278418 7379.098348602125 63712.01973027555 284837.3556864423 51707.32039225202 228647.64294834778 909734.16704257 1.539596516354936e6 1.110937636583605e6 1.3342737072674967e6 649012.1103789977 1.4349613230753385e6 1.5740099498798964e6 452848.23074797343 598155.9410841599 718723.4998205233 370675.27739735396 561157.7891263821 1.1879457626958734e6 1.005785871313708e6 1.1466836910739003e6 909839.8701856276 1.090759432450129e6 655490.6977006196 671393.9201250565 100156.65437587044 1.5046922175425657e6 425036.2526481975 70772.6553004713 1.3782934574612416e6 716086.2554684909 229405.06066306093 577731.8500381466 1.434042402058709e6 1.0702477849953198e6 782817.8815710273 143330.88736437 795968.9268995721 266725.4943033732 66527.59981594533 296849.5636119503 65158.040060760744 32925.91541995161 284286.30081488716 62521.37819168152 11349.68033154055 50187.819371371326 199685.30382712773 337939.15769807156 243849.16773584008 292871.10485297476 142457.19809537628 314971.8875679733 345492.8554463994 99399.51671646393 131294.34417054578 157758.7449484482 81362.67502068203 123173.30454998443 260752.33749352436 220768.51081807513 251695.3738146117 199708.5055106542 239420.08177968903 143879.23842820694 147369.97222352837 21984.237466172293 330277.7157453314 93294.82866793062 15534.493139099493 302533.3748987484 157179.87371465258 50354.07143924542 126811.28640085203 314770.1857642526 234917.8055077934 171827.3669230062 31460.91773623223 174714.00191728352 58545.85141234737 14602.709740278418 65158.040060760744 14302.093400108968 7227.1897248767245 62400.42246259241 31593.547141050673 5735.264815996822 25361.105002431344 100905.75803520545 170768.73572440728 123222.81432358544 147994.77114941695 71987.02801799541 159162.82503363735 174585.7997879886 50228.95220817583 66346.17105189421 79719.26546726271 41114.504880346896 62242.41557644817 131764.39011763333 111559.6065781931 127187.68983973411 100917.4824005897 120984.69130079448 72705.61899585294 74469.57023795815 11109.160783662604 166897.225938423 47144.107388353754 7849.950776801139 152877.3472059589 79426.74799336042 25445.116147028537 64080.77478137952 159060.90028999612 118709.58346164749 86828.47649904955 15897.953889516419 88287.16217438932 29584.618413850705 7379.098348602125 32925.91541995161 7227.1897248767245 3652.0717532837357 31532.42531937168 272782.4733737729 49518.96395097729 218970.82081885918 871232.4112139384 1.4744377355871298e6 1.063920550522488e6 1.2778045953589273e6 621544.6295380064 1.3742309113945474e6 1.5073947242924897e6 433682.7946905736 572840.7942804124 688305.6945968855 354987.56384421955 537408.4775571403 1.1376695398717243e6 963219.0166916634 1.0981537610285934e6 871333.6407901545 1.0445963280429416e6 627749.0301837749 642979.1966663155 95917.82594544174 1.4410106559877219e6 407047.87471250136 67777.41603999496 1.3199613423425073e6 685780.0636609265 219696.183112364 553281.0913105683 1.3733508809394576e6 1.024952774225327e6 749687.4748803397 137264.83969030716 762281.9418649304 255437.14191761633 63712.01973027555 284286.30081488716 62400.42246259241 31532.42531937168 272254.74023826054
