2.886962549627777e6 3.053491859706677e6 1.1287553361985371e6 4.764767391707921e6 5.20606318261211e6 1.0699564400796618e6 2.3929919979349393e6 5.0647163802254e6 2.295090809690261e6 4.256619897536726e6 3.6196009050624557e6 1.5555737016149408e6 6.855922755741281e6 3.2295099123245566e6 3.1860902020426835e6 3.5839229523985754e6 2.391813143767363e6 3.694633537065796e6 5.84581781308295e6 6.151997467736392e6 5.5264706044521425e6 3.8465288972094865e6 6.192702095177077e6 1.3388735416064605e6 2.4877175008670366e6 2.3389456157928435e6 6.440315523004224e6 4.208962492119241e6 3.5734813831607755e6 3.594053513236153e6 3.69061631154479e6 1.2184704770606526e6 4.6298926784395715e6 2.785360921592999e6 197473.86548716467 3.2926738742516753e6 458666.06752145296 3.42351571028594e6 4.956105149452576e6 620977.0085974091 6.014056144328131e6 3.053491859706677e6 3.2296271174342325e6 1.1938655841334313e6 5.03961454084391e6 5.50636569611002e6 1.1316749780648237e6 2.5310274935778645e6 5.356865554329853e6 2.427479049071967e6 4.502155460475117e6 3.828391158181163e6 1.6453042093211168e6 7.251394490078476e6 3.41579845897083e6 3.3698741597749093e6 3.7906551861491725e6 2.529780639300195e6 3.9077519143725126e6 6.183023436822393e6 6.506864521360406e6 5.845255251329323e6 4.0684090887393127e6 6.549917122980939e6 1.4161040852431848e6 2.6312170690010283e6 2.473863541818683e6 6.81181369185806e6 4.451749022221945e6 3.7796113135245354e6 3.8013701104060854e6 3.9035029623282333e6 1.2887557836444112e6 4.896959819154403e6 2.946029522109973e6 208864.79488541093 3.4826059219204774e6 485123.4054563693 3.6209951370113404e6 5.241989277503781e6 656796.965052999 6.360966297568553e6 1.1287553361985371e6 1.1938655841334313e6 441324.9521234502 1.8629464451586087e6 2.0354859119034337e6 418335.5414138027 935620.8959128066 1.9802216143221683e6 897343.1258511181 1.6642690512673706e6 1.4152050005030625e6 608203.9813001256 2.680554133307242e6 1.2626857758554623e6 1.2457093763233041e6 1.4012555021075306e6 935159.983133587 1.4445415375404798e6 2.2856195525683565e6 2.405330810710606e6 2.1607599952843157e6 1.5039301493976356e6 2.4212456570731164e6 523477.7481883777 972657.0247404843 914489.6407626553 2.5180584744095723e6 1.6456357819576252e6 1.3971730186000904e6 1.4052163863959583e6 1.4429708677913577e6 476402.11098682816 1.8102126290100322e6 1.0890307544489396e6 77209.06509754629 1.2873818562011768e6 179330.96198798617 1.338538883035741e6 1.937756392069208e6 242791.89634839672 2.3513979999439972e6 4.764767391707921e6 5.03961454084391e6 1.8629464451586087e6 7.863977418068779e6 8.592311006902253e6 1.7659022133476487e6 3.9494971079027266e6 8.359026153580824e6 3.7879167682416365e6 7.025308897509974e6 5.973945303052756e6 2.56738586713184e6 1.1315310339178521e7 5.330122319538073e6 5.25846055872474e6 5.915060872606066e6 3.947551476187493e6 6.097782392082412e6 9.648189616188208e6 1.0153521711571712e7 9.121125222327884e6 6.348477039665457e6 1.0220702382670477e7 2.209734585399965e6 4.105836159683008e6 3.8602966299458356e6 1.0629374253669264e7 6.946653062041685e6 5.897827656806663e6 5.931780786740326e6 6.09115218997948e6 2.0110161794810735e6 7.6413743795119235e6 4.5970796867645485e6 325919.3767889622 5.4343708440505285e6 757002.2418513522 5.650317848242752e6 8.179769498233375e6 1.0248872130145058e6 9.925857407499095e6 5.20606318261211e6 5.50636569611002e6 2.0354859119034337e6 8.592311006902253e6 9.388100259507626e6 1.9294537888673458e6 4.315285467884136e6 9.133209393680401e6 4.13874013246913e6 7.675967994041784e6 6.527230846837521e6 2.8051680049889553e6 1.23632940947222e7 5.8237792709162375e6 5.745480452967495e6 6.462892750100397e6 4.313159638686844e6 6.662537286132148e6 1.0541770586138388e7 1.1093904740965473e7 9.965891364727238e6 6.936450379378067e6 1.1167307446625168e7 2.414392334957573e6 4.486104085996377e6 4.217823559256459e6 1.1613829051242966e7 7.590027335145887e6 6.444063455212379e6 6.481161203150653e6 6.6552930183172235e6 2.1972693378177527e6 8.349091267490583e6 5.0228448394876e6 356104.8690338483 5.937682922593009e6 827113.0941912589 6.173630169435952e6 8.937350625156544e6 1.1198086175812685e6 1.0845154979646564e7 1.0699564400796618e6 1.1316749780648237e6 418335.5414138027 1.7659022133476487e6 1.9294537888673458e6 396543.6904664889 886882.7202416266 1.8770683079688055e6 850598.9080850226 1.577574282329315e6 1.3414844260411614e6 576521.54174153 2.5409192461259584e6 1.1969102021909778e6 1.1808181338513752e6 1.3282615821125149e6 886445.8172382691 1.3692927700872084e6 2.166557518193975e6 2.2800328015363426e6 2.0482021198740175e6 1.4255877223112732e6 2.2951186149206623e6 496208.8505369762 921989.57048984 866852.230187851 2.3868882784336214e6 1.5599116535395859e6 1.3243917625154569e6 1.332016136812638e6 1.3678039193509882e6 451585.46796738787 1.7159153965515753e6 1.0323011832588188e6 73187.1059957666 1.2203198192826787e6 169989.28955758899 1.2688119845567863e6 1.836815175538894e6 230144.42967951435 2.2289094479089086e6 2.3929919979349393e6 2.5310274935778645e6 935620.8959128066 3.9494971079027266e6 4.315285467884136e6 886882.7202416266 1.983541734172815e6 4.198123654652893e6 1.9023918210615267e6 3.5282956318118293e6 3.0002730733896396e6 1.2894089743708433e6 5.682847633428508e6 2.6769281709042764e6 2.6409377423929772e6 2.970699757574242e6 1.9825645865509638e6 3.0624673294222094e6 4.8455755859724125e6 5.099366707582437e6 4.580869930225368e6 3.1883728010377525e6 5.133106614515778e6 1.1097870568927748e6 2.062059334114005e6 1.9387428988016932e6 5.338352419123808e6 3.488792594330069e6 2.9620447815562263e6 2.9790969399422784e6 3.0591374668554408e6 1.0099854262751171e6 3.837699984099876e6 2.3087748047137335e6 163685.31693388024 2.7292845325997025e6 380186.51452359074 2.8377388201918574e6 4.108096229060293e6 514725.42055204994 4.98502768259471e6 5.0647163802254e6 5.356865554329853e6 1.9802216143221683e6 8.359026153580824e6 9.133209393680401e6 1.8770683079688055e6 4.198123654652893e6 8.885238921935713e6 4.0263715992581025e6 7.467562238459664e6 6.350013787366977e6 2.7290065152500332e6 1.2027625466440462e7 5.665661217240026e6 5.589488245090595e6 6.287422496983609e6 4.196055542611332e6 6.481646599994817e6 1.0255557086305814e7 1.0792700566887153e7 9.695313227673063e6 6.748122837692868e6 1.0864110358252956e7 2.3488405688182297e6 4.364304475525383e6 4.1033078777865497e6 1.1298508713729234e7 7.383954904555004e6 6.269104425361668e6 6.305194953859284e6 6.474599017094261e6 2.1376125522604417e6 8.122409932266665e6 4.886472492083638e6 346436.4722459673 5.776472336924781e6 804656.6262277922 6.006013516898504e6 8.694697801254222e6 1.089405343201341e6 1.0550704466083607e7 2.295090809690261e6 2.427479049071967e6 897343.1258511181 3.7879167682416365e6 4.13874013246913e6 850598.9080850226 1.9023918210615267e6 4.0263715992581025e6 1.8245618826623992e6 3.3839473284614733e6 2.877527030278406e6 1.2366571595577584e6 5.450353109248643e6 2.5674106927834377e6 2.5328926911418196e6 2.849163606832545e6 1.901454650135524e6 2.9371768183090617e6 4.647335220770406e6 4.89074333550326e6 4.393459103214498e6 3.0579312926424136e6 4.923102888058947e6 1.0643838663839358e6 1.9776971384965503e6 1.8594257787873293e6 5.119951753533582e6 3.346060424385958e6 2.8408627199369012e6 2.857217246835021e6 2.9339831858267477e6 968665.2825272606 3.6806934463035986e6 2.2143190785909942e6 156988.68483487505 2.617625070708515e6 364632.4668884201 2.7216423172931513e6 3.940027341828093e6 493667.16781435837 4.781082105685218e6 4.256619897536726e6 4.502155460475117e6 1.6642690512673706e6 7.025308897509974e6 7.675967994041784e6 1.577574282329315e6 3.5282956318118293e6 7.467562238459664e6 3.3839473284614733e6 6.276081743575673e6 5.336842778101603e6 2.293582218873168e6 1.010856799019641e7 4.761681495960245e6 4.69766223711848e6 5.284238187428257e6 3.526557495615138e6 5.447473030091241e6 8.61924046217773e6 9.070680474929817e6 8.148385832402234e6 5.671431879995442e6 9.130696538216878e6 1.974073324304924e6 3.6679616141907577e6 3.4486081049869386e6 9.495784836269861e6 6.205814306198905e6 5.26884284002936e6 5.299174975174257e6 5.441549918242141e6 1.7965476129526366e6 6.82644577465906e6 4.106815560251255e6 291161.0977373201 4.85481224238468e6 676270.3276453875 5.047729176054463e6 7.307422743036294e6 915586.2070498172 8.86729585465206e6 3.6196009050624557e6 3.828391158181163e6 1.4152050005030625e6 5.973945303052756e6 6.527230846837521e6 1.3414844260411614e6 3.0002730733896396e6 6.350013787366977e6 2.877527030278406e6 5.336842778101603e6 4.538164415613274e6 1.9503391129832133e6 8.595783209906543e6 4.0490781576177003e6 3.9946396188655845e6 4.4934322975019375e6 2.998795055736641e6 4.632238439103301e6 7.3293390833190475e6 7.713219419847208e6 6.928949599382627e6 4.82268101450899e6 7.764253856142036e6 1.6786459123232306e6 3.119037522270254e6 2.93251108120789e6 8.074705333105017e6 5.277091123961059e6 4.480340921076466e6 4.50613373943135e6 4.627201742962732e6 1.5276875836609865e6 5.804842785848609e6 3.4922153437783583e6 247587.7570132251 4.1282715416081524e6 575063.9589474899 4.2923177389482325e6 6.213839762783267e6 778565.32729597 7.540272064115687e6 1.5555737016149408e6 1.6453042093211168e6 608203.9813001256 2.56738586713184e6 2.8051680049889553e6 576521.54174153 1.2894089743708433e6 2.7290065152500332e6 1.2366571595577584e6 2.293582218873168e6 1.9503391129832133e6 838185.2897496023 3.6941570788681074e6 1.7401475087941743e6 1.7167517915705717e6 1.9311148646816374e6 1.2887737757807688e6 1.990768729613466e6 3.149885146808178e6 3.3148630467846943e6 2.977812211710952e6 2.0726140682955764e6 3.3367958037541e6 721421.3677207545 1.3404496438289275e6 1.2602873182071652e6 3.4702166326956814e6 2.2679031166055617e6 1.9254886640535733e6 1.9365734855506811e6 1.9886041395758365e6 656544.931819134 2.4947117145003304e6 1.5008279895056714e6 106404.27322054656 1.7741819641688382e6 247141.71389286182 1.844683093195316e6 2.6704838391204034e6 334599.2499993428 3.240536521458788e6 6.855922755741281e6 7.251394490078476e6 2.680554133307242e6 1.1315310339178521e7 1.23632940947222e7 2.5409192461259584e6 5.682847633428508e6 1.2027625466440462e7 5.450353109248643e6 1.010856799019641e7 8.595783209906543e6 3.6941570788681074e6 1.6281360088564858e7 7.669399972179302e6 7.566287384242347e6 8.511055651671298e6 5.680048105213558e6 8.773969771156251e6 1.3882575434101334e7 1.460968706980793e7 1.3124193654983107e7 9.134688983199688e6 1.470635191278296e7 3.179540234127094e6 5.907800579626212e6 5.554498957329036e6 1.5294381201450426e7 9.995391776558498e6 8.486259142914262e6 8.53511358154771e6 8.764429713953927e6 2.89360853397843e6 1.0995011547637293e7 6.614640473172771e6 468958.4796422809 7.819400963350712e6 1.0892344724084262e6 8.13012252819607e6 1.1769696866472831e7 1.4746884765041512e6 1.4282105730647955e7 3.2295099123245566e6 3.41579845897083e6 1.2626857758554623e6 5.330122319538073e6 5.8237792709162375e6 1.1969102021909778e6 2.6769281709042764e6 5.665661217240026e6 2.5674106927834377e6 4.761681495960245e6 4.0490781576177003e6 1.7401475087941743e6 7.669399972179302e6 3.6127016178811523e6 3.5641300197619977e6 4.009166901479548e6 2.675609441910073e6 4.133013651977969e6 6.539442839474652e6 6.88195169182637e6 6.182204060648324e6 4.302931883609828e6 6.927486053820127e6 1.4977351800163256e6 2.78289315846831e6 2.616469012237434e6 7.204479608757489e6 4.708369386590734e6 3.997486406573909e6 4.0204994858411225e6 4.1285197697688607e6 1.3630459058256804e6 5.179244289104936e6 3.115852925368167e6 220904.77276820593 3.683360186407308e6 513088.2670086732 3.82972682579232e6 5.544162915706523e6 694657.9216448623 6.727643188128051e6 3.1860902020426835e6 3.3698741597749093e6 1.2457093763233041e6 5.25846055872474e6 5.745480452967495e6 1.1808181338513752e6 2.6409377423929772e6 5.589488245090595e6 2.5328926911418196e6 4.69766223711848e6 3.9946396188655845e6 1.7167517915705717e6 7.566287384242347e6 3.5641300197619977e6 3.5162114509802703e6 3.955264956583946e6 2.6396367432811474e6 4.07744662780657e6 6.451522157636433e6 6.789426089878962e6 6.099086337989421e6 4.245080364084844e6 6.83434825718705e6 1.4775986177016834e6 2.745478065167318e6 2.581291437448361e6 7.107617723878259e6 4.6450668917181725e6 3.9437415021329024e6 3.966445178035022e6 4.0730131643820014e6 1.34472019699104e6 5.109611034333434e6 3.0739612963057766e6 217934.77995385515 3.6338386068180148e6 506189.9621551948 3.778237394346379e6 5.469623448700455e6 685318.4718454597 6.637192213819668e6 3.5839229523985754e6 3.7906551861491725e6 1.4012555021075306e6 5.915060872606066e6 6.462892750100397e6 1.3282615821125149e6 2.970699757574242e6 6.287422496983609e6 2.849163606832545e6 5.284238187428257e6 4.4934322975019375e6 1.9311148646816374e6 8.511055651671298e6 4.009166901479548e6 3.955264956583946e6 4.449141098274861e6 2.969236308556086e6 4.586579045127853e6 7.257094706181654e6 7.637191182324518e6 6.860651811228295e6 4.775144451926083e6 7.687722578574294e6 1.6620997098633077e6 3.0882935601608446e6 2.9036056868603234e6 7.995113974221674e6 5.225075497856995e6 4.436178761906751e6 4.46171734368239e6 4.581591995070154e6 1.5126293585348898e6 5.747625177729131e6 3.4577930146334134e6 245147.31550971032 4.087579686205216e6 569395.6255471593 4.250008900729538e6 6.152590722700575e6 770891.1064021268 7.465948547011899e6 2.391813143767363e6 2.529780639300195e6 935159.983133587 3.947551476187493e6 4.313159638686844e6 886445.8172382691 1.9825645865509638e6 4.196055542611332e6 1.901454650135524e6 3.526557495615138e6 2.998795055736641e6 1.2887737757807688e6 5.680048105213558e6 2.675609441910073e6 2.6396367432811474e6 2.969236308556086e6 1.9815879202991077e6 3.060958673155297e6 4.843188521168703e6 5.096854618239714e6 4.578613266762627e6 3.1868021202467037e6 5.130577903959973e6 1.1092403450365423e6 2.0610435065467136e6 1.9377878203275139e6 5.335722598797327e6 3.487073918424264e6 2.9605855962190838e6 2.9776293542394033e6 3.057630450971099e6 1.0094878794676128e6 3.8358094267457067e6 2.307637438269182e6 163604.68101106686 2.7279400114109428e6 379999.224111634 2.83634087141578e6 4.1060724670232236e6 514471.8525469338 4.982571919824011e6 3.694633537065796e6 3.9077519143725126e6 1.4445415375404798e6 6.097782392082412e6 6.662537286132148e6 1.3692927700872084e6 3.0624673294222094e6 6.481646599994817e6 2.9371768183090617e6 5.447473030091241e6 4.632238439103301e6 1.990768729613466e6 8.773969771156251e6 4.133013651977969e6 4.07744662780657e6 4.586579045127853e6 3.060958673155297e6 4.728262573053219e6 7.481272850795241e6 7.873110846960339e6 7.072583480325974e6 4.922652933878621e6 7.925203203224368e6 1.7134434561151718e6 3.1836937097205874e6 2.993300662869848e6 8.24209019394614e6 5.386482752137104e6 4.573216290598687e6 4.599543782001431e6 4.7231214685599245e6 1.5593558319810124e6 5.925174458873293e6 3.5646073327403623e6 252720.13529131742 4.2138486777388565e6 586984.7655617612 4.381295475940581e6 6.342649751640477e6 794704.6219933092 7.696578373521392e6 5.84581781308295e6 6.183023436822393e6 2.2856195525683565e6 9.648189616188208e6 1.0541770586138388e7 2.166557518193975e6 4.8455755859724125e6 1.0255557086305814e7 4.647335220770406e6 8.61924046217773e6 7.3293390833190475e6 3.149885146808178e6 1.3882575434101334e7 6.539442839474652e6 6.451522157636433e6 7.257094706181654e6 4.843188521168703e6 7.481272850795241e6 1.1837211365337595e7 1.2457195327168847e7 1.1190564389950614e7 7.788846152072432e6 1.2539618230852975e7 2.7110884413785115e6 5.037385497903931e6 4.73613692924315e6 1.3041011290952453e7 8.52273886067591e6 7.235951546061776e6 7.27760810460051e6 7.473138360615278e6 2.4672839695946947e6 9.375081466080673e6 5.640084417933604e6 399865.3327290486 6.667343706711759e6 928754.0872739484 6.9322856734456895e6 1.0035629928735133e7 1.2574179248850103e6 1.217787759038552e7 6.151997467736392e6 6.506864521360406e6 2.405330810710606e6 1.0153521711571712e7 1.1093904740965473e7 2.2800328015363426e6 5.099366707582437e6 1.0792700566887153e7 4.89074333550326e6 9.070680474929817e6 7.713219419847208e6 3.3148630467846943e6 1.460968706980793e7 6.88195169182637e6 6.789426089878962e6 7.637191182324518e6 5.096854618239714e6 7.873110846960339e6 1.2457195327168847e7 1.3109651473627426e7 1.1776679669257483e7 8.196793560158461e6 1.3196391346637739e7 2.8530839926012144e6 5.301222825959676e6 4.984196108600696e6 1.3724045292535493e7 8.96912452039031e6 7.614940631302157e6 7.658778987343867e6 7.864550305973846e6 2.596510055301953e6 9.866109290999945e6 5.93548861192583e6 420808.6178941908 7.016551475213907e6 977398.3685006228 7.295370001647705e6 1.056125453833777e7 1.3232762527197779e6 1.2815704234023213e7 5.5264706044521425e6 5.845255251329323e6 2.1607599952843157e6 9.121125222327884e6 9.965891364727238e6 2.0482021198740175e6 4.580869930225368e6 9.695313227673063e6 4.393459103214498e6 8.148385832402234e6 6.928949599382627e6 2.977812211710952e6 1.3124193654983107e7 6.182204060648324e6 6.099086337989421e6 6.860651811228295e6 4.578613266762627e6 7.072583480325974e6 1.1190564389950614e7 1.1776679669257483e7 1.0579242652735995e7 7.363354568747265e6 1.1854599948148917e7 2.562986233306296e6 4.762201588827478e6 4.477409723502634e6 1.2328602747503135e7 8.057155951308643e6 6.840663666434213e6 6.88004459714535e6 7.064893363682043e6 2.332500390327781e6 8.862936511754708e6 5.3319760791348405e6 378021.3612064557 6.303117918327551e6 878017.811399663 6.553586550409094e6 9.487400321335996e6 1.1887272955780735e6 1.151262059129914e7 3.8465288972094865e6 4.0684090887393127e6 1.5039301493976356e6 6.348477039665457e6 6.936450379378067e6 1.4255877223112732e6 3.1883728010377525e6 6.748122837692868e6 3.0579312926424136e6 5.671431879995442e6 4.82268101450899e6 2.0726140682955764e6 9.134688983199688e6 4.302931883609828e6 4.245080364084844e6 4.775144451926083e6 3.1868021202467037e6 4.922652933878621e6 7.788846152072432e6 8.196793560158461e6 7.363354568747265e6 5.125035154673303e6 8.251027559737336e6 1.783887279092852e6 3.314583092327466e6 3.116362524795686e6 8.580942544466535e6 5.607934143549911e6 4.761232322095861e6 4.788642200627985e6 4.917300466090235e6 1.6234647384029e6 6.1687727750027785e6 3.7111569997494053e6 263110.07399038604 4.387090233653623e6 611117.135245893 4.561421176510722e6 6.603411491235318e6 827376.859592656 8.013003407883156e6 6.192702095177077e6 6.549917122980939e6 2.4212456570731164e6 1.0220702382670477e7 1.1167307446625168e7 2.2951186149206623e6 5.133106614515778e6 1.0864110358252956e7 4.923102888058947e6 9.130696538216878e6 7.764253856142036e6 3.3367958037541e6 1.470635191278296e7 6.927486053820127e6 6.83434825718705e6 7.687722578574294e6 5.130577903959973e6 7.925203203224368e6 1.2539618230852975e7 1.3196391346637739e7 1.1854599948148917e7 8.251027559737336e6 1.3283705133118216e7 2.871961393247893e6 5.3362983118067365e6 5.01717399046035e6 1.3814850295876512e7 9.028468639757436e6 7.665324807011861e6 7.709453219081658e6 7.916586021507224e6 2.613689837153513e6 9.931388300798856e6 5.974760710767536e6 423592.89375012915 7.062976415278464e6 983865.3146688548 7.343639741600684e6 1.0631132969456088e7 1.3320316963217212e6 1.290049920817132e7 1.3388735416064605e6 1.4161040852431848e6 523477.7481883777 2.209734585399965e6 2.414392334957573e6 496208.8505369762 1.1097870568927748e6 2.3488405688182297e6 1.0643838663839358e6 1.974073324304924e6 1.6786459123232306e6 721421.3677207545 3.179540234127094e6 1.4977351800163256e6 1.4775986177016834e6 1.6620997098633077e6 1.1092403450365423e6 1.7134434561151718e6 2.7110884413785115e6 2.8530839926012144e6 2.562986233306296e6 1.783887279092852e6 2.871961393247893e6 620923.3163225302 1.153717474212356e6 1.0847222111160487e6 2.9867959508028543e6 1.9519714653170719e6 1.6572572706057755e6 1.666797914164162e6 1.7115804056362403e6 565084.5325913378 2.147184350707785e6 1.291754214901843e6 91581.55989713366 1.5270284444607017e6 212713.48404444405 1.5877083699498891e6 2.298470430410374e6 287987.6938009446 2.7891115700184163e6 2.4877175008670366e6 2.6312170690010283e6 972657.0247404843 4.105836159683008e6 4.486104085996377e6 921989.57048984 2.062059334114005e6 4.364304475525383e6 1.9776971384965503e6 3.6679616141907577e6 3.119037522270254e6 1.3404496438289275e6 5.907800579626212e6 2.78289315846831e6 2.745478065167318e6 3.0882935601608446e6 2.0610435065467136e6 3.1836937097205874e6 5.037385497903931e6 5.301222825959676e6 4.762201588827478e6 3.314583092327466e6 5.3362983118067365e6 1.153717474212356e6 2.14368501763837e6 2.0154871571625671e6 5.549668678503974e6 3.626894866886301e6 3.0792959808424916e6 3.0970231411845013e6 3.1802320360543234e6 1.049965241310253e6 3.989613597438355e6 2.400166608247633e6 170164.72596765132 2.8373220229959954e6 395236.02527303185 2.9500694243746465e6 4.27071335512131e6 535100.592878495 5.182357742524585e6 2.3389456157928435e6 2.473863541818683e6 914489.6407626553 3.8602966299458356e6 4.217823559256459e6 866852.230187851 1.9387428988016932e6 4.1033078777865497e6 1.8594257787873293e6 3.4486081049869386e6 2.93251108120789e6 1.2602873182071652e6 5.554498957329036e6 2.616469012237434e6 2.581291437448361e6 2.9036056868603234e6 1.9377878203275139e6 2.993300662869848e6 4.73613692924315e6 4.984196108600696e6 4.477409723502634e6 3.116362524795686e6 5.01717399046035e6 1.0847222111160487e6 2.0154871571625671e6 1.8949558574432877e6 5.217784262146214e6 3.4099972544666706e6 2.8951461858550548e6 2.9118132165560685e6 2.990046006164578e6 987174.6277628287 3.7510244749187473e6 2.256630491033085e6 159988.4390514248 2.6676428911104337e6 371599.8975742047 2.7736477088016393e6 4.015313746350825e6 503100.2054232849 4.872439461925798e6 6.440315523004224e6 6.81181369185806e6 2.5180584744095723e6 1.0629374253669264e7 1.1613829051242966e7 2.3868882784336214e6 5.338352419123808e6 1.1298508713729234e7 5.119951753533582e6 9.495784836269861e6 8.074705333105017e6 3.4702166326956814e6 1.5294381201450426e7 7.204479608757489e6 7.107617723878259e6 7.995113974221674e6 5.335722598797327e6 8.24209019394614e6 1.3041011290952453e7 1.3724045292535493e7 1.2328602747503135e7 8.580942544466535e6 1.3814850295876512e7 2.9867959508028543e6 5.549668678503974e6 5.217784262146214e6 1.4367233146546004e7 9.389469384434192e6 7.971820634148593e6 8.0177135081946375e6 8.233128456674667e6 2.7181974801674713e6 1.0328492030713206e7 6.213659814470958e6 440530.13484660897 7.345387513692425e6 1.0232048887903229e6 7.637273083104642e6 1.1056215790459758e7 1.3852926039564519e6 1.3416321991267e7 4.208962492119241e6 4.451749022221945e6 1.6456357819576252e6 6.946653062041685e6 7.590027335145887e6 1.5599116535395859e6 3.488792594330069e6 7.383954904555004e6 3.346060424385958e6 6.205814306198905e6 5.277091123961059e6 2.2679031166055617e6 9.995391776558498e6 4.708369386590734e6 4.6450668917181725e6 5.225075497856995e6 3.487073918424264e6 5.386482752137104e6 8.52273886067591e6 8.96912452039031e6 8.057155951308643e6 5.607934143549911e6 9.028468639757436e6 1.9519714653170719e6 3.626894866886301e6 3.4099972544666706e6 9.389469384434192e6 6.136333587822501e6 5.209852517812992e6 5.239845052313111e6 5.380625955850474e6 1.7764333438839216e6 6.750016424217957e6 4.060835374366442e6 287901.23831583466 4.8004574348541815e6 668698.7591351096 4.991214457434624e6 7.2256083417966245e6 905335.2417030449 8.768017008131962e6 3.5734813831607755e6 3.7796113135245354e6 1.3971730186000904e6 5.897827656806663e6 6.444063455212379e6 1.3243917625154569e6 2.9620447815562263e6 6.269104425361668e6 2.8408627199369012e6 5.26884284002936e6 4.480340921076466e6 1.9254886640535733e6 8.486259142914262e6 3.997486406573909e6 3.9437415021329024e6 4.436178761906751e6 2.9605855962190838e6 4.573216290598687e6 7.235951546061776e6 7.614940631302157e6 6.840663666434213e6 4.761232322095861e6 7.665324807011861e6 1.6572572706057755e6 3.0792959808424916e6 2.8951461858550548e6 7.971820634148593e6 5.209852517812992e6 4.423254190617431e6 4.448718367091007e6 4.56824377004655e6 1.5082223932100073e6 5.730879776936959e6 3.447718918272577e6 244433.09182177015 4.0756707398145096e6 567736.7216234931 4.237626725446296e6 6.134665476294279e6 768645.1560931463 7.444196902315602e6 3.594053513236153e6 3.8013701104060854e6 1.4052163863959583e6 5.931780786740326e6 6.481161203150653e6 1.332016136812638e6 2.9790969399422784e6 6.305194953859284e6 2.857217246835021e6 5.299174975174257e6 4.50613373943135e6 1.9365734855506811e6 8.53511358154771e6 4.0204994858411225e6 3.966445178035022e6 4.46171734368239e6 2.9776293542394033e6 4.599543782001431e6 7.27760810460051e6 7.658778987343867e6 6.88004459714535e6 4.788642200627985e6 7.709453219081658e6 1.666797914164162e6 3.0970231411845013e6 2.9118132165560685e6 8.0177135081946375e6 5.239845052313111e6 4.448718367091007e6 4.474329137962175e6 4.594542635208204e6 1.516905059755277e6 5.763871806718632e6 3.467567047993994e6 245840.26561687648 4.099133917487402e6 571005.1180228264 4.262022265497961e6 6.16998205489518e6 773070.159734545 7.487052305929235e6 3.69061631154479e6 3.9035029623282333e6 1.4429708677913577e6 6.09115218997948e6 6.6552930183172235e6 1.3678039193509882e6 3.0591374668554408e6 6.474599017094261e6 2.9339831858267477e6 5.441549918242141e6 4.627201742962732e6 1.9886041395758365e6 8.764429713953927e6 4.1285197697688607e6 4.0730131643820014e6 4.581591995070154e6 3.057630450971099e6 4.7231214685599245e6 7.473138360615278e6 7.864550305973846e6 7.064893363682043e6 4.917300466090235e6 7.916586021507224e6 1.7115804056362403e6 3.1802320360543234e6 2.990046006164578e6 8.233128456674667e6 5.380625955850474e6 4.56824377004655e6 4.594542635208204e6 4.717985954059782e6 1.5576603230809497e6 5.918731935734312e6 3.5607314864877397e6 252445.3492355478 4.209266902501869e6 586346.5290067687 4.376531633512247e6 6.335753301912115e6 793840.5288005461 7.6882097787050605e6 1.2184704770606526e6 1.2887557836444112e6 476402.11098682816 2.0110161794810735e6 2.1972693378177527e6 451585.46796738787 1.0099854262751171e6 2.1376125522604417e6 968665.2825272606 1.7965476129526366e6 1.5276875836609865e6 656544.931819134 2.89360853397843e6 1.3630459058256804e6 1.34472019699104e6 1.5126293585348898e6 1.0094878794676128e6 1.5593558319810124e6 2.4672839695946947e6 2.596510055301953e6 2.332500390327781e6 1.6234647384029e6 2.613689837153513e6 565084.5325913378 1.049965241310253e6 987174.6277628287 2.7181974801674713e6 1.7764333438839216e6 1.5082223932100073e6 1.516905059755277e6 1.5576603230809497e6 514267.2542322505 1.9540910017572774e6 1.175588526895543e6 83345.7555998362 1.3897048671039622e6 193584.45165021444 1.444927929970752e6 2.0917721314378818e6 262089.3547811826 2.5382905850974256e6 4.6298926784395715e6 4.896959819154403e6 1.8102126290100322e6 7.6413743795119235e6 8.349091267490583e6 1.7159153965515753e6 3.837699984099876e6 8.122409932266665e6 3.6806934463035986e6 6.82644577465906e6 5.804842785848609e6 2.4947117145003304e6 1.0995011547637293e7 5.179244289104936e6 5.109611034333434e6 5.747625177729131e6 3.8358094267457067e6 5.925174458873293e6 9.375081466080673e6 9.866109290999945e6 8.862936511754708e6 6.1687727750027785e6 9.931388300798856e6 2.147184350707785e6 3.989613597438355e6 3.7510244749187473e6 1.0328492030713206e7 6.750016424217957e6 5.730879776936959e6 5.763871806718632e6 5.918731935734312e6 1.9540910017572774e6 7.425072492413222e6 4.466951654553961e6 316693.68351178133 5.280541884705996e6 735574.0268054543 5.490376147629406e6 7.948227436474939e6 995876.0656438508 9.644889405974241e6 2.785360921592999e6 2.946029522109973e6 1.0890307544489396e6 4.5970796867645485e6 5.0228448394876e6 1.0323011832588188e6 2.3087748047137335e6 4.886472492083638e6 2.2143190785909942e6 4.106815560251255e6 3.4922153437783583e6 1.5008279895056714e6 6.614640473172771e6 3.115852925368167e6 3.0739612963057766e6 3.4577930146334134e6 2.307637438269182e6 3.5646073327403623e6 5.640084417933604e6 5.93548861192583e6 5.3319760791348405e6 3.7111569997494053e6 5.974760710767536e6 1.291754214901843e6 2.400166608247633e6 2.256630491033085e6 6.213659814470958e6 4.060835374366442e6 3.447718918272577e6 3.467567047993994e6 3.5607314864877397e6 1.175588526895543e6 4.466951654553961e6 2.687334986225466e6 190524.11609384345 3.176793941463948e6 442524.112652486 3.303031026543666e6 4.781683644760437e6 599122.8023300649 5.802401893587995e6 197473.86548716467 208864.79488541093 77209.06509754629 325919.3767889622 356104.8690338483 73187.1059957666 163685.31693388024 346436.4722459673 156988.68483487505 291161.0977373201 247587.7570132251 106404.27322054656 468958.4796422809 220904.77276820593 217934.77995385515 245147.31550971032 163604.68101106686 252720.13529131742 399865.3327290486 420808.6178941908 378021.3612064557 263110.07399038604 423592.89375012915 91581.55989713366 170164.72596765132 159988.4390514248 440530.13484660897 287901.23831583466 244433.09182177015 245840.26561687648 252445.3492355478 83345.7555998362 316693.68351178133 190524.11609384345 13507.597303425584 225225.31087939147 31373.653022598504 234175.1474931208 339007.2523626704 42476.03775885393 411373.16250618914 3.2926738742516753e6 3.4826059219204774e6 1.2873818562011768e6 5.4343708440505285e6 5.937682922593009e6 1.2203198192826787e6 2.7292845325997025e6 5.776472336924781e6 2.617625070708515e6 4.85481224238468e6 4.1282715416081524e6 1.7741819641688382e6 7.819400963350712e6 3.683360186407308e6 3.6338386068180148e6 4.087579686205216e6 2.7279400114109428e6 4.2138486777388565e6 6.667343706711759e6 7.016551475213907e6 6.303117918327551e6 4.387090233653623e6 7.062976415278464e6 1.5270284444607017e6 2.8373220229959954e6 2.6676428911104337e6 7.345387513692425e6 4.8004574348541815e6 4.0756707398145096e6 4.099133917487402e6 4.209266902501869e6 1.3897048671039622e6 5.280541884705996e6 3.176793941463948e6 225225.31087939147 3.755400721626051e6 523123.4391067392 3.904630054450161e6 5.652597726198671e6 708244.300911791 6.859224948125898e6 458666.06752145296 485123.4054563693 179330.96198798617 757002.2418513522 827113.0941912589 169989.28955758899 380186.51452359074 804656.6262277922 364632.4668884201 676270.3276453875 575063.9589474899 247141.71389286182 1.0892344724084262e6 513088.2670086732 506189.9621551948 569395.6255471593 379999.224111634 586984.7655617612 928754.0872739484 977398.3685006228 878017.811399663 611117.135245893 983865.3146688548 212713.48404444405 395236.02527303185 371599.8975742047 1.0232048887903229e6 668698.7591351096 567736.7216234931 571005.1180228264 586346.5290067687 193584.45165021444 735574.0268054543 442524.112652486 31373.653022598504 523123.4391067392 72870.55439036372 543910.9309323123 787401.0209849535 98657.6991070881 955482.9458829899 3.42351571028594e6 3.6209951370113404e6 1.338538883035741e6 5.650317848242752e6 6.173630169435952e6 1.2688119845567863e6 2.8377388201918574e6 6.006013516898504e6 2.7216423172931513e6 5.047729176054463e6 4.2923177389482325e6 1.844683093195316e6 8.13012252819607e6 3.82972682579232e6 3.778237394346379e6 4.250008900729538e6 2.83634087141578e6 4.381295475940581e6 6.9322856734456895e6 7.295370001647705e6 6.553586550409094e6 4.561421176510722e6 7.343639741600684e6 1.5877083699498891e6 2.9500694243746465e6 2.7736477088016393e6 7.637273083104642e6 4.991214457434624e6 4.237626725446296e6 4.262022265497961e6 4.376531633512247e6 1.444927929970752e6 5.490376147629406e6 3.303031026543666e6 234175.1474931208 3.904630054450161e6 543910.9309323123 4.0597893519906565e6 5.877216468626369e6 736387.988453019 7.131791749534008e6 4.956105149452576e6 5.241989277503781e6 1.937756392069208e6 8.179769498233375e6 8.937350625156544e6 1.836815175538894e6 4.108096229060293e6 8.694697801254222e6 3.940027341828093e6 7.307422743036294e6 6.213839762783267e6 2.6704838391204034e6 1.1769696866472831e7 5.544162915706523e6 5.469623448700455e6 6.152590722700575e6 4.1060724670232236e6 6.342649751640477e6 1.0035629928735133e7 1.056125453833777e7 9.487400321335996e6 6.603411491235318e6 1.0631132969456088e7 2.298470430410374e6 4.27071335512131e6 4.015313746350825e6 1.1056215790459758e7 7.2256083417966245e6 6.134665476294279e6 6.16998205489518e6 6.335753301912115e6 2.0917721314378818e6 7.948227436474939e6 4.781683644760437e6 339007.2523626704 5.652597726198671e6 787401.0209849535 5.877216468626369e6 8.5082427742602e6 1.066043392353005e6 1.0324447966893286e7 620977.0085974091 656796.965052999 242791.89634839672 1.0248872130145058e6 1.1198086175812685e6 230144.42967951435 514725.42055204994 1.089405343201341e6 493667.16781435837 915586.2070498172 778565.32729597 334599.2499993428 1.4746884765041512e6 694657.9216448623 685318.4718454597 770891.1064021268 514471.8525469338 794704.6219933092 1.2574179248850103e6 1.3232762527197779e6 1.1887272955780735e6 827376.859592656 1.3320316963217212e6 287987.6938009446 535100.592878495 503100.2054232849 1.3852926039564519e6 905335.2417030449 768645.1560931463 773070.159734545 793840.5288005461 262089.3547811826 995876.0656438508 599122.8023300649 42476.03775885393 708244.300911791 98657.6991070881 736387.988453019 1.066043392353005e6 133570.29700863443 1.293605486681239e6 6.014056144328131e6 6.360966297568553e6 2.3513979999439972e6 9.925857407499095e6 1.0845154979646564e7 2.2289094479089086e6 4.98502768259471e6 1.0550704466083607e7 4.781082105685218e6 8.86729585465206e6 7.540272064115687e6 3.240536521458788e6 1.4282105730647955e7 6.727643188128051e6 6.637192213819668e6 7.465948547011899e6 4.982571919824011e6 7.696578373521392e6 1.217787759038552e7 1.2815704234023213e7 1.151262059129914e7 8.013003407883156e6 1.290049920817132e7 2.7891115700184163e6 5.182357742524585e6 4.872439461925798e6 1.3416321991267e7 8.768017008131962e6 7.444196902315602e6 7.487052305929235e6 7.6882097787050605e6 2.5382905850974256e6 9.644889405974241e6 5.802401893587995e6 411373.16250618914 6.859224948125898e6 955482.9458829899 7.131791749534008e6 1.0324447966893286e7 1.293605486681239e6 1.2528347938491369e7
