5585.623795134622 173105.73667142843 23156.431779290688 157655.87911088354 68158.78105153759 139489.7207250015 195620.7032693802 181329.12536372023 121927.35948332454 26075.53592333128 180996.9864081239 85386.95296615933 203924.3579329281 154571.03516350474 202725.7315750532 27742.472127352536 15633.008894464914 173576.0595887994 206109.02287084667 44032.578400789265 165890.89770956466 17993.129029322663 143815.75804839475 200981.4993207735 178898.69191169183 52216.96420051516 131469.3940289253 69766.91261367702 55127.04934036998 51443.574540854686 184964.8518819577 120984.87685550161 118784.84892579523 104989.29820151684 134399.04042385632 66739.03516268832 40442.882794743964 200370.50923020238 108800.13474536342 82185.19192810962 180520.20827984877 202346.1603390179 173105.73667142843 5.364771629385345e6 717647.8991169113 4.885960475505565e6 2.112329157368295e6 4.322967630799997e6 6.062539689322706e6 5.619625126456635e6 3.7786872438755566e6 808114.7282139446 5.609331708801858e6 2.646252582963185e6 6.319880733102036e6 4.7903571546208775e6 6.282733745355661e6 859775.2463878901 484487.25161629316 5.379347547504978e6 6.387586337225974e6 1.3646267992933e6 5.14117439848214e6 557630.4401950676 4.457037146614216e6 6.228677722183073e6 5.544302836847597e6 1.6182715460624623e6 4.0744072887520534e6 2.162167243307989e6 1.7084588645048428e6 1.5943031959408147e6 5.732301013762821e6 3.7494784830328687e6 3.681296759838179e6 3.2537547236211277e6 4.1652008358976864e6 2.0683293881411655e6 1.2533774697462702e6 6.209742345651022e6 3.3718574980742834e6 2.54702584957304e6 5.594555735311523e6 6.270970339719498e6 23156.431779290688 717647.8991169113 96000.08028038344 653597.1170158777 282567.2156714775 578285.3125007066 810988.6444232131 751739.765349205 505476.68182808725 108101.86845075761 750362.8102679818 353990.390997093 845413.2708906678 640808.2180428646 840444.101733739 115012.51906107458 64810.07623267554 719597.7261997565 854470.2798212701 182546.73698080136 687737.1975826452 74594.4732666055 596219.8515652744 833213.0033488732 741663.8689963169 216476.9081448227 545035.2844291623 289234.0787071232 228541.30604997225 213270.6512342989 766812.4691644992 501569.41283274983 492448.7132412099 435256.223929137 557180.7778189529 276681.3468724181 167664.86443467435 830680.0095653576 451054.8848641033 340716.78651342366 748386.2216887658 838870.5057031062 157655.87911088354 4.885960475505565e6 653597.1170158777 4.449883688886439e6 1.9238016987764935e6 3.937138510292693e6 5.521452048576451e6 5.118068046853828e6 3.441435684185559e6 735989.6924782305 5.108693326866936e6 2.410071932557546e6 5.755825150638059e6 4.362813058589512e6 5.721993568149304e6 783039.4585035839 441246.28703994665 4.89923547857124e6 5.817487962883002e6 1.2428325128774666e6 4.68231951777281e6 507861.3739694321 4.0592421897206088e6 5.67276209830675e6 5.049468345808119e6 1.4738392160790593e6 3.7107624236812415e6 1.9691916864401614e6 1.5559772274880917e6 1.4520100648219972e6 5.220687500197385e6 3.4148338340277323e6 3.352737396808226e6 2.9633539085845123e6 3.793452557284438e6 1.883728952306249e6 1.1415122956074618e6 5.655516722787379e6 3.0709158940500114e6 2.3197012828914537e6 5.095236123569512e6 5.711280058056757e6 68158.78105153759 2.112329157368295e6 282567.2156714775 1.9238016987764935e6 831710.0479409344 1.7021284788490415e6 2.3870688704275936e6 2.21267536218571e6 1.4878231159167676e6 318187.692008177 2.2086224242895176e6 1.0419374532434162e6 2.4883945237294375e6 1.8861587763564948e6 2.473768241243288e6 338528.5427213475 190762.36952132452 2.118068290171426e6 2.515052978476115e6 537309.1673249229 2.0242898179569796e6 219561.82280122765 1.754917109369195e6 2.452484182616562e6 2.1830179080511453e6 637179.4379025326 1.604260145554589e6 851333.3328355246 672689.8595069145 627742.1219618785 2.2570404495615675e6 1.476322436774965e6 1.4494765145525017e6 1.281135796346504e6 1.640009264097886e6 814385.546195724 493505.77385842614 2.445028553427183e6 1.3276376702896592e6 1.0028678456980848e6 2.2028045215364583e6 2.4691365091898465e6 139489.7207250015 4.322967630799997e6 578285.3125007066 3.937138510292693e6 1.7021284788490415e6 3.4834752395761674e6 4.885233640483046e6 4.528330224875897e6 3.0448905882061645e6 651184.0677255209 4.520035722442994e6 2.1323674238825715e6 5.09260071576371e6 3.860100736808039e6 5.062667433099878e6 692812.4469528969 390402.9567261285 4.334712999768775e6 5.147158328887138e6 1.0996250891937835e6 4.1427915378911155e6 449342.2105254127 3.591509321393794e6 5.01910874047168e6 4.467635037391296e6 1.3040136644687352e6 3.2831837104664845e6 1.7422883304107029e6 1.3766871882026303e6 1.2846998131256474e6 4.619125182657189e6 3.0213539800554863e6 2.9664127071095253e6 2.6218965727695455e6 3.35634573720518e6 1.6666731806049033e6 1.0099796608691651e6 5.003850491755798e6 2.7170645512669194e6 2.05240988119687e6 4.508129147564318e6 5.053188404856707e6 195620.7032693802 6.062539689322706e6 810988.6444232131 5.521452048576451e6 2.3870688704275936e6 4.885233640483046e6 6.851062826848438e6 6.350540660788924e6 4.270161522636457e6 913222.0254237715 6.338908431612748e6 2.9904369506265684e6 7.141874887339196e6 5.4134140989049785e6 7.09989638329298e6 971601.7596299794 547501.9991170022 6.079011421618741e6 7.218386608722194e6 1.542116739231435e6 5.80986032467869e6 630158.5434018595 5.036740883829602e6 7.038809573160055e6 6.265421591089071e6 1.8287517445042387e6 4.604344342119765e6 2.443389138077811e6 1.9306692603469703e6 1.8016659552221477e6 6.477871717171967e6 4.237153729552631e6 4.1601039627573243e6 3.676953748268755e6 4.7069469356933255e6 2.3373462791062044e6 1.4163977855866773e6 7.017411370274953e6 3.8104175389023595e6 2.878304309951886e6 6.322210623780097e6 7.086602972412223e6 181329.12536372023 5.619625126456635e6 751739.765349205 5.118068046853828e6 2.21267536218571e6 4.528330224875897e6 6.350540660788924e6 5.886585439895224e6 3.958193796058598e6 846504.2215135383 5.8758030333948145e6 2.77196282218531e6 6.620106691851571e6 5.017923089839537e6 6.58119503630816e6 900618.8728037992 507502.82038431853 5.634893473623101e6 6.6910286509621395e6 1.4294534006889951e6 5.3854059082317315e6 584120.6764203509 4.668768713559112e6 6.524571081545001e6 5.80768496462603e6 1.695147542137664e6 4.267962022814458e6 2.26488100659136e6 1.7896192094926108e6 1.6700405754504814e6 6.004613995665116e6 3.927597472918737e6 3.856176776699113e6 3.408324354392546e6 4.363068717769558e6 2.16658538375071e6 1.3129191713101445e6 6.504736179877318e6 3.5320376016043825e6 2.668022322440429e6 5.860325127226486e6 6.568872810041604e6 121927.35948332454 3.7786872438755566e6 505476.68182808725 3.441435684185559e6 1.4878231159167676e6 3.0448905882061645e6 4.270161522636457e6 3.958193796058598e6 2.661525647954519e6 569197.1673806094 3.9509436074811495e6 1.8638931104810853e6 4.451420183140891e6 3.374097300735954e6 4.425255630678531e6 605584.3529910162 341249.5300778655 3.788953819914832e6 4.499108755985383e6 961177.5179572954 3.6211961030501197e6 392768.07602027047 3.1393227102418616e6 4.3871811665022615e6 3.905140396102824e6 1.139832684533788e6 2.8698166319010532e6 1.5229266678681625e6 1.20335629621763e6 1.122950530899265e6 4.0375572745940355e6 2.640952400921761e6 2.5929284726915215e6 2.2917884149069833e6 2.9337672419412285e6 1.4568317936018845e6 882818.838130838 4.37384399752237e6 2.3749743318709047e6 1.7940025694450003e6 3.9405361220556856e6 4.416970053231314e6 26075.53592333128 808114.7282139446 108101.86845075761 735989.6924782305 318187.692008177 651184.0677255209 913222.0254237715 846504.2215135383 569197.1673806094 121729.21031330443 844953.6872158769 398614.48624454375 951986.2267763371 721588.6224960714 946390.6432211676 129511.01883891964 72980.0466283556 810310.3508654656 962184.9639556578 205558.6129675976 774433.4780203672 83997.86659207506 671379.438156675 938247.9912142922 835158.1557719042 243766.02788821014 613742.5348635055 325694.9810516202 257351.2660616679 240155.58962869545 863476.9932058044 564797.347321063 554526.8906241118 490124.70535585197 627419.0914336459 311559.84948162915 188800.72877017062 935395.6877581655 507914.9484587927 383667.6086839193 842727.9295087205 944618.6793790408 180996.9864081239 5.609331708801858e6 750362.8102679818 5.108693326866936e6 2.2086224242895176e6 4.520035722442994e6 6.338908431612748e6 5.8758030333948145e6 3.9509436074811495e6 844953.6872158769 5.865040376933052e6 2.7668854423939185e6 6.60798070095983e6 5.008731804484915e6 6.569140319551816e6 898969.2171778573 506573.23195561726 5.624572089071823e6 6.678772752944996e6 1.42683508353434e6 5.375541507847984e6 583050.747742212 4.66021697118826e6 6.512620082385922e6 5.797047079428525e6 1.6920425553734144e6 4.260144434515066e6 2.260732444077918e6 1.7863411798105964e6 1.6669815768951143e6 5.993615397302724e6 3.9204033273558477e6 3.8491134517939794e6 3.4020813568093902e6 4.35507692337796e6 2.1626168684604843e6 1.3105143088730338e6 6.492821512132241e6 3.525567999560195e6 2.6631353295433666e6 5.849590821508595e6 6.556840663798159e6 85386.95296615933 2.646252582963185e6 353990.390997093 2.410071932557546e6 1.0419374532434162e6 2.1323674238825715e6 2.9904369506265684e6 2.77196282218531e6 1.8638931104810853e6 398614.48624454375 2.7668854423939185e6 1.305303043000479e6 3.1173742088825204e6 2.362914187119657e6 3.0990509103222033e6 424096.7973472593 238980.46917408874 2.653442369153125e6 3.1507709948356594e6 673122.2579225459 2.535959957163415e6 275059.4237082487 2.1984991862444016e6 3.072386981113801e6 2.734808993988628e6 798236.2632636904 2.0097613760195528e6 1.0665208228178946e6 842722.4857659551 786413.5217193235 2.8275418623421094e6 1.8494854592025587e6 1.8158538205086484e6 1.604962417141617e6 2.0545466297542115e6 1.0202339193354099e6 618246.8883813303 3.0630468278847504e6 1.6632183492748528e6 1.2563579960026902e6 2.759596975947291e6 3.093248437318761e6 203924.3579329281 6.319880733102036e6 845413.2708906678 5.755825150638059e6 2.4883945237294375e6 5.09260071576371e6 7.141874887339196e6 6.620106691851571e6 4.451420183140891e6 951986.2267763371 6.60798070095983e6 3.1173742088825204e6 7.445031259459306e6 5.6432012353216605e6 7.401270863235694e6 1.0128440481384352e6 570742.2157826648 6.337051653032153e6 7.524790729682073e6 1.6075760931722138e6 6.05647570318056e6 656907.3426866049 5.25053909756724e6 7.337591056720669e6 6.531374510920352e6 1.9063781035650838e6 4.799788304492063e6 2.547105458856614e6 2.0126217865342028e6 1.8781425840308818e6 6.75284266245115e6 4.417011284190491e6 4.336690929749386e6 3.833032085730907e6 4.906746145186098e6 2.4365613213100964e6 1.476520655411605e6 7.315284548711371e6 3.972161111224563e6 3.0004817922275215e6 6.59057410909991e6 7.387413177248011e6 154571.03516350474 4.7903571546208775e6 640808.2180428646 4.362813058589512e6 1.8861587763564948e6 3.860100736808039e6 5.4134140989049785e6 5.017923089839537e6 3.374097300735954e6 721588.6224960714 5.008731804484915e6 2.362914187119657e6 5.6432012353216605e6 4.277446134544331e6 5.61003163355357e6 767717.768327827 432612.44512072974 4.803372406429006e6 5.703657494698389e6 1.2185140772023904e6 4.590700828349017e6 497924.0782946213 3.979815220231592e6 5.561763473183652e6 4.95066567538508e6 1.4450006849010799e6 3.638154138678418e6 1.930660620618816e6 1.5255315063418478e6 1.4235986634504767e6 5.118534593962833e6 3.348015967522445e6 3.2871345678872694e6 2.905370125040299e6 3.719226278968632e6 1.846870131120538e6 1.1191763870715902e6 5.544855536982061e6 3.0108274510303466e6 2.2743118150034747e6 4.9955379175469875e6 5.599527754125927e6 202725.7315750532 6.282733745355661e6 840444.101733739 5.721993568149304e6 2.473768241243288e6 5.062667433099878e6 7.09989638329298e6 6.58119503630816e6 4.425255630678531e6 946390.6432211676 6.569140319551816e6 3.0990509103222033e6 7.401270863235694e6 5.61003163355357e6 7.357767681818967e6 1.0068907545504532e6 567387.5078393694 6.299803738072247e6 7.480561523335589e6 1.5981270842499959e6 6.020876957217859e6 653046.1734589215 5.219677484863441e6 7.294462172397858e6 6.492984405288556e6 1.8951727965278528e6 4.771576114284378e6 2.532134085303108e6 2.000792000498703e6 1.867103239698082e6 6.713150811571529e6 4.391048980315037e6 4.311200732761421e6 3.8105022941203904e6 4.877905278304685e6 2.422239703961857e6 1.4678419639915973e6 7.272286777555831e6 3.9488135471870904e6 2.982845563780155e6 6.551836040137626e6 7.343991448522136e6 27742.472127352536 859775.2463878901 115012.51906107458 783039.4585035839 338528.5427213475 692812.4469528969 971601.7596299794 900618.8728037992 605584.3529910162 129511.01883891964 898969.2171778573 424096.7973472593 1.0128440481384352e6 767717.768327827 1.0068907545504532e6 137790.29665537702 77645.45723597097 862111.2290649519 1.0236947621089326e6 218699.40113822502 823940.8479135083 89367.61566624824 714298.8510266305 998227.5655365182 888547.4847595461 259349.30941278028 652977.3814384653 346515.7517916451 273803.0139302538 255508.0659163238 918676.6663993396 600903.2647201471 589976.2464035107 521457.00925346423 667528.2420827443 331477.00072819844 200870.23219506466 995192.9222845824 540384.5329244372 408194.40763853805 896601.1729951958 1.005005514007539e6 15633.008894464914 484487.25161629316 64810.07623267554 441246.28703994665 190762.36952132452 390402.9567261285 547501.9991170022 507502.82038431853 341249.5300778655 72980.0466283556 506573.23195561726 238980.46917408874 570742.2157826648 432612.44512072974 567387.5078393694 77645.45723597097 43753.56738262551 485803.58845174836 576856.6423281217 123238.1046473918 464294.40551713516 50359.056834381125 402510.6428924081 562505.7615304041 500700.5384608455 146144.51236398303 367955.7166013124 195263.1980655408 154289.2404272349 143979.95422834725 517678.46899261844 338611.715601984 332454.29121133144 293843.39024722733 376155.19258275727 186788.7936196332 113191.28706783883 560795.7262916098 304509.13569846924 230019.40043376625 505238.82831631316 566325.166241249 173576.0595887994 5.379347547504978e6 719597.7261997565 4.89923547857124e6 2.118068290171426e6 4.334712999768775e6 6.079011421618741e6 5.634893473623101e6 3.788953819914832e6 810310.3508654656 5.624572089071823e6 2.653442369153125e6 6.337051653032153e6 4.803372406429006e6 6.299803738072247e6 862111.2290649519 485803.58845174836 5.393963067942046e6 6.404941211182493e6 1.3683344479807864e6 5.155142809860653e6 559145.5048052325 4.469146778299071e6 6.245600846361338e6 5.559366535689443e6 1.6226683396597027e6 4.085477326981004e6 2.1680417846448068e6 1.71310069424898e6 1.5986348682741933e6 5.7478754978202665e6 3.7596656997748935e6 3.6912987289530546e6 3.2625950742845363e6 4.176517557378117e6 2.0739489749360334e6 1.2567828574559626e6 6.226614022998562e6 3.381018730312725e6 2.5539460398060433e6 5.609755969719818e6 6.288008371627833e6 206109.02287084667 6.387586337225974e6 854470.2798212701 5.817487962883002e6 2.515052978476115e6 5.147158328887138e6 7.218386608722194e6 6.6910286509621395e6 4.499108755985383e6 962184.9639556578 6.678772752944996e6 3.1507709948356594e6 7.524790729682073e6 5.703657494698389e6 7.480561523335589e6 1.0236947621089326e6 576856.6423281217 6.404941211182493e6 7.605404672219129e6 1.6247982394689526e6 6.121359419133934e6 663944.8660780024 5.306788722613987e6 7.416199507780129e6 6.601345872041988e6 1.9268013499270715e6 4.851208984809734e6 2.574392890557025e6 2.0341832336065453e6 1.898263340047157e6 6.825186637175296e6 4.464331230570489e6 4.383150394998403e6 3.8740957962581576e6 4.959312677067399e6 2.462664481039085e6 1.492338789835013e6 7.393654027602772e6 4.014715326892659e6 3.0326262963700746e6 6.661179682278372e6 7.466555378375154e6 44032.578400789265 1.3646267992933e6 182546.73698080136 1.2428325128774666e6 537309.1673249229 1.0996250891937835e6 1.542116739231435e6 1.4294534006889951e6 961177.5179572954 205558.6129675976 1.42683508353434e6 673122.2579225459 1.6075760931722138e6 1.2185140772023904e6 1.5981270842499959e6 218699.40113822502 123238.1046473918 1.3683344479807864e6 1.6247982394689526e6 347117.53453759477 1.3077507951280966e6 141843.39900393743 1.1337280980238765e6 1.5843769560095915e6 1.4102938125302722e6 411636.66840812983 1.0363992657230843e6 549986.3868595373 434577.4457990534 405539.8845801494 1.4581145527518261e6 953747.7407787564 936404.4849756887 827651.4269236984 1.059494248361148e6 526117.0293555866 318819.25327027414 1.579560400141899e6 857693.0059923928 647882.1416706566 1.4230765471410828e6 1.5951348490364524e6 165890.89770956466 5.14117439848214e6 687737.1975826452 4.68231951777281e6 2.0242898179569796e6 4.1427915378911155e6 5.80986032467869e6 5.3854059082317315e6 3.6211961030501197e6 774433.4780203672 5.375541507847984e6 2.535959957163415e6 6.05647570318056e6 4.590700828349017e6 6.020876957217859e6 823940.8479135083 464294.40551713516 5.155142809860653e6 6.121359419133934e6 1.3077507951280966e6 4.92689643130933e6 534389.0739434276 4.271273197491588e6 5.96907392409406e6 5.313222961085963e6 1.55082393383475e6 3.904590892030396e6 2.072050712400098e6 1.6372523532858214e6 1.5278545557265922e6 5.493385600036656e6 3.593204728238696e6 3.5278647372849537e6 3.1181421390602337e6 3.9916002733012983e6 1.9821239062058476e6 1.2011382038702238e6 5.95092775128794e6 3.2313225318811378e6 2.4408688747105957e6 5.361381379166074e6 6.009603836184274e6 17993.129029322663 557630.4401950676 74594.4732666055 507861.3739694321 219561.82280122765 449342.2105254127 630158.5434018595 584120.6764203509 392768.07602027047 83997.86659207506 583050.747742212 275059.4237082487 656907.3426866049 497924.0782946213 653046.1734589215 89367.61566624824 50359.056834381125 559145.5048052325 663944.8660780024 141843.39900393743 534389.0739434276 57961.779049254954 463277.797775897 647427.4284163896 576291.4519141066 168207.99410045965 423506.1036924529 224742.14280754552 177582.33425085287 165716.65196095928 595832.5458117266 389732.0298860706 382645.0172516355 338205.0167580963 432943.4570709958 214988.35493016068 130279.81030112736 645459.2286345031 350480.9730627111 264745.49967905297 581514.8887772947 651823.4498247678 143815.75804839475 4.457037146614216e6 596219.8515652744 4.0592421897206088e6 1.754917109369195e6 3.591509321393794e6 5.036740883829602e6 4.668768713559112e6 3.1393227102418616e6 671379.438156675 4.66021697118826e6 2.1984991862444016e6 5.25053909756724e6 3.979815220231592e6 5.219677484863441e6 714298.8510266305 402510.6428924081 4.469146778299071e6 5.306788722613987e6 1.1337280980238765e6 4.271273197491588e6 463277.797775897 3.7028938971955827e6 5.174767893193448e6 4.606191167682479e6 1.3444554386251834e6 3.3850060899021397e6 1.7963224506762994e6 1.419382808552628e6 1.32454260090995e6 4.76237952310422e6 3.1150561540720984e6 3.0584109706435325e6 2.7032102521785037e6 3.4604371129273116e6 1.718362225128906e6 1.0413024686436661e6 5.159036435748698e6 2.8013297042671335e6 2.116061895860108e6 4.647941134065376e6 5.2099044806214925e6 200981.4993207735 6.228677722183073e6 833213.0033488732 5.67276209830675e6 2.452484182616562e6 5.01910874047168e6 7.038809573160055e6 6.524571081545001e6 4.3871811665022615e6 938247.9912142922 6.512620082385922e6 3.072386981113801e6 7.337591056720669e6 5.561763473183652e6 7.294462172397858e6 998227.5655365182 562505.7615304041 6.245600846361338e6 7.416199507780129e6 1.5843769560095915e6 5.96907392409406e6 647427.4284163896 5.174767893193448e6 7.231701337353053e6 6.437119406118252e6 1.8788669161965563e6 4.730521942731398e6 2.510347852694982e6 1.9835773829251926e6 1.8510388670728148e6 6.655391522297232e6 4.353268826793914e6 4.274107585708341e6 3.777717107184459e6 4.835936261083058e6 2.401398991801531e6 1.4552127961109942e6 7.209716737427064e6 3.9148383438341287e6 2.9571814539433913e6 6.495464687289755e6 7.280804468457278e6 178898.69191169183 5.544302836847597e6 741663.8689963169 5.049468345808119e6 2.1830179080511453e6 4.467635037391296e6 6.265421591089071e6 5.80768496462603e6 3.905140396102824e6 835158.1557719042 5.797047079428525e6 2.734808993988628e6 6.531374510920352e6 4.95066567538508e6 6.492984405288556e6 888547.4847595461 500700.5384608455 5.559366535689443e6 6.601345872041988e6 1.4102938125302722e6 5.313222961085963e6 576291.4519141066 4.606191167682479e6 6.437119406118252e6 5.729842026881988e6 1.6724267393748916e6 4.21075666404251e6 2.234523817407097e6 1.7656321617173627e6 1.647656292326201e6 5.924131532120943e6 3.874954168843142e6 3.804490755403718e6 3.362641094686402e6 4.304588602432898e6 2.1375456937241843e6 1.2953215423172235e6 6.417550360299343e6 3.484696159221409e6 2.632261654151698e6 5.78177663039563e6 6.480827339201654e6 52216.96420051516 1.6182715460624623e6 216476.9081448227 1.4738392160790593e6 637179.4379025326 1.3040136644687352e6 1.8287517445042387e6 1.695147542137664e6 1.139832684533788e6 243766.02788821014 1.6920425553734144e6 798236.2632636904 1.9063781035650838e6 1.4450006849010799e6 1.8951727965278528e6 259349.30941278028 146144.51236398303 1.6226683396597027e6 1.9268013499270715e6 411636.66840812983 1.55082393383475e6 168207.99410045965 1.3444554386251834e6 1.8788669161965563e6 1.6724267393748916e6 488148.0476169746 1.2290359847456142e6 652212.9867575589 515352.85358701 480918.04759321426 1.729135975374259e6 1.1310219261580617e6 1.1104550595270372e6 981487.9459660576 1.2564236582687632e6 623907.0044249243 378078.5531775826 1.8731551015709434e6 1.0171133877577843e6 768304.7376840275 1.6875854155142251e6 1.8916243911266753e6 131469.3940289253 4.0744072887520534e6 545035.2844291623 3.7107624236812415e6 1.604260145554589e6 3.2831837104664845e6 4.604344342119765e6 4.267962022814458e6 2.8698166319010532e6 613742.5348635055 4.260144434515066e6 2.0097613760195528e6 4.799788304492063e6 3.638154138678418e6 4.771576114284378e6 652977.3814384653 367955.7166013124 4.085477326981004e6 4.851208984809734e6 1.0363992657230843e6 3.904590892030396e6 423506.1036924529 3.3850060899021397e6 4.730521942731398e6 4.21075666404251e6 1.2290359847456142e6 3.094408467213329e6 1.642110901306779e6 1.2975309539632953e6 1.2108326338517775e6 4.353536486784611e6 2.847633322658028e6 2.795851042043793e6 2.4711437648376185e6 3.1633638516765824e6 1.570843442509773e6 951908.2360038697 4.716141006973599e6 2.560839811248621e6 1.9344012015902484e6 4.248922459332066e6 4.762642107587428e6 69766.91261367702 2.162167243307989e6 289234.0787071232 1.9691916864401614e6 851333.3328355246 1.7422883304107029e6 2.443389138077811e6 2.26488100659136e6 1.5229266678681625e6 325694.9810516202 2.260732444077918e6 1.0665208228178946e6 2.547105458856614e6 1.930660620618816e6 2.532134085303108e6 346515.7517916451 195263.1980655408 2.1680417846448068e6 2.574392890557025e6 549986.3868595373 2.072050712400098e6 224742.14280754552 1.7963224506762994e6 2.510347852694982e6 2.234523817407097e6 652212.9867575589 1.642110901306779e6 871419.6075797717 688561.2377492313 642553.0077147789 2.310292839465971e6 1.511154642836239e6 1.483675320570896e6 1.311362788051852e6 1.6787034810294164e6 833600.0785037071 505149.50044502236 2.502716316125364e6 1.358961822625419e6 1.026529410802989e6 2.2547772743007382e6 2.527393072620119e6 55127.04934036998 1.7084588645048428e6 228541.30604997225 1.5559772274880917e6 672689.8595069145 1.3766871882026303e6 1.9306692603469703e6 1.7896192094926108e6 1.20335629621763e6 257351.2660616679 1.7863411798105964e6 842722.4857659551 2.0126217865342028e6 1.5255315063418478e6 2.000792000498703e6 273803.0139302538 154289.2404272349 1.71310069424898e6 2.0341832336065453e6 434577.4457990534 1.6372523532858214e6 177582.33425085287 1.419382808552628e6 1.9835773829251926e6 1.7656321617173627e6 515352.85358701 1.2975309539632953e6 688561.2377492313 544073.8009643096 507719.92099234223 1.8255018400653233e6 1.1940545085870891e6 1.1723414371953572e6 1.0361869031006485e6 1.326444960220551e6 658677.7447394367 399149.11513279175 1.9775472451814495e6 1.0737977737725521e6 811122.8569340984 1.7816356406683566e6 1.9970458401727374e6 51443.574540854686 1.5943031959408147e6 213270.6512342989 1.4520100648219972e6 627742.1219618785 1.2846998131256474e6 1.8016659552221477e6 1.6700405754504814e6 1.122950530899265e6 240155.58962869545 1.6669815768951143e6 786413.5217193235 1.8781425840308818e6 1.4235986634504767e6 1.867103239698082e6 255508.0659163238 143979.95422834725 1.5986348682741933e6 1.898263340047157e6 405539.8845801494 1.5278545557265922e6 165716.65196095928 1.32454260090995e6 1.8510388670728148e6 1.647656292326201e6 480918.04759321426 1.2108326338517775e6 642553.0077147789 507719.92099234223 473795.1316817407 1.7035256032667172e6 1.1142702693750102e6 1.0940080202610623e6 966951.0489994573 1.237814666337971e6 614666.2675647906 372478.80129533797 1.8454116505933597e6 1.0020488395053536e6 756925.3143741768 1.6625904520931297e6 1.8636073900149087e6 184964.8518819577 5.732301013762821e6 766812.4691644992 5.220687500197385e6 2.2570404495615675e6 4.619125182657189e6 6.477871717171967e6 6.004613995665116e6 4.0375572745940355e6 863476.9932058044 5.993615397302724e6 2.8275418623421094e6 6.75284266245115e6 5.118534593962833e6 6.713150811571529e6 918676.6663993396 517678.46899261844 5.7478754978202665e6 6.825186637175296e6 1.4581145527518261e6 5.493385600036656e6 595832.5458117266 4.76237952310422e6 6.655391522297232e6 5.924131532120943e6 1.729135975374259e6 4.353536486784611e6 2.310292839465971e6 1.8255018400653233e6 1.7035256032667172e6 6.125009074459157e6 4.0063474820891344e6 3.9334947703635856e6 3.476662715442728e6 4.450550111650812e6 2.2100263473462043e6 1.3392437622320931e6 6.6351589223677e6 3.602856466173473e6 2.721517311121861e6 5.9778271524958005e6 6.700581519398097e6 120984.87685550161 3.7494784830328687e6 501569.41283274983 3.4148338340277323e6 1.476322436774965e6 3.0213539800554863e6 4.237153729552631e6 3.927597472918737e6 2.640952400921761e6 564797.347321063 3.9204033273558477e6 1.8494854592025587e6 4.417011284190491e6 3.348015967522445e6 4.391048980315037e6 600903.2647201471 338611.715601984 3.7596656997748935e6 4.464331230570489e6 953747.7407787564 3.593204728238696e6 389732.0298860706 3.1150561540720984e6 4.353268826793914e6 3.874954168843142e6 1.1310219261580617e6 2.847633322658028e6 1.511154642836239e6 1.1940545085870891e6 1.1142702693750102e6 4.0063474820891344e6 2.620538182412285e6 2.5728854729000474e6 2.274073188588225e6 2.9110896028016405e6 1.4455706733500538e6 875994.7633540285 4.340034752395264e6 2.356616089235298e6 1.7801351629569356e6 3.9100762904388597e6 4.382827449303653e6 118784.84892579523 3.681296759838179e6 492448.7132412099 3.352737396808226e6 1.4494765145525017e6 2.9664127071095253e6 4.1601039627573243e6 3.856176776699113e6 2.5929284726915215e6 554526.8906241118 3.8491134517939794e6 1.8158538205086484e6 4.336690929749386e6 3.2871345678872694e6 4.311200732761421e6 589976.2464035107 332454.29121133144 3.6912987289530546e6 4.383150394998403e6 936404.4849756887 3.5278647372849537e6 382645.0172516355 3.0584109706435325e6 4.274107585708341e6 3.804490755403718e6 1.1104550595270372e6 2.795851042043793e6 1.483675320570896e6 1.1723414371953572e6 1.0940080202610623e6 3.9334947703635856e6 2.5728854729000474e6 2.52609929559066e6 2.2327207100047576e6 2.8581534127711244e6 1.4192839510886183e6 860065.3927108103 4.261114163976847e6 2.313762623986866e6 1.747764612364607e6 3.8389742050391915e6 4.303128704715367e6 104989.29820151684 3.2537547236211277e6 435256.223929137 2.9633539085845123e6 1.281135796346504e6 2.6218965727695455e6 3.676953748268755e6 3.408324354392546e6 2.2917884149069833e6 490124.70535585197 3.4020813568093902e6 1.604962417141617e6 3.833032085730907e6 2.905370125040299e6 3.8105022941203904e6 521457.00925346423 293843.39024722733 3.2625950742845363e6 3.8740957962581576e6 827651.4269236984 3.1181421390602337e6 338205.0167580963 2.7032102521785037e6 3.777717107184459e6 3.362641094686402e6 981487.9459660576 2.4711437648376185e6 1.311362788051852e6 1.0361869031006485e6 966951.0489994573 3.476662715442728e6 2.274073188588225e6 2.2327207100047576e6 1.9734148129432625e6 2.526210402023304e6 1.2544497662875853e6 760178.2786669097 3.7662327281482234e6 2.0450446020185049e6 1.544781019911355e6 3.3931196717906035e6 3.8033677431462375e6 134399.04042385632 4.1652008358976864e6 557180.7778189529 3.793452557284438e6 1.640009264097886e6 3.35634573720518e6 4.7069469356933255e6 4.363068717769558e6 2.9337672419412285e6 627419.0914336459 4.35507692337796e6 2.0545466297542115e6 4.906746145186098e6 3.719226278968632e6 4.877905278304685e6 667528.2420827443 376155.19258275727 4.176517557378117e6 4.959312677067399e6 1.059494248361148e6 3.9916002733012983e6 432943.4570709958 3.4604371129273116e6 4.835936261083058e6 4.304588602432898e6 1.2564236582687632e6 3.1633638516765824e6 1.6787034810294164e6 1.326444960220551e6 1.237814666337971e6 4.450550111650812e6 2.9110896028016405e6 2.8581534127711244e6 2.526210402023304e6 3.233855828705702e6 1.6058479077112877e6 973120.4318347891 4.821234862476018e6 2.6179052231373354e6 1.9775071392759595e6 4.343604879200715e6 4.86877218739726e6 66739.03516268832 2.0683293881411655e6 276681.3468724181 1.883728952306249e6 814385.546195724 1.6666731806049033e6 2.3373462791062044e6 2.16658538375071e6 1.4568317936018845e6 311559.84948162915 2.1626168684604843e6 1.0202339193354099e6 2.4365613213100964e6 1.846870131120538e6 2.422239703961857e6 331477.00072819844 186788.7936196332 2.0739489749360334e6 2.462664481039085e6 526117.0293555866 1.9821239062058476e6 214988.35493016068 1.718362225128906e6 2.401398991801531e6 2.1375456937241843e6 623907.0044249243 1.570843442509773e6 833600.0785037071 658677.7447394367 614666.2675647906 2.2100263473462043e6 1.4455706733500538e6 1.4192839510886183e6 1.2544497662875853e6 1.6058479077112877e6 797421.9134353995 483226.0595978514 2.39409866320185e6 1.2999830072338467e6 981978.1308437012 2.1569201524919886e6 2.417704450783766e6 40442.882794743964 1.2533774697462702e6 167664.86443467435 1.1415122956074618e6 493505.77385842614 1.0099796608691651e6 1.4163977855866773e6 1.3129191713101445e6 882818.838130838 188800.72877017062 1.3105143088730338e6 618246.8883813303 1.476520655411605e6 1.1191763870715902e6 1.4678419639915973e6 200870.23219506466 113191.28706783883 1.2567828574559626e6 1.492338789835013e6 318819.25327027414 1.2011382038702238e6 130279.81030112736 1.0413024686436661e6 1.4552127961109942e6 1.2953215423172235e6 378078.5531775826 951908.2360038697 505149.50044502236 399149.11513279175 372478.80129533797 1.3392437622320931e6 875994.7633540285 860065.3927108103 760178.2786669097 973120.4318347891 483226.0595978514 292827.95059955807 1.4507889033591691e6 787770.7591749888 595064.4380144771 1.3070621820080408e6 1.4650936666528822e6 200370.50923020238 6.209742345651022e6 830680.0095653576 5.655516722787379e6 2.445028553427183e6 5.003850491755798e6 7.017411370274953e6 6.504736179877318e6 4.37384399752237e6 935395.6877581655 6.492821512132241e6 3.0630468278847504e6 7.315284548711371e6 5.544855536982061e6 7.272286777555831e6 995192.9222845824 560795.7262916098 6.226614022998562e6 7.393654027602772e6 1.579560400141899e6 5.95092775128794e6 645459.2286345031 5.159036435748698e6 7.209716737427064e6 6.417550360299343e6 1.8731551015709434e6 4.716141006973599e6 2.502716316125364e6 1.9775472451814495e6 1.8454116505933597e6 6.6351589223677e6 4.340034752395264e6 4.261114163976847e6 3.7662327281482234e6 4.821234862476018e6 2.39409866320185e6 1.4507889033591691e6 7.187798971377553e6 3.9029371119179865e6 2.9481915291468985e6 6.475718269977709e6 7.258670593465564e6 108800.13474536342 3.3718574980742834e6 451054.8848641033 3.0709158940500114e6 1.3276376702896592e6 2.7170645512669194e6 3.8104175389023595e6 3.5320376016043825e6 2.3749743318709047e6 507914.9484587927 3.525567999560195e6 1.6632183492748528e6 3.972161111224563e6 3.0108274510303466e6 3.9488135471870904e6 540384.5329244372 304509.13569846924 3.381018730312725e6 4.014715326892659e6 857693.0059923928 3.2313225318811378e6 350480.9730627111 2.8013297042671335e6 3.9148383438341287e6 3.484696159221409e6 1.0171133877577843e6 2.560839811248621e6 1.358961822625419e6 1.0737977737725521e6 1.0020488395053536e6 3.602856466173473e6 2.356616089235298e6 2.313762623986866e6 2.0450446020185049e6 2.6179052231373354e6 1.2999830072338467e6 787770.7591749888 3.9029371119179865e6 2.11927436482928e6 1.6008525249481774e6 3.5162810288470653e6 3.9414200306989094e6 82185.19192810962 2.54702584957304e6 340716.78651342366 2.3197012828914537e6 1.0028678456980848e6 2.05240988119687e6 2.878304309951886e6 2.668022322440429e6 1.7940025694450003e6 383667.6086839193 2.6631353295433666e6 1.2563579960026902e6 3.0004817922275215e6 2.2743118150034747e6 2.982845563780155e6 408194.40763853805 230019.40043376625 2.5539460398060433e6 3.0326262963700746e6 647882.1416706566 2.4408688747105957e6 264745.49967905297 2.116061895860108e6 2.9571814539433913e6 2.632261654151698e6 768304.7376840275 1.9344012015902484e6 1.026529410802989e6 811122.8569340984 756925.3143741768 2.721517311121861e6 1.7801351629569356e6 1.747764612364607e6 1.544781019911355e6 1.9775071392759595e6 981978.1308437012 595064.4380144771 2.9481915291468985e6 1.6008525249481774e6 1.2092482451366782e6 2.6561201592747304e6 2.977260666546094e6 180520.20827984877 5.594555735311523e6 748386.2216887658 5.095236123569512e6 2.2028045215364583e6 4.508129147564318e6 6.322210623780097e6 5.860325127226486e6 3.9405361220556856e6 842727.9295087205 5.849590821508595e6 2.759596975947291e6 6.59057410909991e6 4.9955379175469875e6 6.551836040137626e6 896601.1729951958 505238.82831631316 5.609755969719818e6 6.661179682278372e6 1.4230765471410828e6 5.361381379166074e6 581514.8887772947 4.647941134065376e6 6.495464687289755e6 5.78177663039563e6 1.6875854155142251e6 4.248922459332066e6 2.2547772743007382e6 1.7816356406683566e6 1.6625904520931297e6 5.9778271524958005e6 3.9100762904388597e6 3.8389742050391915e6 3.3931196717906035e6 4.343604879200715e6 2.1569201524919886e6 1.3070621820080408e6 6.475718269977709e6 3.5162810288470653e6 2.6561201592747304e6 5.834181962950223e6 6.539568783856275e6 202346.1603390179 6.270970339719498e6 838870.5057031062 5.711280058056757e6 2.4691365091898465e6 5.053188404856707e6 7.086602972412223e6 6.568872810041604e6 4.416970053231314e6 944618.6793790408 6.556840663798159e6 3.093248437318761e6 7.387413177248011e6 5.599527754125927e6 7.343991448522136e6 1.005005514007539e6 566325.166241249 6.288008371627833e6 7.466555378375154e6 1.5951348490364524e6 6.009603836184274e6 651823.4498247678 5.2099044806214925e6 7.280804468457278e6 6.480827339201654e6 1.8916243911266753e6 4.762642107587428e6 2.527393072620119e6 1.9970458401727374e6 1.8636073900149087e6 6.700581519398097e6 4.382827449303653e6 4.303128704715367e6 3.8033677431462375e6 4.86877218739726e6 2.417704450783766e6 1.4650936666528822e6 7.258670593465564e6 3.9414200306989094e6 2.977260666546094e6 6.539568783856275e6 7.3302410090002725e6
