2.0719339662125215e7 2.4395383135881174e7 3.520600121401894e7 1.199974863614928e7 3.182953238361858e7 2.9947901076819275e7 2.7025401906657424e7 4.992786134474525e6 4.958771439719253e7 547287.4585384453 1.795514118600685e7 2.792154164716906e7 1.0890342796850061e7 8.439035952308804e6 1.4294163884489795e7 1.0570291246359382e7 5.3825713096443685e6 4.17141078760401e7 4.2445216532477945e7 3.89788251604334e7 7.277171652748508e6 3.9374746838630095e7 1.1729278603165966e7 3.318614096136294e7 3.9833267734798096e7 9.871716106907403e6 8.490594280052442e6 2.2877951801162116e7 1.794162419535557e7 2.36549493008595e7 3.922951691728835e7 2.9098462496127453e7 1.1936713182771929e7 3.126472276686714e7 4.387068367312132e7 4.273661906458886e7 5.133272313481709e6 9.518052198304992e6 1.4367236479469841e7 4.0185564392051967e6 3.7209785441773765e7 4.0578220117271333e6 2.4395383135881174e7 2.8723633477293536e7 4.145228092709374e7 1.4128754597727492e7 3.747675602585619e7 3.526128403696128e7 3.1820272492528677e7 5.878610643594607e6 5.838561031766399e7 644387.6809893753 2.114075813391769e7 3.2875406134313293e7 1.2822516998256033e7 9.93629713645673e6 1.6830247018279545e7 1.2445681620064637e7 6.3375518475142075e6 4.9115061599559516e7 4.9975884197123475e7 4.589448261778059e7 8.568293850546587e6 4.636064906849357e7 1.381029753350629e7 3.9074055291140884e7 4.6900521145511225e7 1.1623164664696349e7 9.997002988074705e6 2.693697813998411e7 2.112484294689149e7 2.78518312197562e7 4.618965232671988e7 3.426113731586397e7 1.4054535338747175e7 3.6811737389925964e7 5.165425897212522e7 5.031898762288596e7 6.044022004094727e6 1.12067533942416e7 1.691628421735737e7 4.731532258568014e6 4.381157831566218e7 4.777764363516484e6 3.520600121401894e7 4.145228092709374e7 5.982152625004893e7 2.038979870697583e7 5.408427942265754e7 5.088703881789989e7 4.592117064784577e7 8.483669729733918e6 8.425872454126836e7 929942.9057067507 3.0509115285559267e7 4.744387828751325e7 1.8504712407792017e7 1.4339487398106527e7 2.4288435793668304e7 1.796088545872564e7 9.145987041676113e6 7.088000662541142e7 7.212229584243613e7 6.623225393750278e7 1.2365264444678223e7 6.690499830631727e7 1.9930219952785473e7 5.6389409026875705e7 6.768411035768501e7 1.6773876721541438e7 1.4427094560242753e7 3.8873883628556e7 3.048614741124285e7 4.019414650197375e7 6.665822573197621e7 4.944368511113396e7 2.028268977955253e7 5.312456312004825e7 7.454442891725475e7 7.261744279531024e7 8.722381805955198e6 1.6172936141452795e7 2.441259968641445e7 6.82827277241278e6 6.322632732505251e7 6.894992263304829e6 1.199974863614928e7 1.4128754597727492e7 2.038979870697583e7 6.949737283084667e6 1.8434293468714703e7 1.7344533704373606e7 1.565194812958314e7 2.891606565882246e6 2.8719067205370426e7 316965.31073252816 1.0398844001409343e7 1.6170953648309248e7 6.30721723060432e6 4.887525944866202e6 8.278563717517963e6 6.121857165123156e6 3.117353341619778e6 2.4159013619952064e7 2.4582440246767018e7 2.257485574758107e7 4.214624212890389e6 2.2804156521420285e7 6.79309269583734e6 1.9219982694145672e7 2.3069712064606618e7 5.717272549320452e6 4.9173863063986115e6 1.3249923762084082e7 1.0391015542936362e7 1.369992722934365e7 2.2720045609636046e7 1.6852575484837197e7 6.913229864989841e6 1.810718007905941e7 2.5408009384381916e7 2.475120803542683e7 2.9729701065370142e6 5.5124456545394e6 8.3208842154802885e6 2.327374710632805e6 2.1550304178976573e7 2.350115638094843e6 3.182953238361858e7 3.747675602585619e7 5.408427942265754e7 1.8434293468714703e7 4.889726932812426e7 4.600666346951767e7 4.151705214528189e7 7.6700343999012485e6 7.617780233219917e7 840755.7465038906 2.75831062742387e7 4.289372289618443e7 1.6729998367404124e7 1.2964243673342181e7 2.1959027636861056e7 1.623832771781328e7 8.26883146863227e6 6.408218452643431e7 6.5205330680487245e7 5.988017948213718e7 1.1179360663010204e7 6.0488403589808665e7 1.8018791101649508e7 5.0981323036464304e7 6.11927940747923e7 1.5165160310638446e7 1.304344877781572e7 3.514564265081711e7 2.756234115823211e7 3.63392843151708e7 6.0265298000547655e7 4.470173612854411e7 1.833745693640677e7 4.8029595633878484e7 6.739516651767041e7 6.565299004047388e7 7.885852541650914e6 1.4621853573293183e7 2.207128345998095e7 6.173400040875674e6 5.716253944479978e7 6.233720728336236e6 2.9947901076819275e7 3.526128403696128e7 5.088703881789989e7 1.7344533704373606e7 4.600666346951767e7 4.3286938364470966e7 3.90627344336341e7 7.2166134486556845e6 7.167448333825737e7 791053.7177424713 2.5952506249115758e7 4.035802206043564e7 1.5740989533990968e7 1.2197850800499031e7 2.0660900056147553e7 1.5278384435089163e7 7.780012092509945e6 6.029390880941227e7 6.1350659172911115e7 5.6340309055754825e7 1.0518482747494651e7 5.6912577450701684e7 1.6953594131775394e7 4.796751647684201e7 5.757532726145917e7 1.4268658280096093e7 1.2272373624301918e7 3.3067976516350318e7 2.5932968681534838e7 3.41910549849373e7 5.6702660948117025e7 4.205915297168191e7 1.725342175037981e7 4.519028308261622e7 6.341104090381543e7 6.177185474900107e7 7.419673307713756e6 1.3757469607002066e7 2.0766519775770627e7 5.808453969839892e6 5.37833247425806e7 5.8652087458505e6 2.7025401906657424e7 3.1820272492528677e7 4.592117064784577e7 1.565194812958314e7 4.151705214528189e7 3.90627344336341e7 3.525075413245324e7 6.512372214487862e6 6.4680049319641866e7 713857.8625896948 2.3419902118291758e7 3.6419639678363085e7 1.4204887597076833e7 1.1007509989943549e7 1.864468318959641e7 1.3787426330264805e7 7.020790976282579e6 5.4410060789167754e7 5.5363686995401904e7 5.084227745615288e7 9.49202493256922e6 5.1358700404533975e7 1.5299158829138264e7 4.3286553135247305e7 5.19567750393252e7 1.2876235422950316e7 1.1074760421261787e7 2.984100132099117e7 2.340227114593084e7 3.0854482930551108e7 5.1169268836871244e7 3.7954763841299966e7 1.556972743675839e7 4.078033914465688e7 5.722300408797518e7 5.57437797336522e7 6.695616251793746e6 1.2414931663963668e7 1.8739995891637206e7 5.24162954153564e6 4.853481929555275e7 5.292845839728779e6 4.992786134474525e6 5.878610643594607e6 8.483669729733918e6 2.891606565882246e6 7.6700343999012485e6 7.2166134486556845e6 6.512372214487862e6 1.20312296584283e6 1.19492636792456e7 131881.09655625364 4.326690976542074e6 6.72831703434894e6 2.624270531902191e6 2.0335735780248141e6 3.444496997018044e6 2.5471469859945974e6 1.2970503809896167e6 1.0051942909946244e7 1.0228119816265795e7 9.392815648216313e6 1.7535965102425974e6 9.488221790374978e6 2.8264307903753426e6 7.996939436805137e6 9.598712607654218e6 2.37880975483659e6 2.0459977048586288e6 5.512951783247251e6 4.323433756736615e6 5.700186627903133e6 9.453225407796657e6 7.011922312889497e6 2.8764167701293407e6 7.533930949254636e6 1.057161785679279e7 1.029833974342562e7 1.2369762381029765e6 2.293586562981591e6 3.4621054654816105e6 968360.6329859768 8.966526146586869e6 977822.5467943639 4.958771439719253e7 5.838561031766399e7 8.425872454126836e7 2.8719067205370426e7 7.617780233219917e7 7.167448333825737e7 6.4680049319641866e7 1.19492636792456e7 1.1867856115281802e8 1.3098262121152037e6 4.297214233716807e7 6.682478569817119e7 2.606391984995975e7 2.01971931255943e7 3.421030437309023e7 2.5297938639317125e7 1.2882138773615249e7 9.983461352641322e7 1.015843800653067e8 9.328824572179517e7 1.74164966364968e7 9.423580734403953e7 2.8071749724828668e7 7.942458141874216e7 9.533318803353547e7 2.3626034753140353e7 2.0320587966966677e7 5.475393320485773e7 4.293979204594955e7 5.661352577540466e7 9.38882277406902e7 6.964151711326224e7 2.8568204093420602e7 7.482604023837839e7 1.0499595874520154e8 1.022817954160164e8 1.2285490056869768e7 2.277960889312951e7 3.438518943358065e7 9.617634164305542e6 8.905439282123484e7 9.711608684131542e6 547287.4585384453 644387.6809893753 929942.9057067507 316965.31073252816 840755.7465038906 791053.7177424713 713857.8625896948 131881.09655625364 1.3098262121152037e6 14456.231094130722 474273.01002993085 737528.7927002932 287661.0996824207 222911.47373274536 377570.75041222776 279207.15266838897 142177.01048852154 1.1018501775135656e6 1.121161922242031e6 1.0295995194221301e6 192221.6076442388 1.0400575249654555e6 309821.02624392376 876589.6520651942 1.0521690468596246e6 260754.75896745967 224273.35237450965 604305.7501832943 473915.96778914216 624829.6179239948 1.0362213740141704e6 768616.3674411419 315300.2715160626 825836.6793545149 1.1588146805516435e6 1.1288591246534658e6 135591.9447358974 251412.96406124436 379500.9139911638 106147.47267386274 982871.5219344202 107184.6464324874 1.795514118600685e7 2.114075813391769e7 3.0509115285559267e7 1.0398844001409343e7 2.75831062742387e7 2.5952506249115758e7 2.3419902118291758e7 4.326690976542074e6 4.297214233716807e7 474273.01002993085 1.555971861394601e7 2.419648649914879e7 9.437445674916793e6 7.31317138810544e6 1.2387157837423522e7 9.160092686377045e6 4.664474321306696e6 3.614896558367421e7 3.678253592726241e7 3.377860107673291e7 6.306313163964223e6 3.412170224436411e7 1.0164457785053391e7 2.87587276475431e7 3.4519051173513636e7 8.554715514013622e6 7.357851241278738e6 1.982576961115331e7 1.554800494548401e7 2.049910669794007e7 3.3995847666725695e7 2.5216392555635314e7 1.0344218203310998e7 2.709364876365381e7 3.801782933832857e7 3.70350620063428e7 4.448434681693433e6 8.248234442951342e6 1.24504817068658e7 3.4824347400299986e6 3.2245571625497524e7 3.5164618330685636e6 2.792154164716906e7 3.2875406134313293e7 4.744387828751325e7 1.6170953648309248e7 4.289372289618443e7 4.035802206043564e7 3.6419639678363085e7 6.72831703434894e6 6.682478569817119e7 737528.7927002932 2.419648649914879e7 3.76272844920691e7 1.4675909797938373e7 1.1372509821588507e7 1.9262925301708378e7 1.4244605864415718e7 7.253594537369397e6 5.6214252931258194e7 5.719950058548973e7 5.2528164884726286e7 9.806772546291376e6 5.306171198647077e7 1.5806466149508325e7 4.472189906010136e7 5.367961827630562e7 1.3303200628150353e7 1.1441990221004128e7 3.083050398492058e7 2.417827089847962e7 3.1877591797627512e7 5.2865999026343405e7 3.92133120892557e7 1.6086006586027084e7 4.213258110817296e7 5.912047107891241e7 5.75921968812746e7 6.917637290784099e6 1.282660042205431e7 1.936139849329043e7 5.415437596395789e6 5.014419333999875e7 5.468352184232549e6 1.0890342796850061e7 1.2822516998256033e7 1.8504712407792017e7 6.30721723060432e6 1.6729998367404124e7 1.5740989533990968e7 1.4204887597076833e7 2.624270531902191e6 2.606391984995975e7 287661.0996824207 9.437445674916793e6 1.4675909797938373e7 5.72409971393553e6 4.435662327771219e6 7.513190441151375e6 5.5558766356740985e6 2.829146471191389e6 2.1925454268471766e7 2.2309734077586878e7 2.0487755630145542e7 3.824971991497449e6 2.0695856991799846e7 6.1650548150304295e6 1.744304872005556e7 2.093686128152228e7 5.188696847995042e6 4.462762026522091e6 1.202493620295779e7 9.430340976399623e6 1.2433335759217199e7 2.0619522337628298e7 1.5294514043967806e7 6.274085011777429e6 1.6433127403286254e7 2.305897734790352e7 2.246289887522563e7 2.6981118160626413e6 5.002806695974674e6 7.551598306525714e6 2.112203278921721e6 1.9557926336760115e7 2.1328417525338964e6 8.439035952308804e6 9.93629713645673e6 1.4339487398106527e7 4.887525944866202e6 1.2964243673342181e7 1.2197850800499031e7 1.1007509989943549e7 2.0335735780248141e6 2.01971931255943e7 222911.47373274536 7.31317138810544e6 1.1372509821588507e7 4.435662327771219e6 3.4372392636887585e6 5.822046691474063e6 4.305304575775855e6 2.192333999957966e6 1.6990254603909627e7 1.728803688545606e7 1.5876167497218207e7 2.9640091919014365e6 1.6037427331319392e7 4.777362861988578e6 1.3516793549327027e7 1.622418397466551e7 4.0207732724930127e6 3.458239092281986e6 9.318243771934563e6 7.307665885906368e6 9.634716687661052e6 1.5978274841542203e7 1.1851872461486602e7 4.86185145591065e6 1.2734195383208292e7 1.7868633016650055e7 1.740672582463944e7 2.0907939303515498e6 3.876725127696893e6 5.851809331897029e6 1.6367675234759978e6 1.515563344399638e7 1.6527604838504223e6 1.4294163884489795e7 1.6830247018279545e7 2.4288435793668304e7 8.278563717517963e6 2.1959027636861056e7 2.0660900056147553e7 1.864468318959641e7 3.444496997018044e6 3.421030437309023e7 377570.75041222776 1.2387157837423522e7 1.9262925301708378e7 7.513190441151375e6 5.822046691474063e6 9.861468776929865e6 7.292388553214682e6 3.7134077472871384e6 2.877834448389189e7 2.9282732515697524e7 2.6891287268513236e7 5.020482598202699e6 2.7164431560071483e7 8.091967858752535e6 2.289494478738831e7 2.748076272415146e7 6.810445224334834e6 5.857616511670844e6 1.5783379090264244e7 1.2377832536388582e7 1.6319425594623446e7 2.7064238198195897e7 2.0074876829528376e7 8.23507588847503e6 2.1569368441296093e7 3.026615482801949e7 2.9483769595945932e7 3.541417675909433e6 6.566454346631662e6 9.911881177380014e6 2.772381034231229e6 2.5670836034591105e7 2.799470147002177e6 1.0570291246359382e7 1.2445681620064637e7 1.796088545872564e7 6.121857165123156e6 1.623832771781328e7 1.5278384435089163e7 1.3787426330264805e7 2.5471469859945974e6 2.5297938639317125e7 279207.15266838897 9.160092686377045e6 1.4244605864415718e7 5.5558766356740985e6 4.305304575775855e6 7.292388553214682e6 5.39259739233414e6 2.7460019153623534e6 2.128109662383761e7 2.165408300068674e7 1.9885649885834277e7 3.712561552331451e6 2.0087635447031323e7 5.983872698983428e6 1.6930422543609306e7 2.0321556966446206e7 5.036208491824358e6 4.331607853260212e6 1.1671540580055881e7 9.153196784756226e6 1.206793785928519e7 2.0013544158829007e7 1.4845030219162105e7 6.089698654672995e6 1.5950181365411865e7 2.2381307086223546e7 2.180274650466749e7 2.6188181807532143e6 4.855781384676395e6 7.329667666529201e6 2.0501286549194423e6 1.8983146941361003e7 2.0701605934020483e6 5.3825713096443685e6 6.3375518475142075e6 9.145987041676113e6 3.117353341619778e6 8.26883146863227e6 7.780012092509945e6 7.020790976282579e6 1.2970503809896167e6 1.2882138773615249e7 142177.01048852154 4.664474321306696e6 7.253594537369397e6 2.829146471191389e6 2.192333999957966e6 3.7134077472871384e6 2.7460019153623534e6 1.3983106786152748e6 1.083669479444951e7 1.1026625774034183e7 1.012610968368442e7 1.8904992143665494e6 1.0228964152054539e7 3.047089314706035e6 8.621257874495596e6 1.0348080951181965e7 2.5645226518065496e6 2.2057280742968046e6 5.943346119927985e6 4.660962811419859e6 6.145198327466319e6 1.0191235613372153e7 7.559340786942486e6 3.100977683496871e6 8.122102466255091e6 1.139694059386859e7 1.1102327747865189e7 1.3335465671063932e6 2.4726461133288383e6 3.7323909031055574e6 1.0439602298422809e6 9.666539900546748e6 1.0541608321568265e6 4.17141078760401e7 4.9115061599559516e7 7.088000662541142e7 2.4159013619952064e7 6.408218452643431e7 6.029390880941227e7 5.4410060789167754e7 1.0051942909946244e7 9.983461352641322e7 1.1018501775135656e6 3.614896558367421e7 5.6214252931258194e7 2.1925454268471766e7 1.6990254603909627e7 2.877834448389189e7 2.128109662383761e7 1.083669479444951e7 8.398273421207233e7 8.545467037707977e7 7.84758078268237e7 1.4651080985467834e7 7.927291429180193e7 2.3614478112687502e7 6.681343549680356e7 8.019605134337188e7 1.9874659970844846e7 1.709405664009796e7 4.606002724889133e7 3.612175191685945e7 4.762435111491871e7 7.89805238631266e7 5.85837397998361e7 2.403210476353689e7 6.294505710505886e7 8.832455383129255e7 8.604134914474562e7 1.0334782793927241e7 1.916263079057754e7 2.892546105032146e7 8.090532784564961e6 7.491421200067572e7 8.16958589893562e6 4.2445216532477945e7 4.9975884197123475e7 7.212229584243613e7 2.4582440246767018e7 6.5205330680487245e7 6.1350659172911115e7 5.5363686995401904e7 1.0228119816265795e7 1.015843800653067e8 1.121161922242031e6 3.678253592726241e7 5.719950058548973e7 2.2309734077586878e7 1.728803688545606e7 2.9282732515697524e7 2.165408300068674e7 1.1026625774034183e7 8.545467037707977e7 8.695240465516585e7 7.985122600893226e7 1.4907865384800512e7 8.066230308160946e7 2.402836085511011e7 6.798445133641408e7 8.160161963512361e7 2.022299622177518e7 1.7393658223820023e7 4.68673053222352e7 3.6754845295977e7 4.845904654843538e7 8.036478802761315e7 5.961051662607057e7 2.4453307102976948e7 6.404827322240309e7 8.987258755825043e7 8.75493659374875e7 1.0515916936493551e7 1.9498487553779725e7 2.943242754300517e7 8.232332737990002e6 7.62272073318158e7 8.31277138879372e6 3.89788251604334e7 4.589448261778059e7 6.623225393750278e7 2.257485574758107e7 5.988017948213718e7 5.6340309055754825e7 5.084227745615288e7 9.392815648216313e6 9.328824572179517e7 1.0295995194221301e6 3.377860107673291e7 5.2528164884726286e7 2.0487755630145542e7 1.5876167497218207e7 2.6891287268513236e7 1.9885649885834277e7 1.012610968368442e7 7.84758078268237e7 7.985122600893226e7 7.33299823094745e7 1.3690378464786036e7 7.407482080931653e7 2.2066026590922903e7 6.2432336521181434e7 7.493742580231293e7 1.8571436273520194e7 1.5973163013265338e7 4.303977336287616e7 3.375317186789309e7 4.45015211880813e7 7.380160304251716e7 5.4742279463053174e7 2.2456268574622277e7 5.881761592271399e7 8.253292510519496e7 8.039943500283287e7 9.657109119836377e6 1.790609636000121e7 2.7028757088989854e7 7.560019353678885e6 7.00019278917198e7 7.633888787315067e6 7.277171652748508e6 8.568293850546587e6 1.2365264444678223e7 4.214624212890389e6 1.1179360663010204e7 1.0518482747494651e7 9.49202493256922e6 1.7535965102425974e6 1.74164966364968e7 192221.6076442388 6.306313163964223e6 9.806772546291376e6 3.824971991497449e6 2.9640091919014365e6 5.020482598202699e6 3.712561552331451e6 1.8904992143665494e6 1.4651080985467834e7 1.4907865384800512e7 1.3690378464786036e7 2.555932193165974e6 1.3829436468576979e7 4.1196280938518043e6 1.1655836923683858e7 1.3990480947899172e7 3.467203771386933e6 2.982117819263002e6 8.035332449551958e6 6.3015656448443085e6 8.308234205653304e6 1.377842793819167e7 1.0220137797271108e7 4.192484520124295e6 1.0980984817097664e7 1.5408526565946976e7 1.501021354264712e7 1.8029389147856757e6 3.342987796734693e6 5.046147596482235e6 1.4114216708272481e6 1.3069045647082927e7 1.4252127624327354e6 3.9374746838630095e7 4.636064906849357e7 6.690499830631727e7 2.2804156521420285e7 6.0488403589808665e7 5.6912577450701684e7 5.1358700404533975e7 9.488221790374978e6 9.423580734403953e7 1.0400575249654555e6 3.412170224436411e7 5.306171198647077e7 2.0695856991799846e7 1.6037427331319392e7 2.7164431560071483e7 2.0087635447031323e7 1.0228964152054539e7 7.927291429180193e7 8.066230308160946e7 7.407482080931653e7 1.3829436468576979e7 7.482722489656733e7 2.229015900751199e7 6.306648378825449e7 7.569859167278942e7 1.8760072903425574e7 1.613540806504132e7 4.347694352459599e7 3.4096014742079124e7 4.49535388381406e7 7.455123196052417e7 5.52983161076703e7 2.2684364816710286e7 5.941504719745873e7 8.337124114164904e7 8.12160804276596e7 9.755199784024363e6 1.808797489768479e7 2.7303297710011613e7 7.636809137295719e6 7.071296216876177e7 7.711428888829177e6 1.1729278603165966e7 1.381029753350629e7 1.9930219952785473e7 6.79309269583734e6 1.8018791101649508e7 1.6953594131775394e7 1.5299158829138264e7 2.8264307903753426e6 2.8071749724828668e7 309821.02624392376 1.0164457785053391e7 1.5806466149508325e7 6.1650548150304295e6 4.777362861988578e6 8.091967858752535e6 5.983872698983428e6 3.047089314706035e6 2.3614478112687502e7 2.402836085511011e7 2.2066026590922903e7 4.1196280938518043e6 2.229015900751199e7 6.639978821437766e6 1.8786771173567314e7 2.2549729023942526e7 5.58840727539872e6 4.806550181675409e6 1.2951275229883887e7 1.0156805777228301e7 1.3391135780293878e7 2.220794392553005e7 1.6472724474166324e7 6.757408141860393e6 1.769905073054419e7 2.483532196028606e7 2.4193324678307857e7 2.90596042598828e6 5.38819710540642e6 8.133334467860451e6 2.274916518895933e6 2.106456804742718e7 2.297144874004397e6 3.318614096136294e7 3.9074055291140884e7 5.6389409026875705e7 1.9219982694145672e7 5.0981323036464304e7 4.796751647684201e7 4.3286553135247305e7 7.996939436805137e6 7.942458141874216e7 876589.6520651942 2.87587276475431e7 4.472189906010136e7 1.744304872005556e7 1.3516793549327027e7 2.289494478738831e7 1.6930422543609306e7 8.621257874495596e6 6.681343549680356e7 6.798445133641408e7 6.2432336521181434e7 1.1655836923683858e7 6.306648378825449e7 1.8786771173567314e7 5.3154201333966985e7 6.380089614608544e7 1.5811515598310491e7 1.3599374459729314e7 3.6643587380755246e7 2.8737077500171524e7 3.788810332441341e7 6.283386920110792e7 4.6606971742475346e7 1.9119018885672174e7 5.007666816504915e7 7.02676203097794e7 6.845119041520858e7 8.221955977664214e6 1.5245052549042525e7 2.3011985073274124e7 6.436516927054296e6 5.9598867770388894e7 6.499408546473211e6 3.9833267734798096e7 4.6900521145511225e7 6.768411035768501e7 2.3069712064606618e7 6.11927940747923e7 5.757532726145917e7 5.19567750393252e7 9.598712607654218e6 9.533318803353547e7 1.0521690468596246e6 3.4519051173513636e7 5.367961827630562e7 2.093686128152228e7 1.622418397466551e7 2.748076272415146e7 2.0321556966446206e7 1.0348080951181965e7 8.019605134337188e7 8.160161963512361e7 7.493742580231293e7 1.3990480947899172e7 7.569859167278942e7 2.2549729023942526e7 6.380089614608544e7 7.658010555869992e7 1.897853489062536e7 1.6323305698931897e7 4.398323470633344e7 3.449306453897984e7 4.547702504615261e7 7.541938478520294e7 5.594226776435484e7 2.294852537950418e7 6.010693839357214e7 8.43421034143533e7 8.216184574606432e7 9.868799573391905e6 1.8298610269994378e7 2.7621245977352694e7 7.725740161635954e6 7.153641814975373e7 7.801228863907944e6 9.871716106907403e6 1.1623164664696349e7 1.6773876721541438e7 5.717272549320452e6 1.5165160310638446e7 1.4268658280096093e7 1.2876235422950316e7 2.37880975483659e6 2.3626034753140353e7 260754.75896745967 8.554715514013622e6 1.3303200628150353e7 5.188696847995042e6 4.0207732724930127e6 6.810445224334834e6 5.036208491824358e6 2.5645226518065496e6 1.9874659970844846e7 2.022299622177518e7 1.8571436273520194e7 3.467203771386933e6 1.8760072903425574e7 5.58840727539872e6 1.5811515598310491e7 1.897853489062536e7 4.70337281421735e6 4.0453382047124733e6 1.0900185477504646e7 8.548275352478305e6 1.1270385438404495e7 1.869087820045273e7 1.3863943812570255e7 5.687239347946332e6 1.4896057130617047e7 2.090215912762201e7 2.036183477149457e7 2.4457443048135e6 4.534869871560145e6 6.845260615394651e6 1.914638640725357e6 1.7728578433008306e7 1.933346697595543e6 8.490594280052442e6 9.997002988074705e6 1.4427094560242753e7 4.9173863063986115e6 1.304344877781572e7 1.2272373624301918e7 1.1074760421261787e7 2.0459977048586288e6 2.0320587966966677e7 224273.35237450965 7.357851241278738e6 1.1441990221004128e7 4.462762026522091e6 3.458239092281986e6 5.857616511670844e6 4.331607853260212e6 2.2057280742968046e6 1.709405664009796e7 1.7393658223820023e7 1.5973163013265338e7 2.982117819263002e6 1.613540806504132e7 4.806550181675409e6 1.3599374459729314e7 1.6323305698931897e7 4.0453382047124733e6 3.4793672194215506e6 9.375173623768775e6 7.352312103189454e6 9.693580032183673e6 1.6075894182864333e7 1.1924281529086078e7 4.891554959038416e6 1.281199500662847e7 1.7977801509663906e7 1.7513072293606065e7 2.103567645182802e6 3.900409997134037e6 5.887560987078055e6 1.6467673619519118e6 1.524822685403562e7 1.6628580313889869e6 2.2877951801162116e7 2.693697813998411e7 3.8873883628556e7 1.3249923762084082e7 3.514564265081711e7 3.3067976516350318e7 2.984100132099117e7 5.512951783247251e6 5.475393320485773e7 604305.7501832943 1.982576961115331e7 3.083050398492058e7 1.202493620295779e7 9.318243771934563e6 1.5783379090264244e7 1.1671540580055881e7 5.943346119927985e6 4.606002724889133e7 4.68673053222352e7 4.303977336287616e7 8.035332449551958e6 4.347694352459599e7 1.2951275229883887e7 3.6643587380755246e7 4.398323470633344e7 1.0900185477504646e7 9.375173623768775e6 2.5261455584565233e7 1.9810844373879362e7 2.611940335884661e7 4.331658305004782e7 3.2130040499854624e7 1.3180321058153916e7 3.452198922365249e7 4.8441282537223056e7 4.718906717338901e7 5.66807429605257e6 1.0509675645301498e7 1.5864064639765386e7 4.437223484223536e6 4.108642899583444e7 4.480579879275258e6 1.794162419535557e7 2.112484294689149e7 3.048614741124285e7 1.0391015542936362e7 2.756234115823211e7 2.5932968681534838e7 2.340227114593084e7 4.323433756736615e6 4.293979204594955e7 473915.96778914216 1.554800494548401e7 2.417827089847962e7 9.430340976399623e6 7.307665885906368e6 1.2377832536388582e7 9.153196784756226e6 4.660962811419859e6 3.612175191685945e7 3.6754845295977e7 3.375317186789309e7 6.3015656448443085e6 3.4096014742079124e7 1.0156805777228301e7 2.8737077500171524e7 3.449306453897984e7 8.548275352478305e6 7.352312103189454e6 1.9810844373879362e7 1.5536300095306728e7 2.048367455899306e7 3.39702549102927e7 2.5197409149216924e7 1.0336430868235186e7 2.7073252121084787e7 3.798920875337051e7 3.700718126835676e7 4.445085810783293e6 8.242025006517513e6 1.244110873435101e7 3.479813093263926e6 3.2221296511997066e7 3.5138145700239143e6 2.36549493008595e7 2.78518312197562e7 4.019414650197375e7 1.369992722934365e7 3.63392843151708e7 3.41910549849373e7 3.0854482930551108e7 5.700186627903133e6 5.661352577540466e7 624829.6179239948 2.049910669794007e7 3.1877591797627512e7 1.2433335759217199e7 9.634716687661052e6 1.6319425594623446e7 1.206793785928519e7 6.145198327466319e6 4.762435111491871e7 4.845904654843538e7 4.45015211880813e7 8.308234205653304e6 4.49535388381406e7 1.3391135780293878e7 3.788810332441341e7 4.547702504615261e7 1.1270385438404495e7 9.693580032183673e6 2.611940335884661e7 2.048367455899306e7 2.700648937422935e7 4.478773208549651e7 3.322126410896698e7 1.3627960628181953e7 3.5694449920505404e7 5.0086480312823094e7 4.879173630764746e7 5.860577523369805e6 1.0866612829626493e7 1.6402851444950858e7 4.587923668523473e6 4.248183593080472e7 4.632752564734558e6 3.922951691728835e7 4.618965232671988e7 6.665822573197621e7 2.2720045609636046e7 6.0265298000547655e7 5.6702660948117025e7 5.1169268836871244e7 9.453225407796657e6 9.38882277406902e7 1.0362213740141704e6 3.3995847666725695e7 5.2865999026343405e7 2.0619522337628298e7 1.5978274841542203e7 2.7064238198195897e7 2.0013544158829007e7 1.0191235613372153e7 7.89805238631266e7 8.036478802761315e7 7.380160304251716e7 1.377842793819167e7 7.455123196052417e7 2.220794392553005e7 6.283386920110792e7 7.541938478520294e7 1.869087820045273e7 1.6075894182864333e7 4.331658305004782e7 3.39702549102927e7 4.478773208549651e7 7.4276256997563e7 5.509435365093219e7 2.2600695744969457e7 5.9195900578780346e7 8.306373443328117e7 8.091652281982192e7 9.719218679101627e6 1.8021259162790336e7 2.7202592153857913e7 7.608641510088951e6 7.045214429034597e7 7.682986033931673e6 2.9098462496127453e7 3.426113731586397e7 4.944368511113396e7 1.6852575484837197e7 4.470173612854411e7 4.205915297168191e7 3.7954763841299966e7 7.011922312889497e6 6.964151711326224e7 768616.3674411419 2.5216392555635314e7 3.92133120892557e7 1.5294514043967806e7 1.1851872461486602e7 2.0074876829528376e7 1.4845030219162105e7 7.559340786942486e6 5.85837397998361e7 5.961051662607057e7 5.4742279463053174e7 1.0220137797271108e7 5.52983161076703e7 1.6472724474166324e7 4.6606971742475346e7 5.594226776435484e7 1.3863943812570255e7 1.1924281529086078e7 3.2130040499854624e7 2.5197409149216924e7 3.322126410896698e7 5.509435365093219e7 4.086619233268009e7 1.6764047819094054e7 4.390851145447125e7 6.1612457943114385e7 6.001976546267351e7 7.209222607094215e6 1.3367254432091925e7 2.0177500764421847e7 5.643703696239797e6 5.2257821138270006e7 5.698848686768001e6 1.1936713182771929e7 1.4054535338747175e7 2.028268977955253e7 6.913229864989841e6 1.833745693640677e7 1.725342175037981e7 1.556972743675839e7 2.8764167701293407e6 2.8568204093420602e7 315300.2715160626 1.0344218203310998e7 1.6086006586027084e7 6.274085011777429e6 4.86185145591065e6 8.23507588847503e6 6.089698654672995e6 3.100977683496871e6 2.403210476353689e7 2.4453307102976948e7 2.2456268574622277e7 4.192484520124295e6 2.2684364816710286e7 6.757408141860393e6 1.9119018885672174e7 2.294852537950418e7 5.687239347946332e6 4.891554959038416e6 1.3180321058153916e7 1.0336430868235186e7 1.3627960628181953e7 2.2600695744969457e7 1.6764047819094054e7 6.876914222716412e6 1.801206189448091e7 2.5274539472675964e7 2.4621188343560107e7 2.957352902858404e6 5.48348842205162e6 8.277174074132565e6 2.3151488611994456e6 2.143709904147483e7 2.3377703291031e6 3.126472276686714e7 3.6811737389925964e7 5.312456312004825e7 1.810718007905941e7 4.8029595633878484e7 4.519028308261622e7 4.078033914465688e7 7.533930949254636e6 7.482604023837839e7 825836.6793545149 2.709364876365381e7 4.213258110817296e7 1.6433127403286254e7 1.2734195383208292e7 2.1569368441296093e7 1.5950181365411865e7 8.122102466255091e6 6.294505710505886e7 6.404827322240309e7 5.881761592271399e7 1.0980984817097664e7 5.941504719745873e7 1.769905073054419e7 5.007666816504915e7 6.010693839357214e7 1.4896057130617047e7 1.281199500662847e7 3.452198922365249e7 2.7073252121084787e7 3.5694449920505404e7 5.9195900578780346e7 4.390851145447125e7 1.801206189448091e7 4.71773186611681e7 6.619925079660452e7 6.448798894349167e7 7.745919434933312e6 1.436239127854776e7 2.1679632304004177e7 6.063854111355992e6 5.614819994375914e7 6.123104418518278e6 4.387068367312132e7 5.165425897212522e7 7.454442891725475e7 2.5408009384381916e7 6.739516651767041e7 6.341104090381543e7 5.722300408797518e7 1.057161785679279e7 1.0499595874520154e8 1.1588146805516435e6 3.801782933832857e7 5.912047107891241e7 2.305897734790352e7 1.7868633016650055e7 3.026615482801949e7 2.2381307086223546e7 1.139694059386859e7 8.832455383129255e7 8.987258755825043e7 8.253292510519496e7 1.5408526565946976e7 8.337124114164904e7 2.483532196028606e7 7.02676203097794e7 8.43421034143533e7 2.090215912762201e7 1.7977801509663906e7 4.8441282537223056e7 3.798920875337051e7 5.0086480312823094e7 8.306373443328117e7 6.1612457943114385e7 2.5274539472675964e7 6.619925079660452e7 9.289084098878372e7 9.048959700528185e7 1.086908026728341e7 2.015331878261535e7 3.042087716723592e7 8.508804877079414e6 7.878719849575225e7 8.591944954873629e6 4.273661906458886e7 5.031898762288596e7 7.261744279531024e7 2.475120803542683e7 6.565299004047388e7 6.177185474900107e7 5.57437797336522e7 1.029833974342562e7 1.022817954160164e8 1.1288591246534658e6 3.70350620063428e7 5.75921968812746e7 2.246289887522563e7 1.740672582463944e7 2.9483769595945932e7 2.180274650466749e7 1.1102327747865189e7 8.604134914474562e7 8.75493659374875e7 8.039943500283287e7 1.501021354264712e7 8.12160804276596e7 2.4193324678307857e7 6.845119041520858e7 8.216184574606432e7 2.036183477149457e7 1.7513072293606065e7 4.718906717338901e7 3.700718126835676e7 4.879173630764746e7 8.091652281982192e7 6.001976546267351e7 2.4621188343560107e7 6.448798894349167e7 9.048959700528185e7 8.815042558573708e7 1.058811270018856e7 1.9632352076326262e7 2.9634492336469937e7 8.28885082886119e6 7.675053606110236e7 8.369841721553127e6 5.133272313481709e6 6.044022004094727e6 8.722381805955198e6 2.9729701065370142e6 7.885852541650914e6 7.419673307713756e6 6.695616251793746e6 1.2369762381029765e6 1.2285490056869768e7 135591.9447358974 4.448434681693433e6 6.917637290784099e6 2.6981118160626413e6 2.0907939303515498e6 3.541417675909433e6 2.6188181807532143e6 1.3335465671063932e6 1.0334782793927241e7 1.0515916936493551e7 9.657109119836377e6 1.8029389147856757e6 9.755199784024363e6 2.90596042598828e6 8.221955977664214e6 9.868799573391905e6 2.4457443048135e6 2.103567645182802e6 5.66807429605257e6 4.445085810783293e6 5.860577523369805e6 9.719218679101627e6 7.209222607094215e6 2.957352902858404e6 7.745919434933312e6 1.086908026728341e7 1.058811270018856e7 1.271782068061094e6 2.3581231170772365e6 3.559521608505848e6 995608.2020916973 9.218824755694943e6 1.0053363536441482e6 9.518052198304992e6 1.12067533942416e7 1.6172936141452795e7 5.5124456545394e6 1.4621853573293183e7 1.3757469607002066e7 1.2414931663963668e7 2.293586562981591e6 2.277960889312951e7 251412.96406124436 8.248234442951342e6 1.282660042205431e7 5.002806695974674e6 3.876725127696893e6 6.566454346631662e6 4.855781384676395e6 2.4726461133288383e6 1.916263079057754e7 1.9498487553779725e7 1.790609636000121e7 3.342987796734693e6 1.808797489768479e7 5.38819710540642e6 1.5245052549042525e7 1.8298610269994378e7 4.534869871560145e6 3.900409997134037e6 1.0509675645301498e7 8.242025006517513e6 1.0866612829626493e7 1.8021259162790336e7 1.3367254432091925e7 5.48348842205162e6 1.436239127854776e7 2.015331878261535e7 1.9632352076326262e7 2.3581231170772365e6 4.372403712038292e6 6.600022442170782e6 1.8460448341463439e6 1.7093434728035375e7 1.8640826565361808e6 1.4367236479469841e7 1.691628421735737e7 2.441259968641445e7 8.3208842154802885e6 2.207128345998095e7 2.0766519775770627e7 1.8739995891637206e7 3.4621054654816105e6 3.438518943358065e7 379500.9139911638 1.24504817068658e7 1.936139849329043e7 7.551598306525714e6 5.851809331897029e6 9.911881177380014e6 7.329667666529201e6 3.7323909031055574e6 2.892546105032146e7 2.943242754300517e7 2.7028757088989854e7 5.046147596482235e6 2.7303297710011613e7 8.133334467860451e6 2.3011985073274124e7 2.7621245977352694e7 6.845260615394651e6 5.887560987078055e6 1.5864064639765386e7 1.244110873435101e7 1.6402851444950858e7 2.7202592153857913e7 2.0177500764421847e7 8.277174074132565e6 2.1679632304004177e7 3.042087716723592e7 2.9634492336469937e7 3.559521608505848e6 6.600022442170782e6 9.962551288945682e6 2.786553606903672e6 2.58020668375617e7 2.813781200790541e6 4.0185564392051967e6 4.731532258568014e6 6.82827277241278e6 2.327374710632805e6 6.173400040875674e6 5.808453969839892e6 5.24162954153564e6 968360.6329859768 9.617634164305542e6 106147.47267386274 3.4824347400299986e6 5.415437596395789e6 2.112203278921721e6 1.6367675234759978e6 2.772381034231229e6 2.0501286549194423e6 1.0439602298422809e6 8.090532784564961e6 8.232332737990002e6 7.560019353678885e6 1.4114216708272481e6 7.636809137295719e6 2.274916518895933e6 6.436516927054296e6 7.725740161635954e6 1.914638640725357e6 1.6467673619519118e6 4.437223484223536e6 3.479813093263926e6 4.587923668523473e6 7.608641510088951e6 5.643703696239797e6 2.3151488611994456e6 6.063854111355992e6 8.508804877079414e6 8.28885082886119e6 995608.2020916973 1.8460448341463439e6 2.786553606903672e6 779406.8787142584 7.216910641308839e6 787022.513279367 3.7209785441773765e7 4.381157831566218e7 6.322632732505251e7 2.1550304178976573e7 5.716253944479978e7 5.37833247425806e7 4.853481929555275e7 8.966526146586869e6 8.905439282123484e7 982871.5219344202 3.2245571625497524e7 5.014419333999875e7 1.9557926336760115e7 1.515563344399638e7 2.5670836034591105e7 1.8983146941361003e7 9.666539900546748e6 7.491421200067572e7 7.62272073318158e7 7.00019278917198e7 1.3069045647082927e7 7.071296216876177e7 2.106456804742718e7 5.9598867770388894e7 7.153641814975373e7 1.7728578433008306e7 1.524822685403562e7 4.108642899583444e7 3.2221296511997066e7 4.248183593080472e7 7.045214429034597e7 5.2257821138270006e7 2.143709904147483e7 5.614819994375914e7 7.878719849575225e7 7.675053606110236e7 9.218824755694943e6 1.7093434728035375e7 2.58020668375617e7 7.216910641308839e6 6.6824916006074175e7 7.287427537726174e6 4.0578220117271333e6 4.777764363516484e6 6.894992263304829e6 2.350115638094843e6 6.233720728336236e6 5.8652087458505e6 5.292845839728779e6 977822.5467943639 9.711608684131542e6 107184.6464324874 3.5164618330685636e6 5.468352184232549e6 2.1328417525338964e6 1.6527604838504223e6 2.799470147002177e6 2.0701605934020483e6 1.0541608321568265e6 8.16958589893562e6 8.31277138879372e6 7.633888787315067e6 1.4252127624327354e6 7.711428888829177e6 2.297144874004397e6 6.499408546473211e6 7.801228863907944e6 1.933346697595543e6 1.6628580313889869e6 4.480579879275258e6 3.5138145700239143e6 4.632752564734558e6 7.682986033931673e6 5.698848686768001e6 2.3377703291031e6 6.123104418518278e6 8.591944954873629e6 8.369841721553127e6 1.0053363536441482e6 1.8640826565361808e6 2.813781200790541e6 787022.513279367 7.287427537726174e6 794712.560697907
