3.2912932722714264e6 1.081460771914017e7 6.177919456261406e6 1.8740810430013419e6 1.420585296258968e7 5.014287220947361e6 1.1008023546033021e7 3.682939356187283e6 1.1795239772615058e7 1.2682272491484871e7 695029.90781941 1.1138624010823106e7 517827.28216933267 153536.4137946899 7.79236728055116e6 1.3670439000731656e7 4.332489605152426e6 5.726415681523695e6 1.2346180148760218e7 2.344528604557583e6 6.93242582146907e6 1.1144611830407938e7 6.350326331392309e6 3.913469022402053e6 1.139543716846052e7 7.862681326093853e6 913111.150025139 6.465325088102061e6 3.5044797289523766e6 7.803686141205205e6 703172.6729194836 4.41638835227754e6 6.1197428006595075e6 7.765354354643195e6 1.0265259510810485e7 1.10020222859162e7 2.2109792886095047e6 9.826559425002482e6 7.044313740610843e6 5.285844116324757e6 1.4389447201265685e7 1.2197277371156119e7 1.081460771914017e7 3.5534888702935696e7 2.029955094029099e7 6.157898928268205e6 4.6677920925644875e7 1.647606117099953e7 3.617041890990377e7 1.2101487499186143e7 3.8757072233188786e7 4.167170490036493e7 2.2837453804138554e6 3.659954894414937e7 1.7014888858764728e6 504493.50709097786 2.5604341020776156e7 4.491864532002583e7 1.4235794762415813e7 1.8815989372369826e7 4.0567364890741445e7 7.703706429993997e6 2.2778725442927744e7 3.661922386052601e7 2.086604944661727e7 1.2858967219617283e7 3.744339156989193e7 2.583538054134893e7 3.000321780708352e6 2.124391502683842e7 1.151510071970673e7 2.5641532795460105e7 2.3105010667114877e6 1.4511471210312314e7 2.0108392736904316e7 2.551558132272615e7 3.372982762729415e7 3.61506998303156e7 7.264886992265425e6 3.228833671722024e7 2.3146369360965487e7 1.736834911193631e7 4.7281179130406715e7 4.007809669284324e7 6.177919456261406e6 2.029955094029099e7 1.159625887173317e7 3.517742352439582e6 2.6665085165687386e7 9.412063896753516e6 2.0662601966517404e7 6.913058431015407e6 2.214024556742614e7 2.3805249636925038e7 1.3046053435517123e6 2.0907745466557622e7 971987.2940064947 288195.4051369607 1.4626656894549059e7 2.566008680835963e7 8.132296216571899e6 1.0748764065351922e7 2.3174387768518474e7 4.400795579016152e6 1.3012504452994486e7 2.0918984898614734e7 1.1919875061526358e7 7.345773960242856e6 2.1389796402753036e7 1.4758639818607014e7 1.7139545682528655e6 1.2135733387646517e7 6.578080927630906e6 1.4647902953065466e7 1.3198897143986756e6 8.289778294084392e6 1.148705842594757e7 1.4575952303152317e7 1.9268397316548396e7 2.065133730592026e7 4.1501169402217916e6 1.8444935664434247e7 1.322252358389664e7 9.921789554314308e6 2.700970058745174e7 2.2894889926560175e7 1.8740810430013419e6 6.157898928268205e6 3.517742352439582e6 1.0671123674473194e6 8.08889319014724e6 2.8551635626368946e6 6.268030996306665e6 2.0970865428806883e6 6.716276377357831e6 7.221357834838708e6 395753.96867153083 6.342395641150772e6 294853.7893108244 87424.5041993659 4.437018093652435e6 7.784025445747216e6 2.466944136039584e6 3.260653544156164e6 7.029984950050627e6 1.3349878753112236e6 3.94736255303741e6 6.345805139559008e6 3.6159118042742223e6 2.228351441375853e6 6.488626508626595e6 4.477055309697103e6 519930.6639831226 3.681392748112975e6 1.9954706196933843e6 4.443463117059747e6 400390.5052695379 2.5147165581580866e6 3.484616235017207e6 4.421636780541683e6 5.845096944953329e6 6.264613844783339e6 1.258944137904814e6 5.595298629712814e6 4.0110721683339374e6 3.0097895979436347e6 8.193432790190087e6 6.945198864559831e6 1.420585296258968e7 4.6677920925644875e7 2.6665085165687386e7 8.08889319014724e6 6.1315185764483705e7 2.1642625278363906e7 4.751274072752212e7 1.5896272570090367e7 5.09105169326402e7 5.473912026113494e7 2.9998823739796313e6 4.8076437379924476e7 2.2350418580104965e6 662692.6069293828 3.363335159179203e7 5.9004236424188815e7 1.8699856014431745e7 2.471630828517815e7 5.328848125463167e7 1.0119435087577302e7 2.992167933606375e7 4.8102281957588e7 2.7409226302693665e7 1.689128282011947e7 4.91848922195437e7 3.393684049708031e7 3.9411628386449525e6 2.7905582990948286e7 1.5126006594215162e7 3.368220596508962e7 3.03502810975927e6 1.9061979097004186e7 2.6413983563074674e7 3.351675862307337e7 4.430682870528864e7 4.748683813794492e7 9.543010628050627e6 4.241331500167298e7 3.040460905278304e7 2.281471691760161e7 6.2107613708047055e7 5.264578831013292e7 5.014287220947361e6 1.647606117099953e7 9.412063896753516e6 2.8551635626368946e6 2.1642625278363906e7 7.639269507212271e6 1.6770730296139045e7 5.610960258339151e6 1.7970054676718637e7 1.9321449541546803e7 1.05887847014919e6 1.6969700180458944e7 788910.1665642929 233912.81601274133 1.1871676099173738e7 2.0826921795031145e7 6.6005504416841045e6 8.724197632464536e6 1.8809412661278326e7 3.571890697198597e6 1.0561554784441337e7 1.6978822627090644e7 9.67472587162388e6 5.962172339343475e6 1.736095517598346e7 1.1978799588589957e7 1.3911253699114341e6 9.849926544578979e6 5.33907691210624e6 1.1888920389985323e7 1.0712839775308818e6 6.728370231888523e6 9.3234317279949e6 1.1830521890789498e7 1.5639128855035832e7 1.6761587372849017e7 3.3684282364186854e6 1.4970769018302884e7 1.073201609454628e7 8.052986595787393e6 2.1922331208123647e7 1.8582559192705918e7 1.1008023546033021e7 3.617041890990377e7 2.0662601966517404e7 6.268030996306665e6 4.751274072752212e7 1.6770730296139045e7 3.681731537292925e7 1.2317918762536181e7 3.945023016999134e7 4.241699011742131e7 2.3245894417646625e6 3.725412026164704e7 1.731919474609557e6 513516.21335737157 2.6062266534044217e7 4.57220010360268e7 1.4490397433817053e7 1.9152507370782565e7 4.1292899337203145e7 7.841484774617627e6 2.318611571833381e7 3.727414705765897e7 2.1239232118843265e7 1.3088945767370664e7 3.811305474494598e7 2.6297438123118874e7 3.0539815835630856e6 2.162385570504585e7 1.1721044641603662e7 2.6100123471815065e7 2.3518236450204444e6 1.4771004267494487e7 2.0468024959329836e7 2.5971919396963686e7 3.433307488978525e7 3.679724362386076e7 7.394817190510642e6 3.286580337226156e7 2.3560334831168823e7 1.767897652371967e7 4.812678801382387e7 4.0794880732861504e7 3.682939356187283e6 1.2101487499186143e7 6.913058431015407e6 2.0970865428806883e6 1.5896272570090367e7 5.610960258339151e6 1.2317918762536181e7 4.121189204142912e6 1.3198809458948461e7 1.4191394269932766e7 777734.7047134324 1.246405997570732e7 579445.9257934082 171806.41595699365 8.719616807529878e6 1.5297147244920483e7 4.84803241677586e6 6.407828151034601e6 1.381530875766252e7 2.6235148177703572e6 7.757346969605402e6 1.24707603134112e7 7.105980791063456e6 4.37915065280019e6 1.2751432508996284e7 8.798297843888333e6 1.0217664342868321e6 7.234663777343392e6 3.9214938472535037e6 8.732282551333744e6 786846.4147843351 4.941914660672235e6 6.847959068302063e6 8.689389489657484e6 1.1486769827639334e7 1.2311203384949757e7 2.4740738561152983e6 1.0995866806265617e7 7.8825489454854615e6 5.914830954352584e6 1.610171352938916e7 1.3648687355521327e7 1.1795239772615058e7 3.8757072233188786e7 2.214024556742614e7 6.716276377357831e6 5.09105169326402e7 1.7970054676718637e7 3.945023016999134e7 1.3198809458948461e7 4.227143246869145e7 4.545035416897598e7 2.4908276879898794e6 3.991827226444465e7 1.8557741436920383e6 550239.2721405776 2.792605607185813e7 4.899171616489132e7 1.5526648486680605e7 2.0522159653861616e7 4.424587634210602e7 8.402252475491554e6 2.4844223229509953e7 3.9939731235698685e7 2.2758112242434673e7 1.4024974878667364e7 4.0838631685653314e7 2.8178045474791605e7 3.2723808128352603e6 2.3170241395546585e7 1.2559251109438477e7 2.7966620270889577e7 2.520009489434503e6 1.5827322342547528e7 2.193175378464445e7 2.7829247944570087e7 3.6788334323840074e7 3.9428723030955106e7 7.923642375216537e6 3.52161338930954e7 2.5245203854680847e7 1.8943252270463537e7 5.156847655121886e7 4.371224295870454e7 1.2682272491484871e7 4.167170490036493e7 2.3805249636925038e7 7.221357834838708e6 5.473912026113494e7 1.9321449541546803e7 4.241699011742131e7 1.4191394269932766e7 4.545035416897598e7 4.8868339051801674e7 2.678144410575166e6 4.292023019509429e7 1.9953331875115004e6 591618.6969767709 3.002616814437764e7 5.267602068345958e7 1.6694292848947156e7 2.206547945284603e7 4.757328135863113e7 9.034123721998101e6 2.67125734542036e7 4.294330293681696e7 2.4469581493413337e7 1.5079689478669684e7 4.3909803039299875e7 3.0297107806018822e7 3.5184723637951547e6 2.4912703831085946e7 1.350373946858474e7 3.0069782876713138e7 2.7095207594114454e6 1.7017578161045935e7 2.3581078729639903e7 2.992207979404942e7 3.955491277811874e7 4.23938655855739e7 8.519520896970583e6 3.786447878454903e7 2.714370886562863e7 2.0367834126333747e7 5.544656015486064e7 4.699951735643059e7 695029.90781941 2.2837453804138554e6 1.3046053435517123e6 395753.96867153083 2.9998823739796313e6 1.05887847014919e6 2.3245894417646625e6 777734.7047134324 2.4908276879898794e6 2.678144410575166e6 146771.0510130499 2.3521686398169775e6 109350.76835135528 32422.634721031853 1.645531973198716e6 2.8868177863628045e6 914901.7124261037 1.2092602615501022e6 2.607171023927821e6 495099.4533468131 1.4639361737385748e6 2.3534331013370575e6 1.3410128966370584e6 826416.1801713499 2.406400460111849e6 1.6603803505838832e6 192823.7643778437 1.3652974464062029e6 740048.9781598205 1.6479222028216058e6 148490.5772930625 932618.8022314399 1.292320046486002e6 1.6398275920176404e6 2.167738266185278e6 2.3233221419767844e6 466897.5396690691 2.0750969683804566e6 1.4875638008425985e6 1.1162237591734102e6 3.0386523881434244e6 2.575726884730584e6 1.1138624010823106e7 3.659954894414937e7 2.0907745466557622e7 6.342395641150772e6 4.8076437379924476e7 1.6969700180458944e7 3.725412026164704e7 1.246405997570732e7 3.991827226444465e7 4.292023019509429e7 2.3521686398169775e6 3.7696107454095416e7 1.7524671676097705e6 519608.62911768176 2.6371472279162362e7 4.626445214557132e7 1.4662313185262876e7 1.9379734933846883e7 4.178280307182155e7 7.934517057109291e6 2.3461198477452938e7 3.7716371850332e7 2.149121682571692e7 1.3244234534121789e7 3.856523243546824e7 2.660943397117513e7 3.0902143743638857e6 2.1880403630640578e7 1.1860104471155936e7 2.6409778356022324e7 2.3797259528107173e6 1.4946249170876466e7 2.071085997524755e7 2.6280053253195893e7 3.47404064620269e7 3.723381037902564e7 7.482550157112665e6 3.3255727065481104e7 2.383985736913337e7 1.788872194635213e7 4.869776979426567e7 4.127887591714577e7 517827.28216933267 1.7014888858764728e6 971987.2940064947 294853.7893108244 2.2350418580104965e6 788910.1665642929 1.731919474609557e6 579445.9257934082 1.8557741436920383e6 1.9953331875115004e6 109350.76835135528 1.7524671676097705e6 81471.04252846546 24156.262384500646 1.225992349131589e6 2.150803859822898e6 681641.2673291395 900951.0923615801 1.9424549509054618e6 368870.4636243033 1.0906956399830019e6 1.7534092460224896e6 999112.4925807106 615715.7263368928 1.7928722146364457e6 1.23705503121114e6 143662.0276654088 1.0172055303970478e6 551368.4328132011 1.2277731733744838e6 110631.88965301446 694841.263989184 962834.2173998507 1.2217423389230762e6 1.6150585783494767e6 1.730975281564815e6 347858.82060373446 1.5460368126395394e6 1.1082992420578727e6 831634.8821866638 2.2639271920633726e6 1.919027709922776e6 153536.4137946899 504493.50709097786 288195.4051369607 87424.5041993659 662692.6069293828 233912.81601274133 513516.21335737157 171806.41595699365 550239.2721405776 591618.6969767709 32422.634721031853 519608.62911768176 24156.262384500646 7162.360935604339 363508.2103762887 637715.9388542966 202107.4579959273 267133.0856615065 575940.2360384703 109370.5374162579 323392.5729114701 519887.9565034392 296238.0592341082 182560.45556874652 531588.7742998602 366788.3089572854 42595.96449575923 301602.6667714602 163481.40541976035 364036.2269124342 32802.488732332116 206021.2729281857 285481.506882151 362248.0772228707 478866.8166522772 513236.25898066844 103140.55991527057 458401.7798614662 328612.0621610933 246580.74573165423 671257.1433191244 568994.0308278895 7.79236728055116e6 2.5604341020776156e7 1.4626656894549059e7 4.437018093652435e6 3.363335159179203e7 1.1871676099173738e7 2.6062266534044217e7 8.719616807529878e6 2.792605607185813e7 3.002616814437764e7 1.645531973198716e6 2.6371472279162362e7 1.225992349131589e6 363508.2103762887 1.844897516321868e7 3.2365721547066968e7 1.0257472503876472e7 1.3557690093276013e7 2.9230445989577394e7 5.550835636674354e6 1.641300354519385e7 2.638564886130039e7 1.503484224346054e7 9.265411934127215e6 2.69794954120896e7 1.8615448589475203e7 2.1618545843080827e6 1.5307109852256974e7 8.297101144194617e6 1.8475773358370956e7 1.6648105397347324e6 1.0456108662338821e7 1.4488919588845132e7 1.8385020169669315e7 2.4303720671844635e7 2.6048058130505588e7 5.234648279959222e6 2.3265067500635117e7 1.6677906028225264e7 1.251460606356628e7 3.4068023807242855e7 2.8877908237332482e7 1.3670439000731656e7 4.491864532002583e7 2.566008680835963e7 7.784025445747216e6 5.9004236424188815e7 2.0826921795031145e7 4.57220010360268e7 1.5297147244920483e7 4.899171616489132e7 5.267602068345958e7 2.8868177863628045e6 4.626445214557132e7 2.150803859822898e6 637715.9388542966 3.2365721547066968e7 5.6780386010315225e7 1.799506454423788e7 2.3784758692463018e7 5.128005578767272e7 9.738036881762201e6 2.879394100729488e7 4.628932264953749e7 2.637618150877422e7 1.6254655883363124e7 4.733112968404685e7 3.2657772054563276e7 3.7926216975164698e6 2.6853830675442286e7 1.4555912342287684e7 3.241273461497936e7 2.920638890831268e6 1.8343539326012686e7 2.541844914319846e7 3.2253522929287378e7 4.263691879161184e7 4.569707470659705e7 9.18333767198996e6 4.081477100150769e7 2.925866926060267e7 2.195483768291639e7 5.9766798017180495e7 5.066158573049925e7 4.332489605152426e6 1.4235794762415813e7 8.132296216571899e6 2.466944136039584e6 1.8699856014431745e7 6.6005504416841045e6 1.4490397433817053e7 4.84803241677586e6 1.5526648486680605e7 1.6694292848947156e7 914901.7124261037 1.4662313185262876e7 681641.2673291395 202107.4579959273 1.0257472503876472e7 1.799506454423788e7 5.703067039601647e6 7.537959811725112e6 1.6251878132065674e7 3.086217169950989e6 9.125489686088393e6 1.4670195243761694e7 8.359243781729457e6 5.151489842150009e6 1.5000368850281931e7 1.0350030305995302e7 1.2019726710960944e6 8.51062224509763e6 4.613117319282583e6 1.0272372071331905e7 925620.4306425817 5.813507045925973e6 8.055715451867267e6 1.0221914074098429e7 1.351266096505751e7 1.4482497682891484e7 2.910419702130397e6 1.2935178679429727e7 9.272773202482333e6 6.958014006642594e6 1.894153005099693e7 1.6055870155024217e7 5.726415681523695e6 1.8815989372369826e7 1.0748764065351922e7 3.260653544156164e6 2.471630828517815e7 8.724197632464536e6 1.9152507370782565e7 6.407828151034601e6 2.0522159653861616e7 2.206547945284603e7 1.2092602615501022e6 1.9379734933846883e7 900951.0923615801 267133.0856615065 1.3557690093276013e7 2.3784758692463018e7 7.537959811725112e6 9.963207117963627e6 2.148072315718774e7 4.0791701790991947e6 1.206150550894647e7 1.939015294923846e7 1.1048729261911497e7 6.808919329019367e6 1.9826555916196346e7 1.3680027247615702e7 1.588692825561999e6 1.124881191310714e7 6.097331965074372e6 1.3577383416168984e7 1.2234275975796399e6 7.68393255297095e6 1.0647544366778115e7 1.3510691169228002e7 1.786019603079834e7 1.9142065970640134e7 3.8468120044130306e6 1.7096915811432473e7 1.2256175713557048e7 9.196670771584656e6 2.503573801702521e7 2.1221651986630496e7 1.2346180148760218e7 4.0567364890741445e7 2.3174387768518474e7 7.029984950050627e6 5.328848125463167e7 1.8809412661278326e7 4.1292899337203145e7 1.381530875766252e7 4.424587634210602e7 4.757328135863113e7 2.607171023927821e6 4.178280307182155e7 1.9424549509054618e6 575940.2360384703 2.9230445989577394e7 5.128005578767272e7 1.6251878132065674e7 2.148072315718774e7 4.6312543932144135e7 8.794710808560912e6 2.6004664725822654e7 4.180526436383567e7 2.3821114195842266e7 1.4680063294336453e7 4.274615128982319e7 2.949420549122129e7 3.425229483203065e6 2.425249336803077e7 1.3145877465809824e7 2.9272904889819093e7 2.6377158695304636e6 1.6566596074398134e7 2.2956157604538668e7 2.9129116080020387e7 3.8506669782962054e7 4.1270387627552085e7 8.293745450253365e6 3.686103390593666e7 2.642437463676623e7 1.9828067054435328e7 5.397717331500346e7 4.5753985224404834e7 2.344528604557583e6 7.703706429993997e6 4.400795579016152e6 1.3349878753112236e6 1.0119435087577302e7 3.571890697198597e6 7.841484774617627e6 2.6235148177703572e6 8.402252475491554e6 9.034123721998101e6 495099.4533468131 7.934517057109291e6 368870.4636243033 109370.5374162579 5.550835636674354e6 9.738036881762201e6 3.086217169950989e6 4.0791701790991947e6 8.794710808560912e6 1.6701077427218151e6 4.9382626502289595e6 7.938782436440219e6 4.523608351056921e6 2.7877309334210404e6 8.117456024955247e6 5.600923330914752e6 650448.0255255298 4.605526871313398e6 2.49639041219523e6 5.558898543981333e6 500899.89229832 3.1459818266525236e6 4.359353865412181e6 5.5315931771774795e6 7.31238226598155e6 7.8372098210223885e6 1.574974867752189e6 6.999877479895169e6 5.017965188177293e6 3.7653322584052556e6 1.025021709592468e7 8.68864100787434e6 6.93242582146907e6 2.2778725442927744e7 1.3012504452994486e7 3.94736255303741e6 2.992167933606375e7 1.0561554784441337e7 2.318611571833381e7 7.757346969605402e6 2.4844223229509953e7 2.67125734542036e7 1.4639361737385748e6 2.3461198477452938e7 1.0906956399830019e6 323392.5729114701 1.641300354519385e7 2.879394100729488e7 9.125489686088393e6 1.206150550894647e7 2.6004664725822654e7 4.9382626502289595e6 1.4601715433582252e7 2.3473810576002132e7 1.3375643734147461e7 8.24290984063421e6 2.4002122065240648e7 1.6561105481000898e7 1.9232790245814237e6 1.3617864734982593e7 7.381458823035222e6 1.643684437473304e7 1.4810872175284072e6 9.302204974834947e6 1.2889967408696704e7 1.6356106426163014e7 2.1621637517495245e7 2.3173475310094982e7 4.656968748491952e6 2.0697606885415707e7 1.4837384101064308e7 1.1133532994153725e7 3.0308382475402087e7 2.5691031945344623e7 1.1144611830407938e7 3.661922386052601e7 2.0918984898614734e7 6.345805139559008e6 4.8102281957588e7 1.6978822627090644e7 3.727414705765897e7 1.24707603134112e7 3.9939731235698685e7 4.294330293681696e7 2.3534331013370575e6 3.7716371850332e7 1.7534092460224896e6 519887.9565034392 2.638564886130039e7 4.628932264953749e7 1.4670195243761694e7 1.939015294923846e7 4.180526436383567e7 7.938782436440219e6 2.3473810576002132e7 3.773664714015368e7 2.150276991601657e7 1.3251354272327555e7 3.8585964049520954e7 2.6623738475009635e7 3.0918755890825232e6 2.189216593712083e7 1.186648013890103e7 2.6423975530459456e7 2.381005228388466e6 1.495428386559443e7 2.0721993567050096e7 2.6294180690966215e7 3.4759081954259716e7 3.725382625700023e7 7.486572571401155e6 3.327360443468192e7 2.3852673024344984e7 1.789833843394646e7 4.872394838323936e7 4.130106631170585e7 6.350326331392309e6 2.086604944661727e7 1.1919875061526358e7 3.6159118042742223e6 2.7409226302693665e7 9.67472587162388e6 2.1239232118843265e7 7.105980791063456e6 2.2758112242434673e7 2.4469581493413337e7 1.3410128966370584e6 2.149121682571692e7 999112.4925807106 296238.0592341082 1.503484224346054e7 2.637618150877422e7 8.359243781729457e6 1.1048729261911497e7 2.3821114195842266e7 4.523608351056921e6 1.3375643734147461e7 2.150276991601657e7 1.225252239140142e7 7.550772089931946e6 2.198672033217515e7 1.5170508408076836e7 1.7617858087410077e6 1.2474404664538182e7 6.761655088012943e6 1.505668121462069e7 1.3567238076218015e6 8.521120703342019e6 1.180762716461193e7 1.4982722641683783e7 1.9806119472631197e7 2.1227653095952034e7 4.265934036601429e6 1.895967751926252e7 1.3591523857950687e7 1.019867641644911e7 2.7763458889008146e7 2.3533816422227524e7 3.913469022402053e6 1.2858967219617283e7 7.345773960242856e6 2.228351441375853e6 1.689128282011947e7 5.962172339343475e6 1.3088945767370664e7 4.37915065280019e6 1.4024974878667364e7 1.5079689478669684e7 826416.1801713499 1.3244234534121789e7 615715.7263368928 182560.45556874652 9.265411934127215e6 1.6254655883363124e7 5.151489842150009e6 6.808919329019367e6 1.4680063294336453e7 2.7877309334210404e6 8.24290984063421e6 1.3251354272327555e7 7.550772089931946e6 4.653258923575334e6 1.3549594845044695e7 9.349017926151497e6 1.0857228159334324e6 7.687509850674785e6 4.1669555777465357e6 9.278870476673903e6 836098.228029043 5.251248545106881e6 7.276599772259341e6 9.233292569488432e6 1.2205771950170327e7 1.3081810047876924e7 2.6289358739442835e6 1.1684141377046134e7 8.375948700838898e6 6.285063497914007e6 1.7109583137445547e7 1.4503012403000627e7 1.139543716846052e7 3.744339156989193e7 2.1389796402753036e7 6.488626508626595e6 4.91848922195437e7 1.736095517598346e7 3.811305474494598e7 1.2751432508996284e7 4.0838631685653314e7 4.3909803039299875e7 2.406400460111849e6 3.856523243546824e7 1.7928722146364457e6 531588.7742998602 2.69794954120896e7 4.733112968404685e7 1.5000368850281931e7 1.9826555916196346e7 4.274615128982319e7 8.117456024955247e6 2.4002122065240648e7 3.8585964049520954e7 2.198672033217515e7 1.3549594845044695e7 3.945439604375145e7 2.7222943571143825e7 3.1614626461868496e6 2.2384880264496423e7 1.2133552149808846e7 2.701868467744264e7 2.4345931370930118e6 1.529085129055289e7 2.1188371501129158e7 2.6885968620504703e7 3.5541384524707824e7 3.80922765957701e7 7.655068533813525e6 3.402247422104678e7 2.4389511351765674e7 1.830116599372068e7 4.982055013217934e7 4.223060554350756e7 7.862681326093853e6 2.583538054134893e7 1.4758639818607014e7 4.477055309697103e6 3.393684049708031e7 1.1978799588589957e7 2.6297438123118874e7 8.798297843888333e6 2.8178045474791605e7 3.0297107806018822e7 1.6603803505838832e6 2.660943397117513e7 1.23705503121114e6 366788.3089572854 1.8615448589475203e7 3.2657772054563276e7 1.0350030305995302e7 1.3680027247615702e7 2.949420549122129e7 5.600923330914752e6 1.6561105481000898e7 2.6623738475009635e7 1.5170508408076836e7 9.349017926151497e6 2.7222943571143825e7 1.878342418056226e7 2.181361973555137e6 1.5445232810342502e7 8.371969631102484e6 1.864248859683249e7 1.6798328763233877e6 1.0550458848131277e7 1.4619659647052761e7 1.855091650116539e7 2.452302410822682e7 2.628310151074492e7 5.281882873030277e6 2.3474998700859264e7 1.682839829864895e7 1.2627531000112679e7 3.437543495603596e7 2.9138486631788485e7 913111.150025139 3.000321780708352e6 1.7139545682528655e6 519930.6639831226 3.9411628386449525e6 1.3911253699114341e6 3.0539815835630856e6 1.0217664342868321e6 3.2723808128352603e6 3.5184723637951547e6 192823.7643778437 3.0902143743638857e6 143662.0276654088 42595.96449575923 2.1618545843080827e6 3.7926216975164698e6 1.2019726710960944e6 1.588692825561999e6 3.425229483203065e6 650448.0255255298 1.9232790245814237e6 3.0918755890825232e6 1.7617858087410077e6 1.0857228159334324e6 3.1614626461868496e6 2.181361973555137e6 253326.55078920367 1.7936901813702614e6 972255.9647001873 2.164994802153713e6 195082.83064445492 1.2252488957092266e6 1.697814483335849e6 2.15436032542536e6 2.8479148291619206e6 3.0523166400063876e6 613397.1280871916 2.726205243679792e6 1.9543203503065407e6 1.4664640311982736e6 3.992097815429851e6 3.3839190391762457e6 6.465325088102061e6 2.124391502683842e7 1.2135733387646517e7 3.681392748112975e6 2.7905582990948286e7 9.849926544578979e6 2.162385570504585e7 7.234663777343392e6 2.3170241395546585e7 2.4912703831085946e7 1.3652974464062029e6 2.1880403630640578e7 1.0172055303970478e6 301602.6667714602 1.5307109852256974e7 2.6853830675442286e7 8.51062224509763e6 1.124881191310714e7 2.425249336803077e7 4.605526871313398e6 1.3617864734982593e7 2.189216593712083e7 1.2474404664538182e7 7.687509850674785e6 2.2384880264496423e7 1.5445232810342502e7 1.7936901813702614e6 1.2700305028118663e7 6.884102642334324e6 1.5329344307743471e7 1.381292868002801e6 8.675430613655433e6 1.2021452781243658e7 1.525404641088966e7 2.0164790664588355e7 2.161206699635787e7 4.343186304408494e6 1.930302040095896e7 1.383765425564831e7 1.038336536734269e7 2.8266230414057985e7 2.3959992887492474e7 3.5044797289523766e6 1.151510071970673e7 6.578080927630906e6 1.9954706196933843e6 1.5126006594215162e7 5.33907691210624e6 1.1721044641603662e7 3.9214938472535037e6 1.2559251109438477e7 1.350373946858474e7 740048.9781598205 1.1860104471155936e7 551368.4328132011 163481.40541976035 8.297101144194617e6 1.4555912342287684e7 4.613117319282583e6 6.097331965074372e6 1.3145877465809824e7 2.49639041219523e6 7.381458823035222e6 1.186648013890103e7 6.761655088012943e6 4.1669555777465357e6 1.2133552149808846e7 8.371969631102484e6 972255.9647001873 6.884102642334324e6 3.731474880742655e6 8.3091531597506665e6 748719.1733901397 4.702450427657197e6 6.516136004043348e6 8.26833851399642e6 1.093016966040339e7 1.1714654662744967e7 2.354190725981153e6 1.0463053718242818e7 7.500594041962824e6 5.6282233224626025e6 1.5321492755601345e7 1.298732983041842e7 7.803686141205205e6 2.5641532795460105e7 1.4647902953065466e7 4.443463117059747e6 3.368220596508962e7 1.1888920389985323e7 2.6100123471815065e7 8.732282551333744e6 2.7966620270889577e7 3.0069782876713138e7 1.6479222028216058e6 2.6409778356022324e7 1.2277731733744838e6 364036.2269124342 1.8475773358370956e7 3.241273461497936e7 1.0272372071331905e7 1.3577383416168984e7 2.9272904889819093e7 5.558898543981333e6 1.643684437473304e7 2.6423975530459456e7 1.505668121462069e7 9.278870476673903e6 2.701868467744264e7 1.864248859683249e7 2.164994802153713e6 1.5329344307743471e7 8.3091531597506665e6 1.850261047943955e7 1.6672287725818513e6 1.0471296760213515e7 1.45099655760207e7 1.841172546652329e7 2.4339023220833313e7 2.608589442975492e7 5.242251906985592e6 2.3298861346287627e7 1.6702131643822966e7 1.2532784247046841e7 3.4117509566877834e7 2.891985505625803e7 703172.6729194836 2.3105010667114877e6 1.3198897143986756e6 400390.5052695379 3.03502810975927e6 1.0712839775308818e6 2.3518236450204444e6 786846.4147843351 2.520009489434503e6 2.7095207594114454e6 148490.5772930625 2.3797259528107173e6 110631.88965301446 32802.488732332116 1.6648105397347324e6 2.920638890831268e6 925620.4306425817 1.2234275975796399e6 2.6377158695304636e6 500899.89229832 1.4810872175284072e6 2.381005228388466e6 1.3567238076218015e6 836098.228029043 2.4345931370930118e6 1.6798328763233877e6 195082.83064445492 1.381292868002801e6 748719.1733901397 1.6672287725818513e6 150230.24903505307 943545.0886387521 1.3074604864214098e6 1.659039327708716e6 2.1931348473991244e6 2.35054149792259e6 472367.5733302902 2.099408191513875e6 1.504991658932385e6 1.1293011070224931e6 3.0742523419570075e6 2.6059033400864527e6 4.41638835227754e6 1.4511471210312314e7 8.289778294084392e6 2.5147165581580866e6 1.9061979097004186e7 6.728370231888523e6 1.4771004267494487e7 4.941914660672235e6 1.5827322342547528e7 1.7017578161045935e7 932618.8022314399 1.4946249170876466e7 694841.263989184 206021.2729281857 1.0456108662338821e7 1.8343539326012686e7 5.813507045925973e6 7.68393255297095e6 1.6566596074398134e7 3.1459818266525236e6 9.302204974834947e6 1.495428386559443e7 8.521120703342019e6 5.251248545106881e6 1.529085129055289e7 1.0550458848131277e7 1.2252488957092266e6 8.675430613655433e6 4.702450427657197e6 1.0471296760213515e7 943545.0886387521 5.926085725163e6 8.211714541352515e6 1.0419861642862936e7 1.3774333912627079e7 1.4762951537735576e7 2.9667800373811945e6 1.3185668671085564e7 9.452340639444765e6 7.092756085871602e6 1.93083331560803e7 1.6366792398994066e7 6.1197428006595075e6 2.0108392736904316e7 1.148705842594757e7 3.484616235017207e6 2.6413983563074674e7 9.3234317279949e6 2.0468024959329836e7 6.847959068302063e6 2.193175378464445e7 2.3581078729639903e7 1.292320046486002e6 2.071085997524755e7 962834.2173998507 285481.506882151 1.4488919588845132e7 2.541844914319846e7 8.055715451867267e6 1.0647544366778115e7 2.2956157604538668e7 4.359353865412181e6 1.2889967408696704e7 2.0721993567050096e7 1.180762716461193e7 7.276599772259341e6 2.1188371501129158e7 1.4619659647052761e7 1.697814483335849e6 1.2021452781243658e7 6.516136004043348e6 1.45099655760207e7 1.3074604864214098e6 8.211714541352515e6 1.1378886306408534e7 1.4438692475921849e7 1.90869493513197e7 2.0456866376561105e7 4.1110358344145305e6 1.827124212936211e7 1.3098008817044396e7 9.828357366027871e6 2.67553537867025e7 2.2679291757025782e7 7.765354354643195e6 2.551558132272615e7 1.4575952303152317e7 4.421636780541683e6 3.351675862307337e7 1.1830521890789498e7 2.5971919396963686e7 8.689389489657484e6 2.7829247944570087e7 2.992207979404942e7 1.6398275920176404e6 2.6280053253195893e7 1.2217423389230762e6 362248.0772228707 1.8385020169669315e7 3.2253522929287378e7 1.0221914074098429e7 1.3510691169228002e7 2.9129116080020387e7 5.5315931771774795e6 1.6356106426163014e7 2.6294180690966215e7 1.4982722641683783e7 9.233292569488432e6 2.6885968620504703e7 1.855091650116539e7 2.15436032542536e6 1.525404641088966e7 8.26833851399642e6 1.841172546652329e7 1.659039327708716e6 1.0419861642862936e7 1.4438692475921849e7 1.832128688172494e7 2.4219469688522145e7 2.5957760248104446e7 5.216501911718377e6 2.318441709979903e7 1.6620090601459524e7 1.247122308196501e7 3.3949924009093866e7 2.8777800430871785e7 1.0265259510810485e7 3.372982762729415e7 1.9268397316548396e7 5.845096944953329e6 4.430682870528864e7 1.5639128855035832e7 3.433307488978525e7 1.1486769827639334e7 3.6788334323840074e7 3.955491277811874e7 2.167738266185278e6 3.47404064620269e7 1.6150585783494767e6 478866.8166522772 2.4303720671844635e7 4.263691879161184e7 1.351266096505751e7 1.786019603079834e7 3.8506669782962054e7 7.31238226598155e6 2.1621637517495245e7 3.4759081954259716e7 1.9806119472631197e7 1.2205771950170327e7 3.5541384524707824e7 2.452302410822682e7 2.8479148291619206e6 2.0164790664588355e7 1.093016966040339e7 2.4339023220833313e7 2.1931348473991244e6 1.3774333912627079e7 1.90869493513197e7 2.4219469688522145e7 3.2016458002103865e7 3.431435747769376e7 6.8958534816134125e6 3.064819031651836e7 2.1970606275700804e7 1.6486091362596022e7 4.4879443282232195e7 3.8042254877470605e7 1.10020222859162e7 3.61506998303156e7 2.065133730592026e7 6.264613844783339e6 4.748683813794492e7 1.6761587372849017e7 3.679724362386076e7 1.2311203384949757e7 3.9428723030955106e7 4.23938655855739e7 2.3233221419767844e6 3.723381037902564e7 1.730975281564815e6 513236.25898066844 2.6048058130505588e7 4.569707470659705e7 1.4482497682891484e7 1.9142065970640134e7 4.1270387627552085e7 7.8372098210223885e6 2.3173475310094982e7 3.725382625700023e7 2.1227653095952034e7 1.3081810047876924e7 3.80922765957701e7 2.628310151074492e7 3.0523166400063876e6 2.161206699635787e7 1.1714654662744967e7 2.608589442975492e7 2.35054149792259e6 1.4762951537735576e7 2.0456866376561105e7 2.5957760248104446e7 3.431435747769376e7 3.677718281733674e7 7.390785747328219e6 3.2847885874705303e7 2.3547490409355044e7 1.766933845052021e7 4.810055066319954e7 4.077264052873322e7 2.2109792886095047e6 7.264886992265425e6 4.1501169402217916e6 1.258944137904814e6 9.543010628050627e6 3.3684282364186854e6 7.394817190510642e6 2.4740738561152983e6 7.923642375216537e6 8.519520896970583e6 466897.5396690691 7.482550157112665e6 347858.82060373446 103140.55991527057 5.234648279959222e6 9.18333767198996e6 2.910419702130397e6 3.8468120044130306e6 8.293745450253365e6 1.574974867752189e6 4.656968748491952e6 7.486572571401155e6 4.265934036601429e6 2.6289358739442835e6 7.655068533813525e6 5.281882873030277e6 613397.1280871916 4.343186304408494e6 2.354190725981153e6 5.242251906985592e6 472367.5733302902 2.9667800373811945e6 4.1110358344145305e6 5.216501911718377e6 6.8958534816134125e6 7.390785747328219e6 1.485260962869629e6 6.601149630150395e6 4.732131261037467e6 3.5508509565138053e6 9.666343016154876e6 8.1937176101114005e6 9.826559425002482e6 3.228833671722024e7 1.8444935664434247e7 5.595298629712814e6 4.241331500167298e7 1.4970769018302884e7 3.286580337226156e7 1.0995866806265617e7 3.52161338930954e7 3.786447878454903e7 2.0750969683804566e6 3.3255727065481104e7 1.5460368126395394e6 458401.7798614662 2.3265067500635117e7 4.081477100150769e7 1.2935178679429727e7 1.7096915811432473e7 3.686103390593666e7 6.999877479895169e6 2.0697606885415707e7 3.327360443468192e7 1.895967751926252e7 1.1684141377046134e7 3.402247422104678e7 2.3474998700859264e7 2.726205243679792e6 1.930302040095896e7 1.0463053718242818e7 2.3298861346287627e7 2.099408191513875e6 1.3185668671085564e7 1.827124212936211e7 2.318441709979903e7 3.064819031651836e7 3.2847885874705303e7 6.601149630150395e6 2.93383974459575e7 2.1031661980307847e7 1.5781535409792991e7 4.2961458101419546e7 3.641646641479212e7 7.044313740610843e6 2.3146369360965487e7 1.322252358389664e7 4.0110721683339374e6 3.040460905278304e7 1.073201609454628e7 2.3560334831168823e7 7.8825489454854615e6 2.5245203854680847e7 2.714370886562863e7 1.4875638008425985e6 2.383985736913337e7 1.1082992420578727e6 328612.0621610933 1.6677906028225264e7 2.925866926060267e7 9.272773202482333e6 1.2256175713557048e7 2.642437463676623e7 5.017965188177293e6 1.4837384101064308e7 2.3852673024344984e7 1.3591523857950687e7 8.375948700838898e6 2.4389511351765674e7 1.682839829864895e7 1.9543203503065407e6 1.383765425564831e7 7.500594041962824e6 1.6702131643822966e7 1.504991658932385e6 9.452340639444765e6 1.3098008817044396e7 1.6620090601459524e7 2.1970606275700804e7 2.3547490409355044e7 4.732131261037467e6 2.1031661980307847e7 1.5076856412103545e7 1.131322591427907e7 3.079755350082058e7 2.610567988807014e7 5.285844116324757e6 1.736834911193631e7 9.921789554314308e6 3.0097895979436347e6 2.281471691760161e7 8.052986595787393e6 1.767897652371967e7 5.914830954352584e6 1.8943252270463537e7 2.0367834126333747e7 1.1162237591734102e6 1.788872194635213e7 831634.8821866638 246580.74573165423 1.251460606356628e7 2.195483768291639e7 6.958014006642594e6 9.196670771584656e6 1.9828067054435328e7 3.7653322584052556e6 1.1133532994153725e7 1.789833843394646e7 1.019867641644911e7 6.285063497914007e6 1.830116599372068e7 1.2627531000112679e7 1.4664640311982736e6 1.038336536734269e7 5.6282233224626025e6 1.2532784247046841e7 1.1293011070224931e6 7.092756085871602e6 9.828357366027871e6 1.247122308196501e7 1.6486091362596022e7 1.766933845052021e7 3.5508509565138053e6 1.5781535409792991e7 1.131322591427907e7 8.48910920745834e6 2.3109570777776442e7 1.958892796660805e7 1.4389447201265685e7 4.7281179130406715e7 2.700970058745174e7 8.193432790190087e6 6.2107613708047055e7 2.1922331208123647e7 4.812678801382387e7 1.610171352938916e7 5.156847655121886e7 5.544656015486064e7 3.0386523881434244e6 4.869776979426567e7 2.2639271920633726e6 671257.1433191244 3.4068023807242855e7 5.9766798017180495e7 1.894153005099693e7 2.503573801702521e7 5.397717331500346e7 1.025021709592468e7 3.0308382475402087e7 4.872394838323936e7 2.7763458889008146e7 1.7109583137445547e7 4.982055013217934e7 3.437543495603596e7 3.992097815429851e6 2.8266230414057985e7 1.5321492755601345e7 3.4117509566877834e7 3.0742523419570075e6 1.93083331560803e7 2.67553537867025e7 3.3949924009093866e7 4.4879443282232195e7 4.810055066319954e7 9.666343016154876e6 4.2961458101419546e7 3.079755350082058e7 2.3109570777776442e7 6.291028286735347e7 5.332617430664791e7 1.2197277371156119e7 4.007809669284324e7 2.2894889926560175e7 6.945198864559831e6 5.264578831013292e7 1.8582559192705918e7 4.0794880732861504e7 1.3648687355521327e7 4.371224295870454e7 4.699951735643059e7 2.575726884730584e6 4.127887591714577e7 1.919027709922776e6 568994.0308278895 2.8877908237332482e7 5.066158573049925e7 1.6055870155024217e7 2.1221651986630496e7 4.5753985224404834e7 8.68864100787434e6 2.5691031945344623e7 4.130106631170585e7 2.3533816422227524e7 1.4503012403000627e7 4.223060554350756e7 2.9138486631788485e7 3.3839190391762457e6 2.3959992887492474e7 1.298732983041842e7 2.891985505625803e7 2.6059033400864527e6 1.6366792398994066e7 2.2679291757025782e7 2.8777800430871785e7 3.8042254877470605e7 4.077264052873322e7 8.1937176101114005e6 3.641646641479212e7 2.610567988807014e7 1.958892796660805e7 5.332617430664791e7 4.520216308960025e7
