1.477093850471022e6 3.4013055048776376e6 3.240384098030877e6 2.9026398369043884e6 2.7614022895341134e6 1.4820239717550352e6 1.631465954645075e6 244514.50176054912 2.7926726554804873e6 2.262549206414239e6 1.6168699016307325e6 1.0525988253523917e6 3.497718038681442e6 547048.3433587211 2.9548245847028308e6 2.3916118329513543e6 2.341465656550874e6 60419.036064539156 2.986512755541606e6 2.4628743679555324e6 182522.7125811718 2.1510623279208876e6 1.9894222968954907e6 3.203129417178078e6 3.4013055048776376e6 7.832189629536261e6 7.461635743074677e6 6.683911691049119e6 6.358683847731823e6 3.41265810014955e6 3.7567783054443146e6 563043.7907485449 6.430690151054407e6 5.209974348196812e6 3.723167959391261e6 2.423820380781595e6 8.05419886873356e6 1.2596887740795002e6 6.804077562636015e6 5.5071669889858e6 5.391695337820825e6 139126.9755135638 6.877045945707314e6 5.671263300485542e6 420295.2350452005 4.953253400221746e6 4.581044737136489e6 7.3758493517585965e6 3.240384098030877e6 7.461635743074677e6 7.108613375800776e6 6.367684739068272e6 6.057843964632997e6 3.251199583184366e6 3.579038890605941e6 536405.254811783 6.1264435302732745e6 4.963481817447938e6 3.547018705790597e6 2.3091454169890503e6 7.673141356810113e6 1.2000908081151822e6 6.4821653638924165e6 5.246613781302235e6 5.136605285543248e6 132544.6474639748 6.551681491692223e6 5.402946424038017e6 400410.3701256946 4.718906763470321e6 4.3643079098004e6 7.026885680993755e6 2.9026398369043884e6 6.683911691049119e6 6.367684739068272e6 5.703982871567458e6 5.4264367079754155e6 2.9123280272893007e6 3.2059967421812415e6 480495.89623887057 5.487886161496313e6 4.446139598645104e6 3.177314011610338e6 2.068463883843484e6 6.87337213820119e6 1.0750057036925736e6 5.806531215256158e6 4.699760802959699e6 4.601218459667123e6 118729.55867521219 5.868801697938033e6 4.839798941305452e6 358675.7175307546 4.227056529073236e6 3.9094174073998476e6 6.294475497339989e6 2.7614022895341134e6 6.358683847731823e6 6.057843964632997e6 5.4264367079754155e6 5.162395471494679e6 2.7706190689533856e6 3.049998360643944e6 457115.77823613695 5.22085489849138e6 4.22979796225104e6 3.0227112832526774e6 1.967815928122731e6 6.538925469820164e6 1.022697743515013e6 5.523995222624588e6 4.471078387526136e6 4.377330948066205e6 112952.37906979272 5.5832357288912935e6 4.604302506803181e6 341223.1634793558 4.0213751044709603e6 3.719191765469474e6 5.98819696084243e6 1.4820239717550352e6 3.41265810014955e6 3.251199583184366e6 2.9123280272893007e6 2.7706190689533856e6 1.486970548388766e6 1.636911326328515e6 245330.62197457283 2.8019938065323825e6 2.2701009554077866e6 1.6222665558196101e6 1.0561121023664027e6 3.5093924317083177e6 548874.2359248007 2.9646869530086247e6 2.3995943564700675e6 2.3492808063231558e6 60620.69770950935 2.996480889994523e6 2.471094745650177e6 183131.9217453866 2.158241965262645e6 1.9960624255546732e6 3.2138205567492316e6 1.631465954645075e6 3.7567783054443146e6 3.579038890605941e6 3.2059967421812415e6 3.049998360643944e6 1.636911326328515e6 1.8019715946398377e6 270068.8821581179 3.0845368142530583e6 2.49900979534711e6 1.7858500979878134e6 1.162606659633855e6 3.8632669801157415e6 604220.745655492 3.2636353542151004e6 2.64156084661933e6 2.586173858496049e6 66733.47148546834 3.298635277796092e6 2.720271078649573e6 201598.28803748172 2.3758713457532986e6 2.1973382028242857e6 3.537890697183345e6 244514.50176054912 563043.7907485449 536405.254811783 480495.89623887057 457115.77823613695 245330.62197457283 270068.8821581179 40476.33232793186 462292.1981005954 374536.8594816696 267652.68725666706 174244.6339836201 579003.6856861562 90557.04420720263 489134.43170049146 395901.57088004646 387600.4955395391 10001.619393014504 494380.01396452665 407698.19655497145 30214.36323259859 356081.5944090083 329324.0991840899 530238.2061005142 2.7926726554804873e6 6.430690151054407e6 6.1264435302732745e6 5.487886161496313e6 5.22085489849138e6 2.8019938065323825e6 3.0845368142530583e6 462292.1981005954 5.279976325256145e6 4.277696571830716e6 3.056940735562392e6 1.9900996512950915e6 6.612972845355526e6 1.0342788640252161e6 5.5865494374712175e6 4.521709278172805e6 4.426900234342676e6 114231.46188992824 5.646460788517342e6 4.656442039265086e6 345087.20503238105 4.066913515010071e6 3.7613082249117494e6 6.056007837596681e6 2.262549206414239e6 5.209974348196812e6 4.963481817447938e6 4.446139598645104e6 4.22979796225104e6 2.2701009554077866e6 2.49900979534711e6 374536.8594816696 4.277696571830716e6 3.465676138190741e6 2.476652185399814e6 1.6123258763917899e6 5.357654945321106e6 837945.2630865724 4.526073964143032e6 3.6633687513961717e6 3.5865569824057077e6 92547.29620365326 4.574612549393472e6 3.7725256556574376e6 279580.48730039457 3.294905304380624e6 3.0473120158399786e6 4.906416690156374e6 1.6168699016307325e6 3.723167959391261e6 3.547018705790597e6 3.177314011610338e6 3.0227112832526774e6 1.6222665558196101e6 1.7858500979878134e6 267652.68725666706 3.056940735562392e6 2.476652185399814e6 1.7698728337171844e6 1.1522052973556365e6 3.8287039238105947e6 598815.0318489347 3.234436954754801e6 2.6179278912100615e6 2.5630364276257083e6 66136.43463964283 3.269123748454883e6 2.6959339352575806e6 199794.67130161432 2.3546154047272927e6 2.177679524193851e6 3.506238648283391e6 1.0525988253523917e6 2.423820380781595e6 2.3091454169890503e6 2.068463883843484e6 1.967815928122731e6 1.0561121023664027e6 1.162606659633855e6 174244.6339836201 1.9900996512950915e6 1.6123258763917899e6 1.1522052973556365e6 750097.4205396104 2.4925253718684986e6 389834.7037642469 2.105651503449669e6 1.7042978042733807e6 1.6685629006596208e6 43055.49465944742 2.128232960539768e6 1.755080535927914e6 130068.37229862445 1.5328786853369458e6 1.4176916193742778e6 2.282597182906274e6 3.497718038681442e6 8.05419886873356e6 7.673141356810113e6 6.87337213820119e6 6.538925469820164e6 3.5093924317083177e6 3.8632669801157415e6 579003.6856861562 6.612972845355526e6 5.357654945321106e6 3.8287039238105947e6 2.4925253718684986e6 8.282501124905715e6 1.2953955891065677e6 6.996944200775581e6 5.66327173251071e6 5.5445269515268e6 143070.6330916575 7.071980926925554e6 5.832019475984693e6 432208.8160211708 5.093657051173668e6 4.710897856752628e6 7.584923286439973e6 547048.3433587211 1.2596887740795002e6 1.2000908081151822e6 1.0750057036925736e6 1.022697743515013e6 548874.2359248007 604220.745655492 90557.04420720263 1.0342788640252161e6 837945.2630865724 598815.0318489347 389834.7037642469 1.2953955891065677e6 202601.8115748646 1.0943325594794468e6 885744.186637801 867172.3249264349 22376.46143872115 1.1060684159085369e6 912136.5866231824 67598.10658681561 796655.5967823125 736791.4851250211 1.1862933696948797e6 2.9548245847028308e6 6.804077562636015e6 6.4821653638924165e6 5.806531215256158e6 5.523995222624588e6 2.9646869530086247e6 3.2636353542151004e6 489134.43170049146 5.5865494374712175e6 4.526073964143032e6 3.234436954754801e6 2.105651503449669e6 6.996944200775581e6 1.0943325594794468e6 5.91092321153465e6 4.784254865604764e6 4.683940891100209e6 120864.12321777496 5.97431321631249e6 4.926810662131467e6 365124.1241235373 4.30305213696605e6 3.979702380013459e6 6.40763993895479e6 2.3916118329513543e6 5.5071669889858e6 5.246613781302235e6 4.699760802959699e6 4.471078387526136e6 2.3995943564700675e6 2.64156084661933e6 395901.57088004646 4.521709278172805e6 3.6633687513961717e6 2.6179278912100615e6 1.7042978042733807e6 5.66327173251071e6 885744.186637801 4.784254865604764e6 3.872338347146311e6 3.791145003325666e6 97826.4729362918 4.835562238063482e6 3.987721890248704e6 295528.6010109033 3.482856634486008e6 3.221139878468312e6 5.186293487143562e6 2.341465656550874e6 5.391695337820825e6 5.136605285543248e6 4.601218459667123e6 4.377330948066205e6 2.3492808063231558e6 2.586173858496049e6 387600.4955395391 4.426900234342676e6 3.5865569824057077e6 2.5630364276257083e6 1.6685629006596208e6 5.5445269515268e6 867172.3249264349 4.683940891100209e6 3.791145003325666e6 3.711654082818736e6 95775.29410329266 4.734172475040694e6 3.9041092393204393e6 289332.0982367086 3.4098297574802227e6 3.153600553595111e6 5.077549758546927e6 60419.036064539156 139126.9755135638 132544.6474639748 118729.55867521219 112952.37906979272 60620.69770950935 66733.47148546834 10001.619393014504 114231.46188992824 92547.29620365326 66136.43463964283 43055.49465944742 143070.6330916575 22376.46143872115 120864.12321777496 97826.4729362918 95775.29410329266 2471.3798096200926 122160.2959261758 100741.39514729074 7465.907701479311 87987.03774054699 81375.31509280702 131020.7822706424 2.986512755541606e6 6.877045945707314e6 6.551681491692223e6 5.868801697938033e6 5.5832357288912935e6 2.996480889994523e6 3.298635277796092e6 494380.01396452665 5.646460788517342e6 4.574612549393472e6 3.269123748454883e6 2.128232960539768e6 7.071980926925554e6 1.1060684159085369e6 5.97431321631249e6 4.835562238063482e6 4.734172475040694e6 122160.2959261758 6.038383029059733e6 4.979646833442672e6 369039.7933251824 4.349198988440839e6 4.0223815595350508e6 6.476356840157702e6 2.4628743679555324e6 5.671263300485542e6 5.402946424038017e6 4.839798941305452e6 4.604302506803181e6 2.471094745650177e6 2.720271078649573e6 407698.19655497145 4.656442039265086e6 3.7725256556574376e6 2.6959339352575806e6 1.755080535927914e6 5.832019475984693e6 912136.5866231824 4.926810662131467e6 3.987721890248704e6 3.9041092393204393e6 100741.39514729074 4.979646833442672e6 4.1065435012122565e6 304334.42684940743 3.586634843562397e6 3.3171197486880673e6 5.340828774215386e6 182522.7125811718 420295.2350452005 400410.3701256946 358675.7175307546 341223.1634793558 183131.9217453866 201598.28803748172 30214.36323259859 345087.20503238105 279580.48730039457 199794.67130161432 130068.37229862445 432208.8160211708 67598.10658681561 365124.1241235373 295528.6010109033 289332.0982367086 7465.907701479311 369039.7933251824 304334.42684940743 22554.11231816148 265804.18766085233 245830.52321491874 395806.8539689993 2.1510623279208876e6 4.953253400221746e6 4.718906763470321e6 4.227056529073236e6 4.0213751044709603e6 2.158241965262645e6 2.3758713457532986e6 356081.5944090083 4.066913515010071e6 3.294905304380624e6 2.3546154047272927e6 1.5328786853369458e6 5.093657051173668e6 796655.5967823125 4.30305213696605e6 3.482856634486008e6 3.4098297574802227e6 87987.03774054699 4.349198988440839e6 3.586634843562397e6 265804.18766085233 3.1325491857710527e6 2.8971560309543703e6 4.664653514432952e6 1.9894222968954907e6 4.581044737136489e6 4.3643079098004e6 3.9094174073998476e6 3.719191765469474e6 1.9960624255546732e6 2.1973382028242857e6 329324.0991840899 3.7613082249117494e6 3.0473120158399786e6 2.177679524193851e6 1.4176916193742778e6 4.710897856752628e6 736791.4851250211 3.979702380013459e6 3.221139878468312e6 3.153600553595111e6 81375.31509280702 4.0223815595350508e6 3.3171197486880673e6 245830.52321491874 2.8971560309543703e6 2.679451325400109e6 4.314131482128828e6 3.203129417178078e6 7.3758493517585965e6 7.026885680993755e6 6.294475497339989e6 5.98819696084243e6 3.2138205567492316e6 3.537890697183345e6 530238.2061005142 6.056007837596681e6 4.906416690156374e6 3.506238648283391e6 2.282597182906274e6 7.584923286439973e6 1.1862933696948797e6 6.40763993895479e6 5.186293487143562e6 5.077549758546927e6 131020.7822706424 6.476356840157702e6 5.340828774215386e6 395806.8539689993 4.664653514432952e6 4.314131482128828e6 6.946097609112523e6
384094.78037925856 2.463899022871731e6 374317.92885939375 992694.683535349 1.6662035448387717e6 2.192510992623823e6 1.3119734628449525e6 144910.37424285937 2.0528361016279205e6 597434.877365785 567063.1281079 32042.866936139053 2.0329149698064e6 2.3129875160467206e6 1.3931522129677862e6 769023.1390356194 337948.91825837945 801722.3633492866 1.9906959064059858e6 2.3110486391727696e6 1.6993379886936652e6 2.190325845835195e6 2.233180670542942e6 281851.1886539183 2.463899022871731e6 1.580546965234443e7 2.401182276544767e6 6.367958081486048e6 1.0688396447303966e7 1.4064564186545989e7 8.416074100110007e6 929574.0211528236 1.3168574849995492e7 3.8324374236941338e6 3.6376081077489466e6 205549.2356756465 1.3040784367705997e7 1.483739944363424e7 8.936821200365057e6 4.933145300659062e6 2.1678816063451627e6 5.142904951012953e6 1.2769956659617575e7 1.4824961896759795e7 1.0900947952838246e7 1.4050546862405274e7 1.4325452865081219e7 1.8080247475217346e6 374317.92885939375 2.401182276544767e6 364789.9399393984 967426.3669081323 1.6237915530807062e6 2.136702229980945e6 1.2785781385669902e6 141221.78672479533 2.0005826611088465e6 582227.6098183675 552628.9512090972 31227.23921009684 1.9811686071177884e6 2.2541121116755367e6 1.35769054301927e6 749448.2178709328 329346.67588515935 781315.1073618934 1.9400241990765699e6 2.2522225874933703e6 1.6560825839180036e6 2.1345727045045365e6 2.1763366910143164e6 274676.8729304766 992694.683535349 6.367958081486048e6 967426.3669081323 2.5656238643657477e6 4.306310538810228e6 5.666554499442535e6 3.390801302271422e6 374521.5125234552 5.305564116865341e6 1.5440731215717248e6 1.4655771993199287e6 82814.9333904709 5.254077862275513e6 5.977926614873631e6 3.6006081462577186e6 1.9875437538685943e6 873430.4958019983 2.072055045846724e6 5.144962503456917e6 5.972915578892095e6 4.3919466576457275e6 5.660906977761366e6 5.7716654645317765e6 728445.6618978109 1.6662035448387717e6 1.0688396447303966e7 1.6237915530807062e6 4.306310538810228e6 7.227992658718275e6 9.511114898256667e6 5.691342205609168e6 628621.349680814 8.90520508018378e6 2.5916731008275445e6 2.4599204219015935e6 139001.98910038368 8.8187871902415e6 1.0033742178426607e7 6.0434957055517845e6 3.336023153084698e6 1.4660227483969931e6 3.477872421151066e6 8.63564085061126e6 1.0025331328591071e7 7.371729909593621e6 9.501635729282772e6 9.687540002105711e6 1.2226707407699516e6 2.192510992623823e6 1.4064564186545989e7 2.136702229980945e6 5.666554499442535e6 9.511114898256667e6 1.2515412076232137e7 7.489079222784554e6 827185.3841882052 1.1718112166038958e7 3.410310691303745e6 3.2369409984186315e6 182908.85891054696 1.1604397263532175e7 1.3203122806633065e7 7.952468237954277e6 4.389780262707066e6 1.929098639391037e6 4.576435776971531e6 1.1363400079159375e7 1.3192055202810684e7 9.700254756691081e6 1.250293870091099e7 1.274756497301478e7 1.608878487746243e6 1.3119734628449525e6 8.416074100110007e6 1.2785781385669902e6 3.390801302271422e6 5.691342205609168e6 7.489079222784554e6 4.4813792197586605e6 494978.2585169146 7.011984089569143e6 2.0406908526796142e6 1.936948414401279e6 109450.56595712213 6.943938394509543e6 7.9005974461527215e6 4.75866589833033e6 2.6267942244157097e6 1.1543505280502758e6 2.738486746018803e6 6.799728439995662e6 7.893974718804447e6 5.804521330305479e6 7.481615297874481e6 7.6279968569155065e6 962734.4574173118 144910.37424285937 929574.0211528236 141221.78672479533 374521.5125234552 628621.349680814 827185.3841882052 494978.2585169146 54671.44474723386 774489.1702314278 225398.82364276925 213940.2416046988 12089.057380434006 766973.3725297577 872638.4832369664 525605.186196723 290135.2389351238 127500.5720500434 302471.92528130615 751045.0637110436 871906.9883357922 641122.2346306186 826360.9771535586 842529.1445011592 106336.15272851444 2.0528361016279205e6 1.3168574849995492e7 2.0005826611088465e6 5.305564116865341e6 8.90520508018378e6 1.1718112166038958e7 7.011984089569143e6 774489.1702314278 1.0971604602348002e7 3.1930553271698696e6 3.0307302279206323e6 171256.5684470259 1.0865133958440457e7 1.2362011977530645e7 7.445852700781817e6 4.1101273525267546e6 1.806204549881896e6 4.284891893976769e6 1.0639489607221441e7 1.2351649440347692e7 9.082295699549982e6 1.1706433412657766e7 1.1935475658954717e7 1.5063841658670707e6 597434.877365785 3.8324374236941338e6 582227.6098183675 1.5440731215717248e6 2.5916731008275445e6 3.410310691303745e6 2.0406908526796142e6 225398.82364276925 3.1930553271698696e6 929271.7603208151 882030.4458844352 49840.631157595824 3.1620692800930883e6 3.597704221946218e6 2.1669592090901197e6 1.196166332454557e6 525657.9387416677 1.247027885554816e6 3.0964002258554357e6 3.5946884229127807e6 2.6432116101024826e6 3.4069118351609944e6 3.4735697754707388e6 438401.50642658264 567063.1281079 3.6376081077489466e6 552628.9512090972 1.4655771993199287e6 2.4599204219015935e6 3.2369409984186315e6 1.936948414401279e6 213940.2416046988 3.0307302279206323e6 882030.4458844352 837190.7343859369 47306.88696266757 3.001319416050169e6 3.4148080190750826e6 2.0567976764378264e6 1.1353569199203933e6 498935.10799353285 1.1836328282982705e6 2.9389887742903796e6 3.4119455339768133e6 2.5088388720870363e6 3.233714929654794e6 3.2969841855642213e6 416114.5239755816 32042.866936139053 205549.2356756465 31227.23921009684 82814.9333904709 139001.98910038368 182908.85891054696 109450.56595712213 12089.057380434006 171256.5684470259 49840.631157595824 47306.88696266757 2673.156142536735 169594.6604785188 192959.5375611569 116222.8524371925 64155.27461893358 28193.17723680827 66883.18696536853 166072.5615076031 192797.78797003717 141766.20936496777 182726.56440575098 186301.7013662845 23513.25921407347 2.0329149698064e6 1.3040784367705997e7 1.9811686071177884e6 5.254077862275513e6 8.8187871902415e6 1.1604397263532175e7 6.943938394509543e6 766973.3725297577 1.0865133958440457e7 3.1620692800930883e6 3.001319416050169e6 169594.6604785188 1.0759696526941212e7 1.224204854255972e7 7.373596658003597e6 4.0702418552247575e6 1.7886767799316824e6 4.243310446635121e6 1.053624187360497e7 1.2231786565508706e7 8.994159286843052e6 1.1592831843107974e7 1.1819651417669192e7 1.4917659128471185e6 2.3129875160467206e6 1.483739944363424e7 2.2541121116755367e6 5.977926614873631e6 1.0033742178426607e7 1.3203122806633065e7 7.9005974461527215e6 872638.4832369664 1.2362011977530645e7 3.597704221946218e6 3.4148080190750826e6 192959.5375611569 1.224204854255972e7 1.3928622628262296e7 8.389449274383737e6 4.630994772655085e6 2.0351008889558348e6 4.827906840940008e6 1.198780877786435e7 1.3916946869481685e7 1.0233275103377696e7 1.3189964030463712e7 1.3448032298023907e7 1.697284925600218e6 1.3931522129677862e6 8.936821200365057e6 1.35769054301927e6 3.6006081462577186e6 6.0434957055517845e6 7.952468237954277e6 4.75866589833033e6 525605.186196723 7.445852700781817e6 2.1669592090901197e6 2.0567976764378264e6 116222.8524371925 7.373596658003597e6 8.389449274383737e6 5.053109773011248e6 2.789327902121009e6 1.2257763119739473e6 2.9079314318798194e6 7.220463669454164e6 8.382416763801455e6 6.163677822414507e6 7.944542480459652e6 8.099981442215375e6 1.022303939702304e6 769023.1390356194 4.933145300659062e6 749448.2178709328 1.9875437538685943e6 3.336023153084698e6 4.389780262707066e6 2.6267942244157097e6 290135.2389351238 4.1101273525267546e6 1.196166332454557e6 1.1353569199203933e6 64155.27461893358 4.0702418552247575e6 4.630994772655085e6 2.789327902121009e6 1.5397152436912772e6 676631.2671474804 1.605184657519021e6 3.985712102877507e6 4.627112811076911e6 3.402363950526229e6 4.385405226834448e6 4.47120788155168e6 564314.0623403834 337948.91825837945 2.1678816063451627e6 329346.67588515935 873430.4958019983 1.4660227483969931e6 1.929098639391037e6 1.1543505280502758e6 127500.5720500434 1.806204549881896e6 525657.9387416677 498935.10799353285 28193.17723680827 1.7886767799316824e6 2.0351008889558348e6 1.2257763119739473e6 676631.2671474804 297347.1059388971 705401.9457643061 1.751529993422468e6 2.0333949523598182e6 1.4951763584689589e6 1.9271760202064607e6 1.9648821864757214e6 247989.0620262481 801722.3633492866 5.142904951012953e6 781315.1073618934 2.072055045846724e6 3.477872421151066e6 4.576435776971531e6 2.738486746018803e6 302471.92528130615 4.284891893976769e6 1.247027885554816e6 1.1836328282982705e6 66883.18696536853 4.243310446635121e6 4.827906840940008e6 2.9079314318798194e6 1.605184657519021e6 705401.9457643061 1.673437861508297e6 4.1551864495988907e6 4.823859816536052e6 3.5470340603938056e6 4.571874712523026e6 4.661325736334621e6 588308.9607656312 1.9906959064059858e6 1.2769956659617575e7 1.9400241990765699e6 5.144962503456917e6 8.63564085061126e6 1.1363400079159375e7 6.799728439995662e6 751045.0637110436 1.0639489607221441e7 3.0964002258554357e6 2.9389887742903796e6 166072.5615076031 1.053624187360497e7 1.198780877786435e7 7.220463669454164e6 3.985712102877507e6 1.751529993422468e6 4.1551864495988907e6 1.0317427869935064e7 1.1977759918954609e7 8.80737086391122e6 1.1352074846458416e7 1.1574183889521228e7 1.4607852960537525e6 2.3110486391727696e6 1.4824961896759795e7 2.2522225874933703e6 5.972915578892095e6 1.0025331328591071e7 1.3192055202810684e7 7.893974718804447e6 871906.9883357922 1.2351649440347692e7 3.5946884229127807e6 3.4119455339768133e6 192797.78797003717 1.2231786565508706e7 1.3916946869481685e7 8.382416763801455e6 4.627112811076911e6 2.0333949523598182e6 4.823859816536052e6 1.1977759918954609e7 1.3905280897982037e7 1.022469699376618e7 1.3178907457071297e7 1.3436759397222718e7 1.695862165439205e6 1.6993379886936652e6 1.0900947952838246e7 1.6560825839180036e6 4.3919466576457275e6 7.371729909593621e6 9.700254756691081e6 5.804521330305479e6 641122.2346306186 9.082295699549982e6 2.6432116101024826e6 2.5088388720870363e6 141766.20936496777 8.994159286843052e6 1.0233275103377696e7 6.163677822414507e6 3.402363950526229e6 1.4951763584689589e6 3.5470340603938056e6 8.80737086391122e6 1.022469699376618e7 7.518325547059094e6 9.690587083141545e6 9.88018828405548e6 1.24698500605798e6 2.190325845835195e6 1.4050546862405274e7 2.1345727045045365e6 5.660906977761366e6 9.501635729282772e6 1.250293870091099e7 7.481615297874481e6 826360.9771535586 1.1706433412657766e7 3.4069118351609944e6 3.233714929654794e6 182726.56440575098 1.1592831843107974e7 1.3189964030463712e7 7.944542480459652e6 4.385405226834448e6 1.9271760202064607e6 4.571874712523026e6 1.1352074846458416e7 1.3178907457071297e7 9.690587083141545e6 1.24904777570696e7 1.2734860224551795e7 1.6072750131581475e6 2.233180670542942e6 1.4325452865081219e7 2.1763366910143164e6 5.7716654645317765e6 9.687540002105711e6 1.274756497301478e7 7.6279968569155065e6 842529.1445011592 1.1935475658954717e7 3.4735697754707388e6 3.2969841855642213e6 186301.7013662845 1.1819651417669192e7 1.3448032298023907e7 8.099981442215375e6 4.47120788155168e6 1.9648821864757214e6 4.661325736334621e6 1.1574183889521228e7 1.3436759397222718e7 9.88018828405548e6 1.2734860224551795e7 1.2984024157689206e7 1.6387221556356037e6 281851.1886539183 1.8080247475217346e6 274676.8729304766 728445.6618978109 1.2226707407699516e6 1.608878487746243e6 962734.4574173118 106336.15272851444 1.5063841658670707e6 438401.50642658264 416114.5239755816 23513.25921407347 1.4917659128471185e6 1.697284925600218e6 1.022303939702304e6 564314.0623403834 247989.0620262481 588308.9607656312 1.4607852960537525e6 1.695862165439205e6 1.24698500605798e6 1.6072750131581475e6 1.6387221556356037e6 206824.19184969596
2.6509825350186024e7 4.59382589984481e6 2.5179172958071623e6 6.362141829228044e6 1.868544496585348e7 1.661151504507236e7 2.4512682503575284e7 7.029992593080261e6 2.9264829814307608e7 2.9405625516824465e7 2.616336397911393e7 1.9207850664023003e6 1.1269552119065698e7 4.54749238761213e6 2.1602849464695744e7 1.791531307768036e7 2.2822233650812067e7 1.9481332312028315e7 2.1636348572379004e7 1.9507686381861195e7 1.8779301213369697e7 1.1653004963557558e7 9.815145502573138e6 3.9556744707944267e6 4.59382589984481e6 796053.3922543136 436324.0245588785 1.1024807416691915e6 3.23795724416797e6 2.8785707578861755e6 4.247745666827137e6 1.2182110452712832e6 5.071234207681172e6 5.095632367090557e6 4.533788415677999e6 332848.3711044932 1.9528744426017762e6 788024.3658192612 3.743507475829957e6 3.104502882720763e6 3.954811721785808e6 3.375874708953948e6 3.749312458188921e6 3.3804415443429174e6 3.25422137473114e6 2.0193220930531402e6 1.7008437069974658e6 685469.6172173325 2.5179172958071623e6 436324.0245588785 239153.12246598274 604279.6109963469 1.7747534899940484e6 1.5777705242880855e6 2.3282276072010677e6 667712.4313604283 2.779589083478483e6 2.7929619341049786e6 2.48501021071596e6 182437.1860748046 1.0703880475167544e6 431923.2429511136 2.051850119242457e6 1.7016059541024128e6 2.1676678770699142e6 1.8503472929699558e6 2.0550318822875007e6 1.8528504165239802e6 1.783668006246755e6 1.1068086024060657e6 932247.7343902744 375712.0627928331 6.362141829228044e6 1.1024807416691915e6 604279.6109963469 1.526862139622852e6 4.484354364641666e6 3.9866281018092115e6 5.882843837803267e6 1.6871408749316938e6 7.02332042657308e6 7.057110246631317e6 6.278993926441351e6 460972.7470659812 2.7046005768148256e6 1.0913610767005756e6 5.184507645535771e6 4.299528993857615e6 5.477149903035043e6 4.675360835245091e6 5.192547158109624e6 4.681685597020746e6 4.506879098409976e6 2.796626131463039e6 2.355554853228857e6 949329.6044394396 1.868544496585348e7 3.23795724416797e6 1.7747534899940484e6 4.484354364641666e6 1.3170432055279048e7 1.170862297559303e7 1.727775923966173e7 4.955088838691162e6 2.0627309297851548e7 2.0726549119919594e7 1.8441241739447977e7 1.3538649604585776e6 7.94334150183837e6 3.205299077565135e6 1.5226764018472007e7 1.2627604751710763e7 1.608624671218763e7 1.3731413088142198e7 1.5250375857658125e7 1.3749988748863596e7 1.3236586612108428e7 8.2136181607037345e6 6.918203296231361e6 2.788156340167748e6 1.661151504507236e7 2.8785707578861755e6 1.5777705242880855e6 3.9866281018092115e6 1.170862297559303e7 1.0409062619144302e7 1.536007079731159e7 4.405114940747074e6 1.8337848489388168e7 1.842607351161088e7 1.639441635799783e7 1.2035971420938924e6 7.061696261826685e6 2.8495373777949405e6 1.3536719090331864e7 1.122604501522982e7 1.430080631028982e7 1.2207339751374174e7 1.3557710210564688e7 1.2223853667318352e7 1.1767434923506478e7 7.301974445904108e6 6.150339922342185e6 2.478694035777537e6 2.4512682503575284e7 4.247745666827137e6 2.3282276072010677e6 5.882843837803267e6 1.727775923966173e7 1.536007079731159e7 2.2665996308303453e7 6.500381430670312e6 2.7060136092305582e7 2.7190324816979297e7 2.4192322128632862e7 1.7760809008874877e6 1.042054971705851e7 4.20490273370207e6 1.997537830240372e7 1.656564596802397e7 2.1102899023845978e7 1.801368765743458e7 2.000635372302402e7 1.8038056318410534e7 1.7364544737715792e7 1.0775114777671246e7 9.075712203033501e6 3.657669981194408e6 7.029992593080261e6 1.2182110452712832e6 667712.4313604283 1.6871408749316938e6 4.955088838691162e6 4.405114940747074e6 6.500381430670312e6 1.8642444907098012e6 7.760576847062977e6 7.797913673419101e6 6.938116436211948e6 509362.2689450345 2.98850961399517e6 1.2059241198198919e6 5.728739051280594e6 4.750861862540452e6 6.0521007363645295e6 5.16614576096908e6 5.737622492637799e6 5.173134449626034e6 4.979978053015945e6 3.0901953331941618e6 2.6028236426163404e6 1.0489832302922495e6 2.9264829814307608e7 5.071234207681172e6 2.779589083478483e6 7.02332042657308e6 2.0627309297851548e7 1.8337848489388168e7 2.7060136092305582e7 7.760576847062977e6 3.2306145089498963e7 3.2461572830659576e7 2.8882362826022245e7 2.120400543405783e6 1.2440727937334865e7 5.0200855361121595e6 2.3847901852887567e7 1.9777142299606893e7 2.5194009200392283e7 2.150590836176443e7 2.38848823185199e7 2.1535001249340482e7 2.0730919452738985e7 1.2864030697259977e7 1.083517371167645e7 4.36676359272159e6 2.9405625516824465e7 5.095632367090557e6 2.7929619341049786e6 7.057110246631317e6 2.0726549119919594e7 1.842607351161088e7 2.7190324816979297e7 7.797913673419101e6 3.2461572830659576e7 3.2617748348525066e7 2.9021318445796553e7 2.130601979259683e6 1.2500581387393264e7 5.044237614707406e6 2.3962636232558858e7 1.9872291892531835e7 2.5315219822394647e7 2.1609375202175632e7 2.399979461450477e7 2.1638608058224775e7 2.0830657752489556e7 1.2925920694595061e7 1.0887302697367044e7 4.387772481263347e6 2.616336397911393e7 4.533788415677999e6 2.48501021071596e6 6.278993926441351e6 1.8441241739447977e7 1.639441635799783e7 2.4192322128632862e7 6.938116436211948e6 2.8882362826022245e7 2.9021318445796553e7 2.5821430570035532e7 1.8956820029588484e6 1.1122268444919858e7 4.488060443918055e6 2.132051818767924e7 1.768117483459173e7 2.2523966036554378e7 1.9226727499888763e7 2.13535794898838e7 1.9252737143945653e7 1.853387136386244e7 1.150070987962349e7 9.686869713382782e6 3.903977095102108e6 1.9207850664023003e6 332848.3711044932 182437.1860748046 460972.7470659812 1.3538649604585776e6 1.2035971420938924e6 1.7760809008874877e6 509362.2689450345 2.120400543405783e6 2.130601979259683e6 1.8956820029588484e6 139171.617412719 816542.0605153814 329491.24908671743 1.5652472279766768e6 1.2980645992557923e6 1.6535984299917787e6 1.4115314485956056e6 1.5676744256260702e6 1.4134409483039302e6 1.3606653703532603e6 844325.3630320946 711162.1693794332 286610.7320845643 1.1269552119065698e7 1.9528744426017762e6 1.0703880475167544e6 2.7046005768148256e6 7.94334150183837e6 7.061696261826685e6 1.042054971705851e7 2.98850961399517e6 1.2440727937334865e7 1.2500581387393264e7 1.1122268444919858e7 816542.0605153814 4.790782409415117e6 1.9331776726657986e6 9.18355495544639e6 7.6159518892070465e6 9.70192553907251e6 8.281679978615972e6 9.19779571090184e6 8.292883317740538e6 7.983240590538951e6 4.95379147337995e6 4.172501792686653e6 1.6815908451227348e6 4.54749238761213e6 788024.3658192612 431923.2429511136 1.0913610767005756e6 3.205299077565135e6 2.8495373777949405e6 4.20490273370207e6 1.2059241198198919e6 5.0200855361121595e6 5.044237614707406e6 4.488060443918055e6 329491.24908671743 1.9331776726657986e6 780076.3204667871 3.705750309318628e6 3.073190742158842e6 3.914923332176724e6 3.3418255012709587e6 3.7114967423927467e6 3.3463462753750696e6 3.2213991674552723e6 1.99895512945024e6 1.68368892916692e6 678555.9431715783 2.1602849464695744e7 3.743507475829957e6 2.051850119242457e6 5.184507645535771e6 1.5226764018472007e7 1.3536719090331864e7 1.997537830240372e7 5.728739051280594e6 2.3847901852887567e7 2.3962636232558858e7 2.132051818767924e7 1.5652472279766768e6 9.18355495544639e6 3.705750309318628e6 1.76041561507696e7 1.4599183752348183e7 1.8597831992248375e7 1.5875332400313515e7 1.7631454564505775e7 1.5896808324649539e7 1.530324744903523e7 9.496030574087495e6 7.998359399402269e6 3.2234780499341297e6 1.791531307768036e7 3.104502882720763e6 1.7016059541024128e6 4.299528993857615e6 1.2627604751710763e7 1.122604501522982e7 1.656564596802397e7 4.750861862540452e6 1.9777142299606893e7 1.9872291892531835e7 1.768117483459173e7 1.2980645992557923e6 7.6159518892070465e6 3.073190742158842e6 1.4599183752348183e7 1.2107150402975125e7 1.5423242348271491e7 1.3165464612835282e7 1.4621822415335992e7 1.3183274666492382e7 1.2691032708565919e7 7.875088932505242e6 6.633065373263584e6 2.673240794367302e6 2.2822233650812067e7 3.954811721785808e6 2.1676678770699142e6 5.477149903035043e6 1.608624671218763e7 1.430080631028982e7 2.1102899023845978e7 6.0521007363645295e6 2.5194009200392283e7 2.5315219822394647e7 2.2523966036554378e7 1.6535984299917787e6 9.70192553907251e6 3.914923332176724e6 1.8597831992248375e7 1.5423242348271491e7 1.964759638858216e7 1.6771423877038298e7 1.862667127928788e7 1.6794112021204878e7 1.616704729016611e7 1.003203900815277e7 8.449830997278506e6 3.4054289617713112e6 1.9481332312028315e7 3.375874708953948e6 1.8503472929699558e6 4.675360835245091e6 1.3731413088142198e7 1.2207339751374174e7 1.801368765743458e7 5.16614576096908e6 2.150590836176443e7 2.1609375202175632e7 1.9226727499888763e7 1.4115314485956056e6 8.281679978615972e6 3.3418255012709587e6 1.5875332400313515e7 1.3165464612835282e7 1.6771423877038298e7 1.4316288532206995e7 1.5899949961550273e7 1.4335655404127378e7 1.3800385430406634e7 8.563468794304492e6 7.212877063529794e6 2.9069149972054497e6 2.1636348572379004e7 3.749312458188921e6 2.0550318822875007e6 5.192547158109624e6 1.5250375857658125e7 1.3557710210564688e7 2.000635372302402e7 5.737622492637799e6 2.38848823185199e7 2.399979461450477e7 2.13535794898838e7 1.5676744256260702e6 9.19779571090184e6 3.7114967423927467e6 1.7631454564505775e7 1.4621822415335992e7 1.862667127928788e7 1.5899949961550273e7 1.7658795309347518e7 1.5921459188173717e7 1.5326977889551261e7 9.510755879250813e6 8.010762295753876e6 3.2284766330370596e6 1.9507686381861195e7 3.3804415443429174e6 1.8528504165239802e6 4.681685597020746e6 1.3749988748863596e7 1.2223853667318352e7 1.8038056318410534e7 5.173134449626034e6 2.1535001249340482e7 2.1638608058224775e7 1.9252737143945653e7 1.4134409483039302e6 8.292883317740538e6 3.3463462753750696e6 1.5896808324649539e7 1.3183274666492382e7 1.6794112021204878e7 1.4335655404127378e7 1.5921459188173717e7 1.43550484752772e7 1.381905439593365e7 8.5750533333392e6 7.222634541241464e6 2.910847430552799e6 1.8779301213369697e7 3.25422137473114e6 1.783668006246755e6 4.506879098409976e6 1.3236586612108428e7 1.1767434923506478e7 1.7364544737715792e7 4.979978053015945e6 2.0730919452738985e7 2.0830657752489556e7 1.853387136386244e7 1.3606653703532603e6 7.983240590538951e6 3.2213991674552723e6 1.530324744903523e7 1.2691032708565919e7 1.616704729016611e7 1.3800385430406634e7 1.5326977889551261e7 1.381905439593365e7 1.3303073460647825e7 8.254874838321179e6 6.9529531564634945e6 2.8021611386649157e6 1.1653004963557558e7 2.0193220930531402e6 1.1068086024060657e6 2.796626131463039e6 8.2136181607037345e6 7.301974445904108e6 1.0775114777671246e7 3.0901953331941618e6 1.2864030697259977e7 1.2925920694595061e7 1.150070987962349e7 844325.3630320946 4.95379147337995e6 1.99895512945024e6 9.496030574087495e6 7.875088932505242e6 1.003203900815277e7 8.563468794304492e6 9.510755879250813e6 8.5750533333392e6 8.254874838321179e6 5.122347012359483e6 4.3144735111852335e6 1.738807918704825e6 9.815145502573138e6 1.7008437069974658e6 932247.7343902744 2.355554853228857e6 6.918203296231361e6 6.150339922342185e6 9.075712203033501e6 2.6028236426163404e6 1.083517371167645e7 1.0887302697367044e7 9.686869713382782e6 711162.1693794332 4.172501792686653e6 1.68368892916692e6 7.998359399402269e6 6.633065373263584e6 8.449830997278506e6 7.212877063529794e6 8.010762295753876e6 7.222634541241464e6 6.9529531564634945e6 4.3144735111852335e6 3.634014180180394e6 1.4645709648701572e6 3.9556744707944267e6 685469.6172173325 375712.0627928331 949329.6044394396 2.788156340167748e6 2.478694035777537e6 3.657669981194408e6 1.0489832302922495e6 4.36676359272159e6 4.387772481263347e6 3.903977095102108e6 286610.7320845643 1.6815908451227348e6 678555.9431715783 3.2234780499341297e6 2.673240794367302e6 3.4054289617713112e6 2.9069149972054497e6 3.2284766330370596e6 2.910847430552799e6 2.8021611386649157e6 1.738807918704825e6 1.4645709648701572e6 590247.5897973039
