6.2117279451676466e7 9.970722884795548e6 2.5833377087685917e7 2.9954935473451417e7 4.984535721919905e7 2.695119943695411e7 5.873075249134769e7 5.910726013662435e7 1.6706435592302093e6 3.247845476288912e7 6.3131231383209944e7 4.872703238459104e7 6.084248551822572e7 9.852001746167367e6 1.517993645645426e7 8.052659804589575e6 5.461067012375598e7 4.682494056528492e6 1.9007057665332697e7 5.2841559458158635e7 3.126400689269099e7 2.2082760025393017e7 1.3328465489787513e7 2.5818677181092836e7 9.970722884795548e6 1.6004454110506377e6 4.146631120896446e6 4.808200926926706e6 8.000901654311966e6 4.326057795363972e6 9.427136266685603e6 9.48757119603535e6 268162.48418141843 5.213262316471197e6 1.0133476853048269e7 7.82139432367081e6 9.766099997929683e6 1.581388949076158e6 2.4365996249699867e6 1.2925685108208258e6 8.765803382946752e6 751608.1042098461 3.05090800030597e6 8.481835502271462e6 5.018325846640838e6 3.5446027689593555e6 2.139411723296994e6 4.144271573015956e6 2.5833377087685917e7 4.146631120896446e6 1.0743602708385589e7 1.2457679256944422e7 2.072972159245496e7 1.1208483439167637e7 2.4424985916082107e7 2.45815681756834e7 694788.3974584298 1.3507162202230334e7 2.6255060117388934e7 2.0264631887722686e7 2.5303214906041328e7 4.097257291753668e6 6.313042459494095e6 3.3489457221423644e6 2.271152321498099e7 1.9473588627984247e6 7.9046682715380695e6 2.197578424930757e7 1.3002096783057045e7 9.183793493671078e6 5.543051434919152e6 1.0737489301077267e7 2.9954935473451417e7 4.808200926926706e6 1.2457679256944422e7 1.4445226306420622e7 2.403702274684771e7 1.2996728884337705e7 2.832184404589351e7 2.850340805383267e7 805637.6656806001 1.5662147880391393e7 3.044389546896917e7 2.3497730804979887e7 2.9340189136272065e7 4.750949803272644e6 7.320250034419497e6 3.883249668456407e6 2.6335008779508e7 2.258048139845655e6 9.165810076214548e6 2.548188713121384e7 1.5076502341681736e7 1.0649011957308242e7 6.427411619295147e6 1.2450590492636835e7 4.984535721919905e7 8.000901654311966e6 2.072972159245496e7 2.403702274684771e7 3.999788236447795e7 2.162670637348071e7 4.712787429721509e7 4.7429998895076364e7 1.3405903434738473e6 2.6061994244986415e7 5.065899227656985e7 3.910049436937906e7 4.882241224230011e7 7.905635125954178e6 1.218098026693737e7 6.461772119893122e6 4.382175755807336e7 3.7574180805199435e6 1.5252013407178512e7 4.2402153321290985e7 2.5087473331506718e7 1.772007839956772e7 1.0695286873261401e7 2.0717925807100404e7 2.695119943695411e7 4.326057795363972e6 1.1208483439167637e7 1.2996728884337705e7 2.162670637348071e7 1.1693479777322602e7 2.5481866518447176e7 2.5645224165899895e7 724852.2174559118 1.4091623449151115e7 2.739112888923321e7 2.1141492018974632e7 2.6398096888923526e7 4.274547537464806e6 6.586210769202445e6 3.4938561750804465e6 2.3694261482202377e7 2.0316219946178875e6 8.246706977026882e6 2.292668674622817e7 1.356470361228098e7 9.581180547769506e6 5.782901871664773e6 1.1202105501856282e7 5.873075249134769e7 9.427136266685603e6 2.4424985916082107e7 2.832184404589351e7 4.712787429721509e7 2.5481866518447176e7 5.552885314115042e7 5.588483423885844e7 1.5795629532478747e6 3.070778541524154e7 5.968942551203823e7 4.607051860414445e7 5.752545812488706e7 9.31488759981205e6 1.4352352497213874e7 7.6136426780939875e6 5.163339055954723e7 4.427212555084935e6 1.7970825657293014e7 4.996072875677414e7 2.955954714872606e7 2.087884602844083e7 1.2601820534963131e7 2.441108742304788e7 5.910726013662435e7 9.48757119603535e6 2.45815681756834e7 2.850340805383267e7 4.7429998895076364e7 2.5645224165899895e7 5.588483423885844e7 5.624309743919882e7 1.5896891222967254e6 3.090464507543501e7 6.007207896179208e7 4.636586476847082e7 5.789423894010397e7 9.374602932026438e6 1.444436171238105e7 7.662451769670488e6 5.1964398855415545e7 4.455594268302382e6 1.808603196684782e7 5.028101405097823e7 2.9749045750741262e7 2.101269490353263e7 1.2682607543038959e7 2.4567580583009493e7 1.6706435592302093e6 268162.48418141843 694788.3974584298 805637.6656806001 1.3405903434738473e6 724852.2174559118 1.5795629532478747e6 1.5896891222967254e6 44931.94046221313 873507.6896853058 1.697913785465781e6 1.3105130091385841e6 1.6363579901733415e6 264969.48044164665 408264.2268682731 216576.1983777042 1.4687533825185294e6 125935.62702240873 511194.61040157086 1.4211731702952154e6 840845.1273471448 593915.5921203742 358468.9352381911 694393.0436295468 3.247845476288912e7 5.213262316471197e6 1.3507162202230334e7 1.5662147880391393e7 2.6061994244986415e7 1.4091623449151115e7 3.070778541524154e7 3.090464507543501e7 873507.6896853058 1.69815876209718e7 3.3008606634167917e7 2.5477270270085238e7 3.1811919823415563e7 5.151188137364017e6 7.936936128827437e6 4.210389596791002e6 2.8553571483523816e7 2.448274823606322e6 9.937973266188692e6 2.762857957740135e7 1.634660504346208e7 1.154612579390913e7 6.968881562264064e6 1.3499476253078721e7 6.3131231383209944e7 1.0133476853048269e7 2.6255060117388934e7 3.044389546896917e7 5.065899227656985e7 2.739112888923321e7 5.968942551203823e7 6.007207896179208e7 1.697913785465781e6 3.3008606634167917e7 6.4161734241128735e7 4.952241281722391e7 6.183562875075404e7 1.0012817807143908e7 1.5427721388866685e7 8.184104871645313e6 5.550209027195157e7 4.758927279858961e6 1.9317313410636626e7 5.370410208318655e7 3.1774335105003975e7 2.244322103365009e7 1.3546028516485438e7 2.624012026148038e7 4.872703238459104e7 7.82139432367081e6 2.0264631887722686e7 2.3497730804979887e7 3.910049436937906e7 2.1141492018974632e7 4.607051860414445e7 4.636586476847082e7 1.3105130091385841e6 2.5477270270085238e7 4.952241281722391e7 3.822324007051961e7 4.772703808626931e7 7.728265184440376e6 1.1907689162161434e7 6.316796526570046e6 4.283857752873076e7 3.6731170705989613e6 1.49098209478886e7 4.145082337311697e7 2.4524613598336153e7 1.732251271138755e7 1.0455328618553212e7 2.0253100751283124e7 6.084248551822572e7 9.766099997929683e6 2.5303214906041328e7 2.9340189136272065e7 4.882241224230011e7 2.6398096888923526e7 5.752545812488706e7 5.789423894010397e7 1.6363579901733415e6 3.1811919823415563e7 6.183562875075404e7 4.772703808626931e7 5.959385338044775e7 9.64981529870502e6 1.4868408149424817e7 7.887400122297479e6 5.348992962143566e7 4.586398170337511e6 1.861698775212338e7 5.175712530350863e7 3.062239530451496e7 2.16295694033517e7 1.305493375918739e7 2.528881667640372e7 9.852001746167367e6 1.581388949076158e6 4.097257291753668e6 4.750949803272644e6 7.905635125954178e6 4.274547537464806e6 9.31488759981205e6 9.374602932026438e6 264969.48044164665 5.151188137364017e6 1.0012817807143908e7 7.728265184440376e6 9.64981529870502e6 1.5625593918998535e6 2.4075870964703173e6 1.277177931107334e6 8.661429189556906e6 742658.7260188191 3.01458091792376e6 8.380842507067258e6 4.95857277102092e6 3.5023972757792e6 2.113937803429898e6 4.094925838948556e6 1.517993645645426e7 2.4365996249699867e6 6.313042459494095e6 7.320250034419497e6 1.218098026693737e7 6.586210769202445e6 1.4352352497213874e7 1.444436171238105e7 408264.2268682731 7.936936128827437e6 1.5427721388866685e7 1.1907689162161434e7 1.4868408149424817e7 2.4075870964703173e6 3.7096033962860573e6 1.9678721479456883e6 1.33455056248544e7 1.1442864668779196e6 4.644857761492407e6 1.2913178457192546e7 7.640154916546153e6 5.39648382748912e6 3.2571493951922823e6 6.309450163598838e6 8.052659804589575e6 1.2925685108208258e6 3.3489457221423644e6 3.883249668456407e6 6.461772119893122e6 3.4938561750804465e6 7.6136426780939875e6 7.662451769670488e6 216576.1983777042 4.210389596791002e6 8.184104871645313e6 6.316796526570046e6 7.887400122297479e6 1.277177931107334e6 1.9678721479456883e6 1.0439177391678656e6 7.079530077446139e6 607021.6211508426 2.4640063218513983e6 6.850188958960598e6 4.052952960231254e6 2.8627292695459565e6 1.727854137429944e6 3.3470400793325333e6 5.461067012375598e7 8.765803382946752e6 2.271152321498099e7 2.6335008779508e7 4.382175755807336e7 2.3694261482202377e7 5.163339055954723e7 5.1964398855415545e7 1.4687533825185294e6 2.8553571483523816e7 5.550209027195157e7 4.283857752873076e7 5.348992962143566e7 8.661429189556906e6 1.33455056248544e7 7.079530077446139e6 4.801120264266829e7 4.1166345425101207e6 1.6710135494459061e7 4.645588148526774e7 2.7485884479081158e7 1.9414152290860772e7 1.1717777058876123e7 2.2698599729649838e7 4.682494056528492e6 751608.1042098461 1.9473588627984247e6 2.258048139845655e6 3.7574180805199435e6 2.0316219946178875e6 4.427212555084935e6 4.455594268302382e6 125935.62702240873 2.448274823606322e6 4.758927279858961e6 3.6731170705989613e6 4.586398170337511e6 742658.7260188191 1.1442864668779196e6 607021.6211508426 4.1166345425101207e6 352973.4525234895 1.4327806261903613e6 3.9832763167454996e6 2.3567279145278214e6 1.664631701249709e6 1.004719797606828e6 1.94625076170544e6 1.9007057665332697e7 3.05090800030597e6 7.9046682715380695e6 9.165810076214548e6 1.5252013407178512e7 8.246706977026882e6 1.7970825657293014e7 1.808603196684782e7 511194.61040157086 9.937973266188692e6 1.9317313410636626e7 1.49098209478886e7 1.861698775212338e7 3.01458091792376e6 4.644857761492407e6 2.4640063218513983e6 1.6710135494459061e7 1.4327806261903613e6 5.815905723532653e6 1.6168811264966324e7 9.5663684421501e6 6.757029556306831e6 4.0783323801530544e6 7.90017029650188e6 5.2841559458158635e7 8.481835502271462e6 2.197578424930757e7 2.548188713121384e7 4.2402153321290985e7 2.292668674622817e7 4.996072875677414e7 5.028101405097823e7 1.4211731702952154e6 2.762857957740135e7 5.370410208318655e7 4.145082337311697e7 5.175712530350863e7 8.380842507067258e6 1.2913178457192546e7 6.850188958960598e6 4.645588148526774e7 3.9832763167454996e6 1.6168811264966324e7 4.495094489999845e7 2.6595480254501488e7 1.8785231535933938e7 1.133818009870383e7 2.196327941981207e7 3.126400689269099e7 5.018325846640838e6 1.3002096783057045e7 1.5076502341681736e7 2.5087473331506718e7 1.356470361228098e7 2.955954714872606e7 2.9749045750741262e7 840845.1273471448 1.634660504346208e7 3.1774335105003975e7 2.4524613598336153e7 3.062239530451496e7 4.95857277102092e6 7.640154916546153e6 4.052952960231254e6 2.7485884479081158e7 2.3567279145278214e6 9.5663684421501e6 2.6595480254501488e7 1.573536599822628e7 1.1114388262618857e7 6.708298248410566e6 1.2994698230108416e7 2.2082760025393017e7 3.5446027689593555e6 9.183793493671078e6 1.0649011957308242e7 1.772007839956772e7 9.581180547769506e6 2.087884602844083e7 2.101269490353263e7 593915.5921203742 1.154612579390913e7 2.244322103365009e7 1.732251271138755e7 2.16295694033517e7 3.5023972757792e6 5.39648382748912e6 2.8627292695459565e6 1.9414152290860772e7 1.664631701249709e6 6.757029556306831e6 1.8785231535933938e7 1.1114388262618857e7 7.850445071704357e6 4.7382838964588065e6 9.178567660979174e6 1.3328465489787513e7 2.139411723296994e6 5.543051434919152e6 6.427411619295147e6 1.0695286873261401e7 5.782901871664773e6 1.2601820534963131e7 1.2682607543038959e7 358468.9352381911 6.968881562264064e6 1.3546028516485438e7 1.0455328618553212e7 1.305493375918739e7 2.113937803429898e6 3.2571493951922823e6 1.727854137429944e6 1.1717777058876123e7 1.004719797606828e6 4.0783323801530544e6 1.133818009870383e7 6.708298248410566e6 4.7382838964588065e6 2.859880437144004e6 5.539897285229107e6 2.5818677181092836e7 4.144271573015956e6 1.0737489301077267e7 1.2450590492636835e7 2.0717925807100404e7 1.1202105501856282e7 2.441108742304788e7 2.4567580583009493e7 694393.0436295468 1.3499476253078721e7 2.624012026148038e7 2.0253100751283124e7 2.528881667640372e7 4.094925838948556e6 6.309450163598838e6 3.3470400793325333e6 2.2698599729649838e7 1.94625076170544e6 7.90017029650188e6 2.196327941981207e7 1.2994698230108416e7 9.178567660979174e6 5.539897285229107e6 1.0731379372466916e7
6.2117279451676466e7 9.970722884795548e6 2.5833377087685917e7 2.9954935473451417e7 4.984535721919905e7 2.695119943695411e7 5.873075249134769e7 5.910726013662435e7 1.6706435592302093e6 3.247845476288912e7 6.3131231383209944e7 4.872703238459104e7 6.084248551822572e7 9.852001746167367e6 1.517993645645426e7 8.052659804589575e6 5.461067012375598e7 4.682494056528492e6 1.9007057665332697e7 5.2841559458158635e7 3.126400689269099e7 2.2082760025393017e7 1.3328465489787513e7 2.5818677181092836e7 9.970722884795548e6 1.6004454110506377e6 4.146631120896446e6 4.808200926926706e6 8.000901654311966e6 4.326057795363972e6 9.427136266685603e6 9.48757119603535e6 268162.48418141843 5.213262316471197e6 1.0133476853048269e7 7.82139432367081e6 9.766099997929683e6 1.581388949076158e6 2.4365996249699867e6 1.2925685108208258e6 8.765803382946752e6 751608.1042098461 3.05090800030597e6 8.481835502271462e6 5.018325846640838e6 3.5446027689593555e6 2.139411723296994e6 4.144271573015956e6 2.5833377087685917e7 4.146631120896446e6 1.0743602708385589e7 1.2457679256944422e7 2.072972159245496e7 1.1208483439167637e7 2.4424985916082107e7 2.45815681756834e7 694788.3974584298 1.3507162202230334e7 2.6255060117388934e7 2.0264631887722686e7 2.5303214906041328e7 4.097257291753668e6 6.313042459494095e6 3.3489457221423644e6 2.271152321498099e7 1.9473588627984247e6 7.9046682715380695e6 2.197578424930757e7 1.3002096783057045e7 9.183793493671078e6 5.543051434919152e6 1.0737489301077267e7 2.9954935473451417e7 4.808200926926706e6 1.2457679256944422e7 1.4445226306420622e7 2.403702274684771e7 1.2996728884337705e7 2.832184404589351e7 2.850340805383267e7 805637.6656806001 1.5662147880391393e7 3.044389546896917e7 2.3497730804979887e7 2.9340189136272065e7 4.750949803272644e6 7.320250034419497e6 3.883249668456407e6 2.6335008779508e7 2.258048139845655e6 9.165810076214548e6 2.548188713121384e7 1.5076502341681736e7 1.0649011957308242e7 6.427411619295147e6 1.2450590492636835e7 4.984535721919905e7 8.000901654311966e6 2.072972159245496e7 2.403702274684771e7 3.999788236447795e7 2.162670637348071e7 4.712787429721509e7 4.7429998895076364e7 1.3405903434738473e6 2.6061994244986415e7 5.065899227656985e7 3.910049436937906e7 4.882241224230011e7 7.905635125954178e6 1.218098026693737e7 6.461772119893122e6 4.382175755807336e7 3.7574180805199435e6 1.5252013407178512e7 4.2402153321290985e7 2.5087473331506718e7 1.772007839956772e7 1.0695286873261401e7 2.0717925807100404e7 2.695119943695411e7 4.326057795363972e6 1.1208483439167637e7 1.2996728884337705e7 2.162670637348071e7 1.1693479777322602e7 2.5481866518447176e7 2.5645224165899895e7 724852.2174559118 1.4091623449151115e7 2.739112888923321e7 2.1141492018974632e7 2.6398096888923526e7 4.274547537464806e6 6.586210769202445e6 3.4938561750804465e6 2.3694261482202377e7 2.0316219946178875e6 8.246706977026882e6 2.292668674622817e7 1.356470361228098e7 9.581180547769506e6 5.782901871664773e6 1.1202105501856282e7 5.873075249134769e7 9.427136266685603e6 2.4424985916082107e7 2.832184404589351e7 4.712787429721509e7 2.5481866518447176e7 5.552885314115042e7 5.588483423885844e7 1.5795629532478747e6 3.070778541524154e7 5.968942551203823e7 4.607051860414445e7 5.752545812488706e7 9.31488759981205e6 1.4352352497213874e7 7.6136426780939875e6 5.163339055954723e7 4.427212555084935e6 1.7970825657293014e7 4.996072875677414e7 2.955954714872606e7 2.087884602844083e7 1.2601820534963131e7 2.441108742304788e7 5.910726013662435e7 9.48757119603535e6 2.45815681756834e7 2.850340805383267e7 4.7429998895076364e7 2.5645224165899895e7 5.588483423885844e7 5.624309743919882e7 1.5896891222967254e6 3.090464507543501e7 6.007207896179208e7 4.636586476847082e7 5.789423894010397e7 9.374602932026438e6 1.444436171238105e7 7.662451769670488e6 5.1964398855415545e7 4.455594268302382e6 1.808603196684782e7 5.028101405097823e7 2.9749045750741262e7 2.101269490353263e7 1.2682607543038959e7 2.4567580583009493e7 1.6706435592302093e6 268162.48418141843 694788.3974584298 805637.6656806001 1.3405903434738473e6 724852.2174559118 1.5795629532478747e6 1.5896891222967254e6 44931.94046221313 873507.6896853058 1.697913785465781e6 1.3105130091385841e6 1.6363579901733415e6 264969.48044164665 408264.2268682731 216576.1983777042 1.4687533825185294e6 125935.62702240873 511194.61040157086 1.4211731702952154e6 840845.1273471448 593915.5921203742 358468.9352381911 694393.0436295468 3.247845476288912e7 5.213262316471197e6 1.3507162202230334e7 1.5662147880391393e7 2.6061994244986415e7 1.4091623449151115e7 3.070778541524154e7 3.090464507543501e7 873507.6896853058 1.69815876209718e7 3.3008606634167917e7 2.5477270270085238e7 3.1811919823415563e7 5.151188137364017e6 7.936936128827437e6 4.210389596791002e6 2.8553571483523816e7 2.448274823606322e6 9.937973266188692e6 2.762857957740135e7 1.634660504346208e7 1.154612579390913e7 6.968881562264064e6 1.3499476253078721e7 6.3131231383209944e7 1.0133476853048269e7 2.6255060117388934e7 3.044389546896917e7 5.065899227656985e7 2.739112888923321e7 5.968942551203823e7 6.007207896179208e7 1.697913785465781e6 3.3008606634167917e7 6.4161734241128735e7 4.952241281722391e7 6.183562875075404e7 1.0012817807143908e7 1.5427721388866685e7 8.184104871645313e6 5.550209027195157e7 4.758927279858961e6 1.9317313410636626e7 5.370410208318655e7 3.1774335105003975e7 2.244322103365009e7 1.3546028516485438e7 2.624012026148038e7 4.872703238459104e7 7.82139432367081e6 2.0264631887722686e7 2.3497730804979887e7 3.910049436937906e7 2.1141492018974632e7 4.607051860414445e7 4.636586476847082e7 1.3105130091385841e6 2.5477270270085238e7 4.952241281722391e7 3.822324007051961e7 4.772703808626931e7 7.728265184440376e6 1.1907689162161434e7 6.316796526570046e6 4.283857752873076e7 3.6731170705989613e6 1.49098209478886e7 4.145082337311697e7 2.4524613598336153e7 1.732251271138755e7 1.0455328618553212e7 2.0253100751283124e7 6.084248551822572e7 9.766099997929683e6 2.5303214906041328e7 2.9340189136272065e7 4.882241224230011e7 2.6398096888923526e7 5.752545812488706e7 5.789423894010397e7 1.6363579901733415e6 3.1811919823415563e7 6.183562875075404e7 4.772703808626931e7 5.959385338044775e7 9.64981529870502e6 1.4868408149424817e7 7.887400122297479e6 5.348992962143566e7 4.586398170337511e6 1.861698775212338e7 5.175712530350863e7 3.062239530451496e7 2.16295694033517e7 1.305493375918739e7 2.528881667640372e7 9.852001746167367e6 1.581388949076158e6 4.097257291753668e6 4.750949803272644e6 7.905635125954178e6 4.274547537464806e6 9.31488759981205e6 9.374602932026438e6 264969.48044164665 5.151188137364017e6 1.0012817807143908e7 7.728265184440376e6 9.64981529870502e6 1.5625593918998535e6 2.4075870964703173e6 1.277177931107334e6 8.661429189556906e6 742658.7260188191 3.01458091792376e6 8.380842507067258e6 4.95857277102092e6 3.5023972757792e6 2.113937803429898e6 4.094925838948556e6 1.517993645645426e7 2.4365996249699867e6 6.313042459494095e6 7.320250034419497e6 1.218098026693737e7 6.586210769202445e6 1.4352352497213874e7 1.444436171238105e7 408264.2268682731 7.936936128827437e6 1.5427721388866685e7 1.1907689162161434e7 1.4868408149424817e7 2.4075870964703173e6 3.7096033962860573e6 1.9678721479456883e6 1.33455056248544e7 1.1442864668779196e6 4.644857761492407e6 1.2913178457192546e7 7.640154916546153e6 5.39648382748912e6 3.2571493951922823e6 6.309450163598838e6 8.052659804589575e6 1.2925685108208258e6 3.3489457221423644e6 3.883249668456407e6 6.461772119893122e6 3.4938561750804465e6 7.6136426780939875e6 7.662451769670488e6 216576.1983777042 4.210389596791002e6 8.184104871645313e6 6.316796526570046e6 7.887400122297479e6 1.277177931107334e6 1.9678721479456883e6 1.0439177391678656e6 7.079530077446139e6 607021.6211508426 2.4640063218513983e6 6.850188958960598e6 4.052952960231254e6 2.8627292695459565e6 1.727854137429944e6 3.3470400793325333e6 5.461067012375598e7 8.765803382946752e6 2.271152321498099e7 2.6335008779508e7 4.382175755807336e7 2.3694261482202377e7 5.163339055954723e7 5.1964398855415545e7 1.4687533825185294e6 2.8553571483523816e7 5.550209027195157e7 4.283857752873076e7 5.348992962143566e7 8.661429189556906e6 1.33455056248544e7 7.079530077446139e6 4.801120264266829e7 4.1166345425101207e6 1.6710135494459061e7 4.645588148526774e7 2.7485884479081158e7 1.9414152290860772e7 1.1717777058876123e7 2.2698599729649838e7 4.682494056528492e6 751608.1042098461 1.9473588627984247e6 2.258048139845655e6 3.7574180805199435e6 2.0316219946178875e6 4.427212555084935e6 4.455594268302382e6 125935.62702240873 2.448274823606322e6 4.758927279858961e6 3.6731170705989613e6 4.586398170337511e6 742658.7260188191 1.1442864668779196e6 607021.6211508426 4.1166345425101207e6 352973.4525234895 1.4327806261903613e6 3.9832763167454996e6 2.3567279145278214e6 1.664631701249709e6 1.004719797606828e6 1.94625076170544e6 1.9007057665332697e7 3.05090800030597e6 7.9046682715380695e6 9.165810076214548e6 1.5252013407178512e7 8.246706977026882e6 1.7970825657293014e7 1.808603196684782e7 511194.61040157086 9.937973266188692e6 1.9317313410636626e7 1.49098209478886e7 1.861698775212338e7 3.01458091792376e6 4.644857761492407e6 2.4640063218513983e6 1.6710135494459061e7 1.4327806261903613e6 5.815905723532653e6 1.6168811264966324e7 9.5663684421501e6 6.757029556306831e6 4.0783323801530544e6 7.90017029650188e6 5.2841559458158635e7 8.481835502271462e6 2.197578424930757e7 2.548188713121384e7 4.2402153321290985e7 2.292668674622817e7 4.996072875677414e7 5.028101405097823e7 1.4211731702952154e6 2.762857957740135e7 5.370410208318655e7 4.145082337311697e7 5.175712530350863e7 8.380842507067258e6 1.2913178457192546e7 6.850188958960598e6 4.645588148526774e7 3.9832763167454996e6 1.6168811264966324e7 4.495094489999845e7 2.6595480254501488e7 1.8785231535933938e7 1.133818009870383e7 2.196327941981207e7 3.126400689269099e7 5.018325846640838e6 1.3002096783057045e7 1.5076502341681736e7 2.5087473331506718e7 1.356470361228098e7 2.955954714872606e7 2.9749045750741262e7 840845.1273471448 1.634660504346208e7 3.1774335105003975e7 2.4524613598336153e7 3.062239530451496e7 4.95857277102092e6 7.640154916546153e6 4.052952960231254e6 2.7485884479081158e7 2.3567279145278214e6 9.5663684421501e6 2.6595480254501488e7 1.573536599822628e7 1.1114388262618857e7 6.708298248410566e6 1.2994698230108416e7 2.2082760025393017e7 3.5446027689593555e6 9.183793493671078e6 1.0649011957308242e7 1.772007839956772e7 9.581180547769506e6 2.087884602844083e7 2.101269490353263e7 593915.5921203742 1.154612579390913e7 2.244322103365009e7 1.732251271138755e7 2.16295694033517e7 3.5023972757792e6 5.39648382748912e6 2.8627292695459565e6 1.9414152290860772e7 1.664631701249709e6 6.757029556306831e6 1.8785231535933938e7 1.1114388262618857e7 7.850445071704357e6 4.7382838964588065e6 9.178567660979174e6 1.3328465489787513e7 2.139411723296994e6 5.543051434919152e6 6.427411619295147e6 1.0695286873261401e7 5.782901871664773e6 1.2601820534963131e7 1.2682607543038959e7 358468.9352381911 6.968881562264064e6 1.3546028516485438e7 1.0455328618553212e7 1.305493375918739e7 2.113937803429898e6 3.2571493951922823e6 1.727854137429944e6 1.1717777058876123e7 1.004719797606828e6 4.0783323801530544e6 1.133818009870383e7 6.708298248410566e6 4.7382838964588065e6 2.859880437144004e6 5.539897285229107e6 2.5818677181092836e7 4.144271573015956e6 1.0737489301077267e7 1.2450590492636835e7 2.0717925807100404e7 1.1202105501856282e7 2.441108742304788e7 2.4567580583009493e7 694393.0436295468 1.3499476253078721e7 2.624012026148038e7 2.0253100751283124e7 2.528881667640372e7 4.094925838948556e6 6.309450163598838e6 3.3470400793325333e6 2.2698599729649838e7 1.94625076170544e6 7.90017029650188e6 2.196327941981207e7 1.2994698230108416e7 9.178567660979174e6 5.539897285229107e6 1.0731379372466916e7
6.2117279451676466e7 9.970722884795548e6 2.5833377087685917e7 2.9954935473451417e7 4.984535721919905e7 2.695119943695411e7 5.873075249134769e7 5.910726013662435e7 1.6706435592302093e6 3.247845476288912e7 6.3131231383209944e7 4.872703238459104e7 6.084248551822572e7 9.852001746167367e6 1.517993645645426e7 8.052659804589575e6 5.461067012375598e7 4.682494056528492e6 1.9007057665332697e7 5.2841559458158635e7 3.126400689269099e7 2.2082760025393017e7 1.3328465489787513e7 2.5818677181092836e7 9.970722884795548e6 1.6004454110506377e6 4.146631120896446e6 4.808200926926706e6 8.000901654311966e6 4.326057795363972e6 9.427136266685603e6 9.48757119603535e6 268162.48418141843 5.213262316471197e6 1.0133476853048269e7 7.82139432367081e6 9.766099997929683e6 1.581388949076158e6 2.4365996249699867e6 1.2925685108208258e6 8.765803382946752e6 751608.1042098461 3.05090800030597e6 8.481835502271462e6 5.018325846640838e6 3.5446027689593555e6 2.139411723296994e6 4.144271573015956e6 2.5833377087685917e7 4.146631120896446e6 1.0743602708385589e7 1.2457679256944422e7 2.072972159245496e7 1.1208483439167637e7 2.4424985916082107e7 2.45815681756834e7 694788.3974584298 1.3507162202230334e7 2.6255060117388934e7 2.0264631887722686e7 2.5303214906041328e7 4.097257291753668e6 6.313042459494095e6 3.3489457221423644e6 2.271152321498099e7 1.9473588627984247e6 7.9046682715380695e6 2.197578424930757e7 1.3002096783057045e7 9.183793493671078e6 5.543051434919152e6 1.0737489301077267e7 2.9954935473451417e7 4.808200926926706e6 1.2457679256944422e7 1.4445226306420622e7 2.403702274684771e7 1.2996728884337705e7 2.832184404589351e7 2.850340805383267e7 805637.6656806001 1.5662147880391393e7 3.044389546896917e7 2.3497730804979887e7 2.9340189136272065e7 4.750949803272644e6 7.320250034419497e6 3.883249668456407e6 2.6335008779508e7 2.258048139845655e6 9.165810076214548e6 2.548188713121384e7 1.5076502341681736e7 1.0649011957308242e7 6.427411619295147e6 1.2450590492636835e7 4.984535721919905e7 8.000901654311966e6 2.072972159245496e7 2.403702274684771e7 3.999788236447795e7 2.162670637348071e7 4.712787429721509e7 4.7429998895076364e7 1.3405903434738473e6 2.6061994244986415e7 5.065899227656985e7 3.910049436937906e7 4.882241224230011e7 7.905635125954178e6 1.218098026693737e7 6.461772119893122e6 4.382175755807336e7 3.7574180805199435e6 1.5252013407178512e7 4.2402153321290985e7 2.5087473331506718e7 1.772007839956772e7 1.0695286873261401e7 2.0717925807100404e7 2.695119943695411e7 4.326057795363972e6 1.1208483439167637e7 1.2996728884337705e7 2.162670637348071e7 1.1693479777322602e7 2.5481866518447176e7 2.5645224165899895e7 724852.2174559118 1.4091623449151115e7 2.739112888923321e7 2.1141492018974632e7 2.6398096888923526e7 4.274547537464806e6 6.586210769202445e6 3.4938561750804465e6 2.3694261482202377e7 2.0316219946178875e6 8.246706977026882e6 2.292668674622817e7 1.356470361228098e7 9.581180547769506e6 5.782901871664773e6 1.1202105501856282e7 5.873075249134769e7 9.427136266685603e6 2.4424985916082107e7 2.832184404589351e7 4.712787429721509e7 2.5481866518447176e7 5.552885314115042e7 5.588483423885844e7 1.5795629532478747e6 3.070778541524154e7 5.968942551203823e7 4.607051860414445e7 5.752545812488706e7 9.31488759981205e6 1.4352352497213874e7 7.6136426780939875e6 5.163339055954723e7 4.427212555084935e6 1.7970825657293014e7 4.996072875677414e7 2.955954714872606e7 2.087884602844083e7 1.2601820534963131e7 2.441108742304788e7 5.910726013662435e7 9.48757119603535e6 2.45815681756834e7 2.850340805383267e7 4.7429998895076364e7 2.5645224165899895e7 5.588483423885844e7 5.624309743919882e7 1.5896891222967254e6 3.090464507543501e7 6.007207896179208e7 4.636586476847082e7 5.789423894010397e7 9.374602932026438e6 1.444436171238105e7 7.662451769670488e6 5.1964398855415545e7 4.455594268302382e6 1.808603196684782e7 5.028101405097823e7 2.9749045750741262e7 2.101269490353263e7 1.2682607543038959e7 2.4567580583009493e7 1.6706435592302093e6 268162.48418141843 694788.3974584298 805637.6656806001 1.3405903434738473e6 724852.2174559118 1.5795629532478747e6 1.5896891222967254e6 44931.94046221313 873507.6896853058 1.697913785465781e6 1.3105130091385841e6 1.6363579901733415e6 264969.48044164665 408264.2268682731 216576.1983777042 1.4687533825185294e6 125935.62702240873 511194.61040157086 1.4211731702952154e6 840845.1273471448 593915.5921203742 358468.9352381911 694393.0436295468 3.247845476288912e7 5.213262316471197e6 1.3507162202230334e7 1.5662147880391393e7 2.6061994244986415e7 1.4091623449151115e7 3.070778541524154e7 3.090464507543501e7 873507.6896853058 1.69815876209718e7 3.3008606634167917e7 2.5477270270085238e7 3.1811919823415563e7 5.151188137364017e6 7.936936128827437e6 4.210389596791002e6 2.8553571483523816e7 2.448274823606322e6 9.937973266188692e6 2.762857957740135e7 1.634660504346208e7 1.154612579390913e7 6.968881562264064e6 1.3499476253078721e7 6.3131231383209944e7 1.0133476853048269e7 2.6255060117388934e7 3.044389546896917e7 5.065899227656985e7 2.739112888923321e7 5.968942551203823e7 6.007207896179208e7 1.697913785465781e6 3.3008606634167917e7 6.4161734241128735e7 4.952241281722391e7 6.183562875075404e7 1.0012817807143908e7 1.5427721388866685e7 8.184104871645313e6 5.550209027195157e7 4.758927279858961e6 1.9317313410636626e7 5.370410208318655e7 3.1774335105003975e7 2.244322103365009e7 1.3546028516485438e7 2.624012026148038e7 4.872703238459104e7 7.82139432367081e6 2.0264631887722686e7 2.3497730804979887e7 3.910049436937906e7 2.1141492018974632e7 4.607051860414445e7 4.636586476847082e7 1.3105130091385841e6 2.5477270270085238e7 4.952241281722391e7 3.822324007051961e7 4.772703808626931e7 7.728265184440376e6 1.1907689162161434e7 6.316796526570046e6 4.283857752873076e7 3.6731170705989613e6 1.49098209478886e7 4.145082337311697e7 2.4524613598336153e7 1.732251271138755e7 1.0455328618553212e7 2.0253100751283124e7 6.084248551822572e7 9.766099997929683e6 2.5303214906041328e7 2.9340189136272065e7 4.882241224230011e7 2.6398096888923526e7 5.752545812488706e7 5.789423894010397e7 1.6363579901733415e6 3.1811919823415563e7 6.183562875075404e7 4.772703808626931e7 5.959385338044775e7 9.64981529870502e6 1.4868408149424817e7 7.887400122297479e6 5.348992962143566e7 4.586398170337511e6 1.861698775212338e7 5.175712530350863e7 3.062239530451496e7 2.16295694033517e7 1.305493375918739e7 2.528881667640372e7 9.852001746167367e6 1.581388949076158e6 4.097257291753668e6 4.750949803272644e6 7.905635125954178e6 4.274547537464806e6 9.31488759981205e6 9.374602932026438e6 264969.48044164665 5.151188137364017e6 1.0012817807143908e7 7.728265184440376e6 9.64981529870502e6 1.5625593918998535e6 2.4075870964703173e6 1.277177931107334e6 8.661429189556906e6 742658.7260188191 3.01458091792376e6 8.380842507067258e6 4.95857277102092e6 3.5023972757792e6 2.113937803429898e6 4.094925838948556e6 1.517993645645426e7 2.4365996249699867e6 6.313042459494095e6 7.320250034419497e6 1.218098026693737e7 6.586210769202445e6 1.4352352497213874e7 1.444436171238105e7 408264.2268682731 7.936936128827437e6 1.5427721388866685e7 1.1907689162161434e7 1.4868408149424817e7 2.4075870964703173e6 3.7096033962860573e6 1.9678721479456883e6 1.33455056248544e7 1.1442864668779196e6 4.644857761492407e6 1.2913178457192546e7 7.640154916546153e6 5.39648382748912e6 3.2571493951922823e6 6.309450163598838e6 8.052659804589575e6 1.2925685108208258e6 3.3489457221423644e6 3.883249668456407e6 6.461772119893122e6 3.4938561750804465e6 7.6136426780939875e6 7.662451769670488e6 216576.1983777042 4.210389596791002e6 8.184104871645313e6 6.316796526570046e6 7.887400122297479e6 1.277177931107334e6 1.9678721479456883e6 1.0439177391678656e6 7.079530077446139e6 607021.6211508426 2.4640063218513983e6 6.850188958960598e6 4.052952960231254e6 2.8627292695459565e6 1.727854137429944e6 3.3470400793325333e6 5.461067012375598e7 8.765803382946752e6 2.271152321498099e7 2.6335008779508e7 4.382175755807336e7 2.3694261482202377e7 5.163339055954723e7 5.1964398855415545e7 1.4687533825185294e6 2.8553571483523816e7 5.550209027195157e7 4.283857752873076e7 5.348992962143566e7 8.661429189556906e6 1.33455056248544e7 7.079530077446139e6 4.801120264266829e7 4.1166345425101207e6 1.6710135494459061e7 4.645588148526774e7 2.7485884479081158e7 1.9414152290860772e7 1.1717777058876123e7 2.2698599729649838e7 4.682494056528492e6 751608.1042098461 1.9473588627984247e6 2.258048139845655e6 3.7574180805199435e6 2.0316219946178875e6 4.427212555084935e6 4.455594268302382e6 125935.62702240873 2.448274823606322e6 4.758927279858961e6 3.6731170705989613e6 4.586398170337511e6 742658.7260188191 1.1442864668779196e6 607021.6211508426 4.1166345425101207e6 352973.4525234895 1.4327806261903613e6 3.9832763167454996e6 2.3567279145278214e6 1.664631701249709e6 1.004719797606828e6 1.94625076170544e6 1.9007057665332697e7 3.05090800030597e6 7.9046682715380695e6 9.165810076214548e6 1.5252013407178512e7 8.246706977026882e6 1.7970825657293014e7 1.808603196684782e7 511194.61040157086 9.937973266188692e6 1.9317313410636626e7 1.49098209478886e7 1.861698775212338e7 3.01458091792376e6 4.644857761492407e6 2.4640063218513983e6 1.6710135494459061e7 1.4327806261903613e6 5.815905723532653e6 1.6168811264966324e7 9.5663684421501e6 6.757029556306831e6 4.0783323801530544e6 7.90017029650188e6 5.2841559458158635e7 8.481835502271462e6 2.197578424930757e7 2.548188713121384e7 4.2402153321290985e7 2.292668674622817e7 4.996072875677414e7 5.028101405097823e7 1.4211731702952154e6 2.762857957740135e7 5.370410208318655e7 4.145082337311697e7 5.175712530350863e7 8.380842507067258e6 1.2913178457192546e7 6.850188958960598e6 4.645588148526774e7 3.9832763167454996e6 1.6168811264966324e7 4.495094489999845e7 2.6595480254501488e7 1.8785231535933938e7 1.133818009870383e7 2.196327941981207e7 3.126400689269099e7 5.018325846640838e6 1.3002096783057045e7 1.5076502341681736e7 2.5087473331506718e7 1.356470361228098e7 2.955954714872606e7 2.9749045750741262e7 840845.1273471448 1.634660504346208e7 3.1774335105003975e7 2.4524613598336153e7 3.062239530451496e7 4.95857277102092e6 7.640154916546153e6 4.052952960231254e6 2.7485884479081158e7 2.3567279145278214e6 9.5663684421501e6 2.6595480254501488e7 1.573536599822628e7 1.1114388262618857e7 6.708298248410566e6 1.2994698230108416e7 2.2082760025393017e7 3.5446027689593555e6 9.183793493671078e6 1.0649011957308242e7 1.772007839956772e7 9.581180547769506e6 2.087884602844083e7 2.101269490353263e7 593915.5921203742 1.154612579390913e7 2.244322103365009e7 1.732251271138755e7 2.16295694033517e7 3.5023972757792e6 5.39648382748912e6 2.8627292695459565e6 1.9414152290860772e7 1.664631701249709e6 6.757029556306831e6 1.8785231535933938e7 1.1114388262618857e7 7.850445071704357e6 4.7382838964588065e6 9.178567660979174e6 1.3328465489787513e7 2.139411723296994e6 5.543051434919152e6 6.427411619295147e6 1.0695286873261401e7 5.782901871664773e6 1.2601820534963131e7 1.2682607543038959e7 358468.9352381911 6.968881562264064e6 1.3546028516485438e7 1.0455328618553212e7 1.305493375918739e7 2.113937803429898e6 3.2571493951922823e6 1.727854137429944e6 1.1717777058876123e7 1.004719797606828e6 4.0783323801530544e6 1.133818009870383e7 6.708298248410566e6 4.7382838964588065e6 2.859880437144004e6 5.539897285229107e6 2.5818677181092836e7 4.144271573015956e6 1.0737489301077267e7 1.2450590492636835e7 2.0717925807100404e7 1.1202105501856282e7 2.441108742304788e7 2.4567580583009493e7 694393.0436295468 1.3499476253078721e7 2.624012026148038e7 2.0253100751283124e7 2.528881667640372e7 4.094925838948556e6 6.309450163598838e6 3.3470400793325333e6 2.2698599729649838e7 1.94625076170544e6 7.90017029650188e6 2.196327941981207e7 1.2994698230108416e7 9.178567660979174e6 5.539897285229107e6 1.0731379372466916e7
