5.142260825595568e6 5.862410688459715e6 4.549358805771569e6 3.443040752854957e6 5.140930511096059e6 615048.8419565383 1.1145415130677097e6 4.634718765917316e6 1.27310937219867e6 5.937889849217297e6 5.814812387812443e6 1.270914622722608e6 36705.807809694124 5.029863993980514e6 3.829839633932349e6 4.812422535930278e6 1.3767937002237958e6 4.480189334986425e6 2.30690301075254e6 13500.202051635943 1.5220068921979642e6 2.36277812638258e6 6.417718164165188e6 2.54304940759875e6 5.862410688459715e6 6.6834142113330625e6 5.186475480948532e6 3.925222697742397e6 5.860894069562806e6 701183.589728391 1.2706279009453899e6 5.28378970900832e6 1.4514024559015462e6 6.769463879716028e6 6.629149988663111e6 1.448900341904739e6 41846.2865518255 5.734273200036461e6 4.366190974463316e6 5.486380070725906e6 1.569607294873296e6 5.107619145457427e6 2.629974115696331e6 15390.84295567797 1.7351569232580292e6 2.693674283034795e6 7.31648993257097e6 2.8991917240334447e6 4.549358805771569e6 5.186475480948532e6 4.024818313500125e6 3.046058591517853e6 4.548181876364825e6 544133.7886260397 986035.0182228071 4.1003362810867634e6 1.1263200233433382e6 5.253251904061022e6 5.144365258318129e6 1.1243783282030048e6 32473.632833015723 4.449921314560775e6 3.3882596107530496e6 4.257550828995978e6 1.2180495615211264e6 3.963624073907949e6 2.0409173867240597e6 11943.630470395701 1.3465196909112216e6 2.0903501086213558e6 5.677756075261615e6 2.249836134018273e6 3.443040752854957e6 3.925222697742397e6 3.046058591517853e6 2.3053147298196517e6 3.4421500304293022e6 411810.7384425308 746249.9434373415 3.1032120171047095e6 852420.2874936698 3.975760357206519e6 3.893352885134006e6 850950.7759024305 24576.65926360348 3.3677845795748727e6 2.564298930714191e6 3.222194959207754e6 921842.9361944081 2.9997456340767886e6 1.5446048631702526e6 9039.165342254924 1.019071558929877e6 1.5820164816605356e6 4.297033139504172e6 1.7027185208700628e6 5.140930511096059e6 5.860894069562806e6 4.548181876364825e6 3.4421500304293022e6 5.139600540751918e6 614889.7274308245 1.1142531786588912e6 4.633519753695929e6 1.2727800159262563e6 5.936353703690881e6 5.813308082703506e6 1.2705858342368451e6 36696.31193424137 5.028562756795414e6 3.8288488457618123e6 4.811177551341895e6 1.376437520581347e6 4.479030299878129e6 2.306306209728973e6 13496.709518848382 1.5216131455745015e6 2.362166870340295e6 6.416057885969058e6 2.5423915149685172e6 615048.8419565383 701183.589728391 544133.7886260397 411810.7384425308 614889.7274308245 73563.96161570946 133306.63110527646 554343.411672731 152272.4092790682 710211.4029783005 695490.5141172734 152009.90253944162 4390.26050060713 601605.4279662694 458074.4757256706 575597.9729765374 164673.74947625853 535860.6565644776 275921.05367488274 1614.7146011552802 182042.21999723424 282604.0918030515 767602.0837422381 304165.7446461247 1.1145415130677097e6 1.2706279009453899e6 986035.0182228071 746249.9434373415 1.1142531786588912e6 133306.63110527646 241567.44017499147 1.0045360671510714e6 275935.68162242125 1.2869873702311767e6 1.2603113721223467e6 275459.988248472 7955.673187746344 1.0901804510716468e6 830085.3272870054 1.0430518553277912e6 298408.38220254955 971043.1208372756 500001.7033960556 2926.0545374237136 329882.1125692967 512112.16181682714 1.390986096529315e6 551184.436317033 4.634718765917316e6 5.28378970900832e6 4.1003362810867634e6 3.1032120171047095e6 4.633519753695929e6 554343.411672731 1.0045360671510714e6 4.177271197957618e6 1.1474532503339136e6 5.3518190631510755e6 5.24088936911548e6 1.1454751230221756e6 33082.93803903667 4.53341552160831e6 3.451833779704156e6 4.33743557420898e6 1.2409039167096165e6 4.037993849391975e6 2.0792112725724375e6 12167.729703820663 1.3717845407634312e6 2.129571504334573e6 5.784288237923032e6 2.292049977975936e6 1.27310937219867e6 1.4514024559015462e6 1.1263200233433382e6 852420.2874936698 1.2727800159262563e6 152272.4092790682 275935.68162242125 1.1474532503339136e6 315193.5556268429 1.4700894167977856e6 1.4396181756578942e6 314650.18448672205 9087.541360026691 1.245282417365435e6 948183.0847062274 1.1914487501250657e6 340863.4884124131 1.1091952013023654e6 571137.8600485978 3342.34966708886 376815.04395175836 584971.2955342529 1.588884232059943e6 629602.4539757323 5.937889849217297e6 6.769463879716028e6 5.253251904061022e6 3.975760357206519e6 5.936353703690881e6 710211.4029783005 1.2869873702311767e6 5.3518190631510755e6 1.4700894167977856e6 6.856621446726057e6 6.714500999411198e6 1.4675550878173076e6 42385.061939222134 5.808102577010248e6 4.422406147362846e6 5.557017797310073e6 1.589816155635854e6 5.173380284868452e6 2.663835311988445e6 15589.00169469861 1.7574972530831022e6 2.728355625752387e6 7.410690518157519e6 2.936519125649326e6 5.814812387812443e6 6.629149988663111e6 5.144365258318129e6 3.893352885134006e6 5.813308082703506e6 695490.5141172734 1.2603113721223467e6 5.24088936911548e6 1.4396181756578942e6 6.714500999411198e6 6.575326350067237e6 1.4371363769171482e6 41506.52664176212 5.687715278001723e6 4.330740835991267e6 5.441834851711196e6 1.5568632815501422e6 5.066149176088713e6 2.608620733051222e6 15265.881057041048 1.7210687732984892e6 2.671803703646335e6 7.257085618202685e6 2.8756524998732754e6 1.270914622722608e6 1.448900341904739e6 1.1243783282030048e6 850950.7759024305 1.2705858342368451e6 152009.90253944162 275459.988248472 1.1454751230221756e6 314650.18448672205 1.4675550878173076e6 1.4371363769171482e6 314107.75007957255 9071.875088868726 1.2431356395686918e6 946548.4849037172 1.1893947777192418e6 340275.8641446647 1.107283028130076e6 570153.2592385856 3336.587695383326 376165.44177432946 583962.846871144 1.5861451093168482e6 628517.0643885013 36705.807809694124 41846.2865518255 32473.632833015723 24576.65926360348 36696.31193424137 4390.26050060713 7955.673187746344 33082.93803903667 9087.541360026691 42385.061939222134 41506.52664176212 9071.875088868726 262.0085547306244 35903.51157471018 27337.65600635177 34351.399645784986 9827.647151320693 31979.8964421465 16466.830722939914 96.36536121094073 10864.188800376138 16865.671101757755 45810.10911350405 18152.459778246506 5.029863993980514e6 5.734273200036461e6 4.449921314560775e6 3.3677845795748727e6 5.028562756795414e6 601605.4279662694 1.0901804510716468e6 4.53341552160831e6 1.245282417365435e6 5.808102577010248e6 5.687715278001723e6 1.2431356395686918e6 35903.51157471018 4.91992387317527e6 3.7461290142171583e6 4.707235136112067e6 1.3467004679002878e6 4.382263713675742e6 2.256479938480281e6 13205.12173808705 1.4887396663256723e6 2.311133765230596e6 6.277443057103304e6 2.487464771628533e6 3.829839633932349e6 4.366190974463316e6 3.3882596107530496e6 2.564298930714191e6 3.8288488457618123e6 458074.4757256706 830085.3272870054 3.451833779704156e6 948183.0847062274 4.422406147362846e6 4.330740835991267e6 946548.4849037172 27337.65600635177 3.7461290142171583e6 2.85237799464213e6 3.584183531025068e6 1.0254048286737319e6 3.33674375232897e6 1.7181292201751901e6 10054.645347061314 1.133556331846091e6 1.7597437433680494e6 4.779771430921284e6 1.8940057190004294e6 4.812422535930278e6 5.486380070725906e6 4.257550828995978e6 3.222194959207754e6 4.811177551341895e6 575597.9729765374 1.0430518553277912e6 4.33743557420898e6 1.1914487501250657e6 5.557017797310073e6 5.441834851711196e6 1.1893947777192418e6 34351.399645784986 4.707235136112067e6 3.584183531025068e6 4.5037409516557e6 1.2884824895120817e6 4.192818072083313e6 2.158932114429482e6 12634.263176524195 1.4243813210323444e6 2.2112232514945823e6 6.006068647616804e6 2.3799314531454085e6 1.3767937002237958e6 1.569607294873296e6 1.2180495615211264e6 921842.9361944081 1.376437520581347e6 164673.74947625853 298408.38220254955 1.2409039167096165e6 340863.4884124131 1.589816155635854e6 1.5568632815501422e6 340275.8641446647 9827.647151320693 1.3467004679002878e6 1.0254048286737319e6 1.2884824895120817e6 368624.0269145412 1.199530063025293e6 617652.359526814 3614.5566642446647 407503.54210837977 632612.4149980969 1.7182858353380195e6 680878.4156401297 4.480189334986425e6 5.107619145457427e6 3.963624073907949e6 2.9997456340767886e6 4.479030299878129e6 535860.6565644776 971043.1208372756 4.037993849391975e6 1.1091952013023654e6 5.173380284868452e6 5.066149176088713e6 1.107283028130076e6 31979.8964421465 4.382263713675742e6 3.33674375232897e6 4.192818072083313e6 1.199530063025293e6 3.9033602452480393e6 2.00988682141081e6 11762.036836180147 1.3260469037782426e6 2.0585679571266056e6 5.5914301995195765e6 2.2156291212528893e6 2.30690301075254e6 2.629974115696331e6 2.0409173867240597e6 1.5446048631702526e6 2.306306209728973e6 275921.05367488274 500001.7033960556 2.0792112725724375e6 571137.8600485978 2.663835311988445e6 2.608620733051222e6 570153.2592385856 16466.830722939914 2.256479938480281e6 1.7181292201751901e6 2.158932114429482e6 617652.359526814 2.00988682141081e6 1.0349147352716735e6 6056.413281035696 682797.3922522587 1.0599812336164275e6 2.879094207236997e6 1.1408539033417397e6 13500.202051635943 15390.84295567797 11943.630470395701 9039.165342254924 13496.709518848382 1614.7146011552802 2926.0545374237136 12167.729703820663 3342.34966708886 15589.00169469861 15265.881057041048 3336.587695383326 96.36536121094073 13205.12173808705 10054.645347061314 12634.263176524195 3614.5566642446647 11762.036836180147 6056.413281035696 35.44267037716563 3995.7912026516547 6203.104663726634 16848.71593743975 6676.378735786896 1.5220068921979642e6 1.7351569232580292e6 1.3465196909112216e6 1.019071558929877e6 1.5216131455745015e6 182042.21999723424 329882.1125692967 1.3717845407634312e6 376815.04395175836 1.7574972530831022e6 1.7210687732984892e6 376165.44177432946 10864.188800376138 1.4887396663256723e6 1.133556331846091e6 1.4243813210323444e6 407503.54210837977 1.3260469037782426e6 682797.3922522587 3995.7912026516547 450483.75772145164 699335.3147683592 1.8995168874795826e6 752692.027269342 2.36277812638258e6 2.693674283034795e6 2.0903501086213558e6 1.5820164816605356e6 2.362166870340295e6 282604.0918030515 512112.16181682714 2.129571504334573e6 584971.2955342529 2.728355625752387e6 2.671803703646335e6 583962.846871144 16865.671101757755 2.311133765230596e6 1.7597437433680494e6 2.2112232514945823e6 632612.4149980969 2.0585679571266056e6 1.0599812336164275e6 6203.104663726634 699335.3147683592 1.0856548634647278e6 2.9488282710399944e6 1.168486336724974e6 6.417718164165188e6 7.31648993257097e6 5.677756075261615e6 4.297033139504172e6 6.416057885969058e6 767602.0837422381 1.390986096529315e6 5.784288237923032e6 1.588884232059943e6 7.410690518157519e6 7.257085618202685e6 1.5861451093168482e6 45810.10911350405 6.277443057103304e6 4.779771430921284e6 6.006068647616804e6 1.7182858353380195e6 5.5914301995195765e6 2.879094207236997e6 16848.71593743975 1.8995168874795826e6 2.9488282710399944e6 8.009532738916557e6 3.1738130229179496e6 2.54304940759875e6 2.8991917240334447e6 2.249836134018273e6 1.7027185208700628e6 2.5423915149685172e6 304165.7446461247 551184.436317033 2.292049977975936e6 629602.4539757323 2.936519125649326e6 2.8756524998732754e6 628517.0643885013 18152.459778246506 2.487464771628533e6 1.8940057190004294e6 2.3799314531454085e6 680878.4156401297 2.2156291212528893e6 1.1408539033417397e6 6676.378735786896 752692.027269342 1.168486336724974e6 3.1738130229179496e6 1.2576375467573344e6
2.0208946800180245e6 5.520656146199709e6 1.1835714468970424e6 2.581134410133536e6 5.17637071952499e6 2.3839373776165773e6 3.830415968471962e6 5.74878309420637e6 2.7242351037167152e6 5.038292467928124e6 3.14847530668898e6 2.035923679398401e6 1.7056712705304574e6 1.7218500103075067e6 1.6212279263486827e6 4.809381175376468e6 5.391631873435076e6 608974.2163879988 5.694592392767914e6 4.826325751194496e6 3.2812461266260063e6 2.0827255921034554e6 346605.3927273233 28756.403304548345 5.520656146199709e6 1.5081263059340026e7 3.2332664573694463e6 7.051112404009185e6 1.414074820935199e7 6.5124118866881225e6 1.0463884965374662e7 1.57044575533824e7 7.4420331834871005e6 1.3763547677393565e7 8.600967544174792e6 5.561712188664903e6 4.659532570478264e6 4.703729460138609e6 4.428851243206616e6 1.3138210520214971e7 1.4728796079496892e7 1.6635885500720756e6 1.5556420037166849e7 1.3184499511699528e7 8.963669297199735e6 5.689565099350361e6 946852.5057668985 78556.40188257434 1.1835714468970424e6 3.2332664573694463e6 693178.8102373866 1.5116854028287341e6 3.0316298235438145e6 1.3961935964482957e6 2.2433484608814255e6 3.366872896437336e6 1.5954947654001191e6 2.950761939807261e6 1.8439582780356715e6 1.1923734367869303e6 998955.4792506278 1.0084308342190136e6 949499.7940819399 2.816696135975258e6 3.157701190801714e6 356656.1392535843 3.3351351876175436e6 2.826620015886615e6 1.9217177738730155e6 1.2197837754283168e6 202995.3615242021 16841.678194934735 2.581134410133536e6 7.051112404009185e6 1.5116854028287341e6 3.2966858238827055e6 6.611382926523651e6 3.044821117008815e6 4.892297732833744e6 7.342481529377701e6 3.47945740914821e6 6.435026122771478e6 4.0213070151078748e6 2.6003298030622853e6 2.178523627318908e6 2.1991874958341965e6 2.0706705939424317e6 6.142655214027261e6 6.886319555837465e6 777796.2505147225 7.273267885749906e6 6.164297226419831e6 4.1908850418054583e6 2.660106311228463e6 442692.5929155115 36728.35740276453 5.17637071952499e6 1.414074820935199e7 3.0316298235438145e6 6.611382926523651e6 1.3258886814287957e7 6.106277462497738e6 9.811324290597063e6 1.4725078340789493e7 6.977924660505096e6 1.290520969017239e7 8.064584240751696e6 5.214866378455442e6 4.368949509941854e6 4.410390142988592e6 4.152654193514275e6 1.2318870518789921e7 1.3810262175492527e7 1.5598419520944045e6 1.458627290824016e7 1.2362272783631561e7 8.404666775247365e6 5.3347459807621045e6 887803.8147575182 73657.37835639613 2.3839373776165773e6 6.5124118866881225e6 1.3961935964482957e6 3.044821117008815e6 6.106277462497738e6 2.81219871406001e6 4.518529287720361e6 6.781520595604029e6 3.213629069035664e6 5.94339420674352e6 3.7140817086280477e6 2.401666254695286e6 2.0120858033571779e6 2.0311709654186151e6 1.9124726733527593e6 5.673360250066694e6 6.36020910763946e6 718373.1100915994 6.717594830468537e6 5.693348826433321e6 3.8707040815969617e6 2.4568758755353647e6 408871.15948010184 33922.33418265925 3.830415968471962e6 1.0463884965374662e7 2.2433484608814255e6 4.892297732833744e6 9.811324290597063e6 4.518529287720361e6 7.260193535367285e6 1.0896278158906003e7 5.163531650771285e6 9.549609939500542e6 5.967639090906788e6 3.858902024566798e6 3.2329396164007178e6 3.263604897379739e6 3.072885192395723e6 9.115730094586706e6 1.0219331580379004e7 1.1542534036555956e6 1.0793564776469512e7 9.147846945818052e6 6.219293704015752e6 3.9476106522617717e6 656957.9524299571 54505.060309515706 5.74878309420637e6 1.57044575533824e7 3.366872896437336e6 7.342481529377701e6 1.4725078340789493e7 6.781520595604029e6 1.0896278158906003e7 1.6353403960635e7 7.749556106877627e6 1.4332290964828586e7 8.95638045593667e6 5.791535672267477e6 4.852075796553404e6 4.898099009259885e6 4.611862155411993e6 1.368111335438421e7 1.5337425780106135e7 1.7323320777645248e6 1.6199249173959129e7 1.3729315119653989e7 9.33406992813177e6 5.924671776387925e6 985978.7557329924 81802.54359712267 2.7242351037167152e6 7.4420331834871005e6 1.5954947654001191e6 3.47945740914821e6 6.977924660505096e6 3.213629069035664e6 5.163531650771285e6 7.749556106877627e6 3.672362035341807e6 6.791790457778284e6 4.244252329661668e6 2.744494708579148e6 2.2993031732552825e6 2.3211126674710535e6 2.185470658988299e6 6.483210211131871e6 7.2681040536950445e6 820918.0586925829 7.6765051890770225e6 6.506052078507487e6 4.423231933100711e6 2.807585286615139e6 467235.9165183565 38764.61456080791 5.038292467928124e6 1.3763547677393565e7 2.950761939807261e6 6.435026122771478e6 1.290520969017239e7 5.94339420674352e6 9.549609939500542e6 1.4332290964828586e7 6.791790457778284e6 1.2560966805135466e7 7.849463695459526e6 5.0757612658458715e6 4.252408994910289e6 4.292744210577515e6 4.0418832959887087e6 1.1990268068338152e7 1.344187726671974e7 1.518233601150714e6 1.419718812864977e7 1.2032512589816848e7 8.180474622779792e6 5.192443113048519e6 864121.8945193952 71692.5882415194 3.14847530668898e6 8.600967544174792e6 1.8439582780356715e6 4.0213070151078748e6 8.064584240751696e6 3.7140817086280477e6 5.967639090906788e6 8.95638045593667e6 4.244252329661668e6 7.849463695459526e6 4.905202064633004e6 3.1718899031552034e6 2.657369495646387e6 2.68257534293029e6 2.525810049921989e6 7.492828805404436e6 8.399952745739417e6 948758.1424534132 8.871953450898677e6 7.519227795452201e6 5.112053837837161e6 3.244805462741101e6 539997.7202955873 44801.357838574906 2.035923679398401e6 5.561712188664903e6 1.1923734367869303e6 2.6003298030622853e6 5.214866378455442e6 2.401666254695286e6 3.858902024566798e6 5.791535672267477e6 2.744494708579148e6 5.0757612658458715e6 3.1718899031552034e6 2.0510644465144286e6 1.7183560149267854e6 1.7346550728344573e6 1.633284682072502e6 4.845147604680979e6 5.431728387561359e6 613503.0388007921 5.73694196515713e6 4.862218194002821e6 3.3056481137713655e6 2.0982144159114026e6 349183.02939688374 28970.25906443488 1.7056712705304574e6 4.659532570478264e6 998955.4792506278 2.178523627318908e6 4.368949509941854e6 2.0120858033571779e6 3.2329396164007178e6 4.852075796553404e6 2.2993031732552825e6 4.252408994910289e6 2.657369495646387e6 1.7183560149267854e6 1.4396170725171268e6 1.4532722183809655e6 1.368345379052585e6 4.0592037680046144e6 4.550633775587204e6 513985.1352261183 4.806337874885638e6 4.073505293190418e6 2.7694304433892635e6 1.757857666693306e6 292541.1533967959 24270.91893770424 1.7218500103075067e6 4.703729460138609e6 1.0084308342190136e6 2.1991874958341965e6 4.410390142988592e6 2.0311709654186151e6 3.263604897379739e6 4.898099009259885e6 2.3211126674710535e6 4.292744210577515e6 2.68257534293029e6 1.7346550728344573e6 1.4532722183809655e6 1.4670568868880975e6 1.3813244941935318e6 4.0977063813740364e6 4.593797731589687e6 518860.4191660939 4.851927251397894e6 4.112143560280691e6 2.7956992181809614e6 1.774531408138032e6 295315.98303522484 24501.13497547619 1.6212279263486827e6 4.428851243206616e6 949499.7940819399 2.0706705939424317e6 4.152654193514275e6 1.9124726733527593e6 3.072885192395723e6 4.611862155411993e6 2.185470658988299e6 4.0418832959887087e6 2.525810049921989e6 1.633284682072502e6 1.368345379052585e6 1.3813244941935318e6 1.3006021615878602e6 3.858243156890511e6 4.325343744151304e6 488539.0692530912 4.568388599175176e6 3.8718366507959296e6 2.6323231518735457e6 1.6708307098958278e6 278058.2024727668 23069.328926267204 4.809381175376468e6 1.3138210520214971e7 2.816696135975258e6 6.142655214027261e6 1.2318870518789921e7 5.673360250066694e6 9.115730094586706e6 1.368111335438421e7 6.483210211131871e6 1.1990268068338152e7 7.492828805404436e6 4.845147604680979e6 4.0592037680046144e6 4.0977063813740364e6 3.858243156890511e6 1.1445498629279997e7 1.2831154979549525e7 1.4492537199216909e6 1.3552148821024047e7 1.1485823800487451e7 7.808800482878858e6 4.956528093808346e6 824861.1209426752 68435.28566426577 5.391631873435076e6 1.4728796079496892e7 3.157701190801714e6 6.886319555837465e6 1.3810262175492527e7 6.36020910763946e6 1.0219331580379004e7 1.5337425780106135e7 7.2681040536950445e6 1.344187726671974e7 8.399952745739417e6 5.431728387561359e6 4.550633775587204e6 4.593797731589687e6 4.325343744151304e6 1.2831154979549525e7 1.4384566670432206e7 1.6247085153138207e6 1.5192848075979179e7 1.2876362142478717e7 8.754177729214653e6 5.556593224295973e6 924723.4412613977 76720.44572890547 608974.2163879988 1.6635885500720756e6 356656.1392535843 777796.2505147225 1.5598419520944045e6 718373.1100915994 1.1542534036555956e6 1.7323320777645248e6 820918.0586925829 1.518233601150714e6 948758.1424534132 613503.0388007921 513985.1352261183 518860.4191660939 488539.0692530912 1.4492537199216909e6 1.6247085153138207e6 183507.6314922406 1.7160023104241972e6 1.4543597800656653e6 988767.1576830547 627606.2765384291 104445.69403789696 8665.423459063386 5.694592392767914e6 1.5556420037166849e7 3.3351351876175436e6 7.273267885749906e6 1.458627290824016e7 6.717594830468537e6 1.0793564776469512e7 1.6199249173959129e7 7.6765051890770225e6 1.419718812864977e7 8.871953450898677e6 5.73694196515713e6 4.806337874885638e6 4.851927251397894e6 4.568388599175176e6 1.3552148821024047e7 1.5192848075979179e7 1.7160023104241972e6 1.6046547521952484e7 1.3599896214050565e7 9.246082646581553e6 5.868823066479448e6 976684.4617057164 81031.43479995035 4.826325751194496e6 1.3184499511699528e7 2.826620015886615e6 6.164297226419831e6 1.2362272783631561e7 5.693348826433321e6 9.147846945818052e6 1.3729315119653989e7 6.506052078507487e6 1.2032512589816848e7 7.519227795452201e6 4.862218194002821e6 4.073505293190418e6 4.112143560280691e6 3.8718366507959296e6 1.1485823800487451e7 1.2876362142478717e7 1.4543597800656653e6 1.3599896214050565e7 1.1526291046713704e7 7.836312715119346e6 4.973991102668971e6 827767.2997822141 68676.39919722996 3.2812461266260063e6 8.963669297199735e6 1.9217177738730155e6 4.1908850418054583e6 8.404666775247365e6 3.8707040815969617e6 6.219293704015752e6 9.33406992813177e6 4.423231933100711e6 8.180474622779792e6 5.112053837837161e6 3.3056481137713655e6 2.7694304433892635e6 2.7956992181809614e6 2.6323231518735457e6 7.808800482878858e6 8.754177729214653e6 988767.1576830547 9.246082646581553e6 7.836312715119346e6 5.327628525105594e6 3.3816385136178234e6 562769.3583438359 46690.62563809756 2.0827255921034554e6 5.689565099350361e6 1.2197837754283168e6 2.660106311228463e6 5.3347459807621045e6 2.4568758755353647e6 3.9476106522617717e6 5.924671776387925e6 2.807585286615139e6 5.192443113048519e6 3.244805462741101e6 2.0982144159114026e6 1.757857666693306e6 1.774531408138032e6 1.6708307098958278e6 4.956528093808346e6 5.556593224295973e6 627606.2765384291 5.868823066479448e6 4.973991102668971e6 3.3816385136178234e6 2.146448271101392e6 357210.0658841987 29636.228790852692 346605.3927273233 946852.5057668985 202995.3615242021 442692.5929155115 887803.8147575182 408871.15948010184 656957.9524299571 985978.7557329924 467235.9165183565 864121.8945193952 539997.7202955873 349183.02939688374 292541.1533967959 295315.98303522484 278058.2024727668 824861.1209426752 924723.4412613977 104445.69403789696 976684.4617057164 827767.2997822141 562769.3583438359 357210.0658841987 59446.59039163314 4932.035577781509 28756.403304548345 78556.40188257434 16841.678194934735 36728.35740276453 73657.37835639613 33922.33418265925 54505.060309515706 81802.54359712267 38764.61456080791 71692.5882415194 44801.357838574906 28970.25906443488 24270.91893770424 24501.13497547619 23069.328926267204 68435.28566426577 76720.44572890547 8665.423459063386 81031.43479995035 68676.39919722996 46690.62563809756 29636.228790852692 4932.035577781509 409.19041412215677
385126.60242282785 310199.40662039915 3.2049353927004384e6 3.2567323831302635e6 2.285573543932352e6 2.7345263977490948e6 3.3518737916397536e6 3.015296551249199e6 2.419767043428477e6 1.7132296001904123e6 3.016065299760532e6 3.470074226350274e6 559832.2569801045 1.4029430616249288e6 3.093588090723069e6 3.0283582194792954e6 246885.44459465687 1.225432912606877e6 485543.0531650559 2.279043345687145e6 1.1286881972684292e6 122025.3369816291 2.5787386230161814e6 1.1848670728869613e6 310199.40662039915 249849.4553798816 2.581408427301785e6 2.623128203590866e6 1.8409103724720378e6 2.2025184981594714e6 2.699759649663425e6 2.428664223914427e6 1.9489962425577168e6 1.3799171546194623e6 2.429283410775464e6 2.7949639395743613e6 450915.70623710775 1.129997518998868e6 2.4917239786428963e6 2.4391847169392123e6 198853.35869994058 987022.3452557562 391079.62429221626 1.8356506381196624e6 909099.5190919638 98285.04934800099 2.077039564798732e6 954348.675529974 3.2049353927004384e6 2.581408427301785e6 2.6670738418912914e7 2.7101781111937936e7 1.902001964415424e7 2.2756102484963622e7 2.789352612649983e7 2.5092607406995676e7 2.01367472171129e7 1.425710440912096e7 2.5099004756066237e7 2.887716307666931e7 4.658795842934359e6 1.1674970889725098e7 2.5744131670004975e7 2.520130361892961e7 2.054524134002275e6 1.0197772078808157e7 4.0405781007567206e6 1.896567682975048e7 9.392684711967401e6 1.0154669109802316e6 2.1459672298498888e7 9.860192450096263e6 3.2567323831302635e6 2.623128203590866e6 2.7101781111937936e7 2.753979015888582e7 1.9327414226187684e7 2.3123878267688725e7 2.8344331066006277e7 2.5498144925374288e7 2.04621899406287e7 1.4487522501890697e7 2.5504645666054346e7 2.9343865195822623e7 4.734089592768003e6 1.1863657487533249e7 2.6160198884580508e7 2.5608597845621943e7 2.087728599574074e6 1.0362584731186306e7 4.1058804421682e6 1.9272193143147364e7 9.544485837582672e6 1.0318785147803097e6 2.180649565200679e7 1.0019549264320072e7 2.285573543932352e6 1.8409103724720378e6 1.902001964415424e7 1.9327414226187684e7 1.3563971929906484e7 1.6228328945758406e7 1.989204072784651e7 1.789458838026281e7 1.4360357093347644e7 1.0167337764369685e7 1.7899150597591832e7 2.0593513398797106e7 3.3223822699966826e6 8.32591029838278e6 1.8359217596238792e7 1.7972104197551265e7 1.4651671346452737e6 7.272458010686176e6 2.8815053277877974e6 1.3525217794897413e7 6.698316519286265e6 724171.9479778793 1.5303790328696793e7 7.031715850918549e6 2.7345263977490948e6 2.2025184981594714e6 2.2756102484963622e7 2.3123878267688725e7 1.6228328945758406e7 1.941604286212614e7 2.3799413770693514e7 2.1409603918713886e7 1.7181147225435708e7 1.2164497434488624e7 2.1415062287687223e7 2.4638675994876284e7 3.974994392474639e6 9.961360270668507e6 2.1965499772349738e7 2.1502346088039875e7 1.752968403680686e6 8.700979436665993e6 3.447516447243059e6 1.6181962375981828e7 8.014059924299359e6 866420.2967837235 1.830989807811553e7 8.412948542764822e6 3.3518737916397536e6 2.699759649663425e6 2.789352612649983e7 2.8344331066006277e7 1.989204072784651e7 2.3799413770693514e7 2.9172375640638206e7 2.6243041692190446e7 2.1059967511246562e7 1.4910757553005941e7 2.624973234396908e7 3.020110992379126e7 4.872390164899494e6 1.2210239567560708e7 2.692443673895868e7 2.635672135789032e7 2.148719008420043e6 1.0665314827227043e7 4.22582866096043e6 1.9835206429164927e7 9.823316186305916e6 1.062023569318846e6 2.244354545128869e7 1.031225800347701e7 3.015296551249199e6 2.428664223914427e6 2.5092607406995676e7 2.5498144925374288e7 1.789458838026281e7 2.1409603918713886e7 2.6243041692190446e7 2.360785579281603e7 1.8945238202127058e7 1.341349902201924e7 2.361387460512455e7 2.7168475980283298e7 4.383130802002751e6 1.0984152610346647e7 2.42208287930773e7 2.3710120354443304e7 1.9329561369084192e6 9.594360950205186e6 3.80149354648896e6 1.7843461077905938e7 8.836911309810476e6 955380.8421724291 2.0189884644782223e7 9.276756204554046e6 2.419767043428477e6 1.9489962425577168e6 2.01367472171129e7 2.04621899406287e7 1.4360357093347644e7 1.7181147225435708e7 2.1059967511246562e7 1.8945238202127058e7 1.5203500634926613e7 1.0764295424639251e7 1.8950068282159716e7 2.18026259374163e7 3.517450201482999e6 8.814751728314854e6 1.9437147319301356e7 1.9027305226623807e7 1.5511918900799556e6 7.699447810679018e6 3.050687931768804e6 1.4319327576296888e7 7.091596594146254e6 766690.4520067979 1.6202325921749473e7 7.444570891178439e6 1.7132296001904123e6 1.3799171546194623e6 1.425710440912096e7 1.4487522501890697e7 1.0167337764369685e7 1.2164497434488624e7 1.4910757553005941e7 1.341349902201924e7 1.0764295424639251e7 7.621274782119861e6 1.3416918787614327e7 1.5436570317503339e7 2.4904049415592123e6 6.240970022420662e6 1.3761777697206283e7 1.3471603646573583e7 1.098265995843514e6 5.451318931795532e6 2.159930593254428e6 1.0138288280749446e7 5.020951595607592e6 542827.7817604872 1.147147798233664e7 5.270862435340796e6 3.016065299760532e6 2.429283410775464e6 2.5099004756066237e7 2.5504645666054346e7 1.7899150597591832e7 2.1415062287687223e7 2.624973234396908e7 2.361387460512455e7 1.8950068282159716e7 1.3416918787614327e7 2.3619894951926585e7 2.7175402571121063e7 4.384248279246449e6 1.0986953015157234e7 2.4227003882578935e7 2.3716165239056215e7 1.9334489432136915e6 9.596807028251676e6 3.802462735573694e6 1.784801026035202e7 8.839164276408864e6 955624.4160921725 2.0195032046870496e7 9.27912130941224e6 3.470074226350274e6 2.7949639395743613e6 2.887716307666931e7 2.9343865195822623e7 2.0593513398797106e7 2.4638675994876284e7 3.020110992379126e7 2.7168475980283298e7 2.18026259374163e7 1.5436570317503339e7 2.7175402571121063e7 3.1266121479607023e7 5.044210069636611e6 1.2640821300203817e7 2.7873899733304877e7 2.728616444426698e7 2.2244914081743187e6 1.104141635349784e7 4.37484822905501e6 2.0534674896130458e7 1.0169725483224051e7 1.0994747549450493e6 2.3234994352319613e7 1.0675909338410398e7 559832.2569801045 450915.70623710775 4.658795842934359e6 4.734089592768003e6 3.3223822699966826e6 3.974994392474639e6 4.872390164899494e6 4.383130802002751e6 3.517450201482999e6 2.4904049415592123e6 4.384248279246449e6 5.044210069636611e6 813789.9433167296 2.0393625775603068e6 4.496937869523844e6 4.402117657647567e6 358880.5208299234 1.7813281890333195e6 705800.7979827161 3.3128897664948646e6 1.6406969991905615e6 177379.90411833994 3.7485363368898886e6 1.7223603964585536e6 1.4029430616249288e6 1.129997518998868e6 1.1674970889725098e7 1.1863657487533249e7 8.32591029838278e6 9.961360270668507e6 1.2210239567560708e7 1.0984152610346647e7 8.814751728314854e6 6.240970022420662e6 1.0986953015157234e7 1.2640821300203817e7 2.0393625775603068e6 5.110655098295706e6 1.1269353817943854e7 1.1031733786773775e7 899356.7812020072 4.4640193417258e6 1.7687411185639836e6 8.302122026522269e6 4.1115967194527737e6 444515.12511427864 9.393854997668508e6 4.316245692707491e6 3.093588090723069e6 2.4917239786428963e6 2.5744131670004975e7 2.6160198884580508e7 1.8359217596238792e7 2.1965499772349738e7 2.692443673895868e7 2.42208287930773e7 1.9437147319301356e7 1.3761777697206283e7 2.4227003882578935e7 2.7873899733304877e7 4.496937869523844e6 1.1269353817943854e7 2.4849717508105163e7 2.432574863249478e7 1.9831449356291716e6 9.84347651024798e6 3.900198525251762e6 1.8306762784251396e7 9.06635984957433e6 980187.1043911597 2.0714110744528525e7 9.517625224311793e6 3.0283582194792954e6 2.4391847169392123e6 2.520130361892961e7 2.5608597845621943e7 1.7972104197551265e7 2.1502346088039875e7 2.635672135789032e7 2.3710120354443304e7 1.9027305226623807e7 1.3471603646573583e7 2.3716165239056215e7 2.728616444426698e7 4.402117657647567e6 1.1031733786773775e7 2.432574863249478e7 2.381282790592347e7 1.9413293205520539e6 9.635921824063335e6 3.81796086459156e6 1.7920755421833634e7 8.875191061651042e6 959519.3630050407 2.0277343231475733e7 9.3169412774767e6 246885.44459465687 198853.35869994058 2.054524134002275e6 2.087728599574074e6 1.4651671346452737e6 1.752968403680686e6 2.148719008420043e6 1.9329561369084192e6 1.5511918900799556e6 1.098265995843514e6 1.9334489432136915e6 2.2244914081743187e6 358880.5208299234 899356.7812020072 1.9831449356291716e6 1.9413293205520539e6 158265.9374066872 785563.8835296967 311257.4197585386 1.4609809504478779e6 723545.6746906894 78224.35371381302 1.6531006360806678e6 759559.1481735775 1.225432912606877e6 987022.3452557562 1.0197772078808157e7 1.0362584731186306e7 7.272458010686176e6 8.700979436665993e6 1.0665314827227043e7 9.594360950205186e6 7.699447810679018e6 5.451318931795532e6 9.596807028251676e6 1.104141635349784e7 1.7813281890333195e6 4.4640193417258e6 9.84347651024798e6 9.635921824063335e6 785563.8835296967 3.8992004547415907e6 1.5449476460284698e6 7.251679597028999e6 3.591368802628508e6 388271.9686682698 8.205278892121678e6 3.770124159290717e6 485543.0531650559 391079.62429221626 4.0405781007567206e6 4.1058804421682e6 2.8815053277877974e6 3.447516447243059e6 4.22582866096043e6 3.80149354648896e6 3.050687931768804e6 2.159930593254428e6 3.802462735573694e6 4.37484822905501e6 705800.7979827161 1.7687411185639836e6 3.900198525251762e6 3.81796086459156e6 311257.4197585386 1.5449476460284698e6 612141.7087101497 2.873272470400631e6 1.4229780802609976e6 153841.7608880376 3.251109158539169e6 1.493804822998583e6 2.279043345687145e6 1.8356506381196624e6 1.896567682975048e7 1.9272193143147364e7 1.3525217794897413e7 1.6181962375981828e7 1.9835206429164927e7 1.7843461077905938e7 1.4319327576296888e7 1.0138288280749446e7 1.784801026035202e7 2.0534674896130458e7 3.3128897664948646e6 8.302122026522269e6 1.8306762784251396e7 1.7920755421833634e7 1.4609809504478779e6 7.251679597028999e6 2.873272470400631e6 1.3486574385786925e7 6.679178506905867e6 722102.889033586 1.5260065293020392e7 7.011625270752198e6 1.1286881972684292e6 909099.5190919638 9.392684711967401e6 9.544485837582672e6 6.698316519286265e6 8.014059924299359e6 9.823316186305916e6 8.836911309810476e6 7.091596594146254e6 5.020951595607592e6 8.839164276408864e6 1.0169725483224051e7 1.6406969991905615e6 4.1115967194527737e6 9.06635984957433e6 8.875191061651042e6 723545.6746906894 3.591368802628508e6 1.4229780802609976e6 6.679178506905867e6 3.307839652308437e6 357618.9147994931 7.557493638009162e6 3.4724827422626144e6 122025.3369816291 98285.04934800099 1.0154669109802316e6 1.0318785147803097e6 724171.9479778793 866420.2967837235 1.062023569318846e6 955380.8421724291 766690.4520067979 542827.7817604872 955624.4160921725 1.0994747549450493e6 177379.90411833994 444515.12511427864 980187.1043911597 959519.3630050407 78224.35371381302 388271.9686682698 153841.7608880376 722102.889033586 357618.9147994931 38663.08577960114 817059.7603008896 375418.8958589009 2.5787386230161814e6 2.077039564798732e6 2.1459672298498888e7 2.180649565200679e7 1.5303790328696793e7 1.830989807811553e7 2.244354545128869e7 2.0189884644782223e7 1.6202325921749473e7 1.147147798233664e7 2.0195032046870496e7 2.3234994352319613e7 3.7485363368898886e6 9.393854997668508e6 2.0714110744528525e7 2.0277343231475733e7 1.6531006360806678e6 8.205278892121678e6 3.251109158539169e6 1.5260065293020392e7 7.557493638009162e6 817059.7603008896 1.7266771092936654e7 7.9336573084587e6 1.1848670728869613e6 954348.675529974 9.860192450096263e6 1.0019549264320072e7 7.031715850918549e6 8.412948542764822e6 1.031225800347701e7 9.276756204554046e6 7.444570891178439e6 5.270862435340796e6 9.27912130941224e6 1.0675909338410398e7 1.7223603964585536e6 4.316245692707491e6 9.517625224311793e6 9.3169412774767e6 759559.1481735775 3.770124159290717e6 1.493804822998583e6 7.011625270752198e6 3.4724827422626144e6 375418.8958589009 7.9336573084587e6 3.645320711630231e6
