8.42479150955224e6 9.789349605165236e6 117873.07955074927 1.0287975762128012e7 5.341282798523994e6 6.7088279702111315e6 6.920298535401137e6 3.5969185628856546e6 4.3792234796554595e6 9.789349605165236e6 1.137492430328902e7 136964.90690023798 1.1954312620169522e7 6.2064069592133695e6 7.795452548213662e6 8.041174865673939e6 4.179509163339237e6 5.088523507423146e6 117873.07955074927 136964.90690023798 1649.187741562961 143941.2932712381 74731.04248332063 93864.6626600042 96823.3930600409 50325.265310111055 61270.662544309256 1.0287975762128012e7 1.1954312620169522e7 143941.2932712381 1.2563212414470632e7 6.522533870135697e6 8.192518410878381e6 8.450756736018123e6 4.392394868331012e6 5.347710381266368e6 5.341282798523994e6 6.2064069592133695e6 74731.04248332063 6.522533870135697e6 3.3863510926604024e6 4.253369047164687e6 4.387440506495501e6 2.2804314178991327e6 2.776409483398511e6 6.7088279702111315e6 7.795452548213662e6 93864.6626600042 8.192518410878381e6 4.253369047164687e6 5.342372292875804e6 5.5107704830285795e6 2.864297334111883e6 3.4872621992848963e6 6.920298535401137e6 8.041174865673939e6 96823.3930600409 8.450756736018123e6 4.387440506495501e6 5.5107704830285795e6 5.684476792663133e6 2.954583532954123e6 3.5971850220973147e6 3.5969185628856546e6 4.179509163339237e6 50325.265310111055 4.392394868331012e6 2.2804314178991327e6 2.864297334111883e6 2.954583532954123e6 1.5356846674914355e6 1.8696854642797685e6 4.3792234796554595e6 5.088523507423146e6 61270.662544309256 5.347710381266368e6 2.776409483398511e6 3.4872621992848963e6 3.5971850220973147e6 1.8696854642797685e6 2.2763291249429295e6
2.7676999525698437e6 1.9547728680174795e6 3.323981794458707e6 3.147526322726648e6 6.678885621694576e6 454.34433816014626 5.96623176626536e6 4.409696699399007e6 697578.4433809088 1.9547728680174795e6 1.380618214047845e6 2.3476639581392505e6 2.2230368762784502e6 4.717167549090077e6 320.8946056989175 4.2138339346252605e6 3.114483365932667e6 492686.1429356682 3.323981794458707e6 2.3476639581392505e6 3.992071091244528e6 3.7801497176775048e6 8.021279255062081e6 545.6633068398354 7.165388630430601e6 5.296004552183138e6 837785.1955563347 3.147526322726648e6 2.2230368762784502e6 3.7801497176775048e6 3.5794783112448426e6 7.59546506522322e6 516.6964585930092 6.7850098831600975e6 5.014863126225723e6 793310.8900296097 6.678885621694576e6 4.717167549090077e6 8.021279255062081e6 7.59546506522322e6 1.6117178130620666e7 1096.4027602119786 1.4397434780604737e7 1.064127628947048e7 1.6833640623416759e6 454.34433816014626 320.8946056989175 545.6633068398354 516.6964585930092 1096.4027602119786 0.07458495543438863 979.4138344501306 723.8937611409535 114.51415312501652 5.96623176626536e6 4.2138339346252605e6 7.165388630430601e6 6.7850098831600975e6 1.4397434780604737e7 979.4138344501306 1.286119236145617e7 9.50582540680444e6 1.503744892757154e6 4.409696699399007e6 3.114483365932667e6 5.296004552183138e6 5.014863126225723e6 1.064127628947048e7 723.8937611409535 9.50582540680444e6 7.02584287094964e6 1.1114316624143035e6 697578.4433809088 492686.1429356682 837785.1955563347 793310.8900296097 1.6833640623416759e6 114.51415312501652 1.503744892757154e6 1.1114316624143035e6 175819.52271159418
1.3384652719057412e6 490294.35237949673 935358.9143087913 1.9477694798231504e6 4.557754341870807e6 2.707921971801328e6 2.3922691379185617e6 2.047239149336223e6 2.0356634785914768e6 490294.35237949673 179600.14131181658 342632.1196069957 713489.0951146721 1.6695548702363023e6 991941.2011102528 876314.1430058997 749925.9143725041 745685.6205746137 935358.9143087913 342632.1196069957 653656.3308297278 1.361158622649331e6 3.185092839075679e6 1.8923755503724301e6 1.671788062451511e6 1.4306709544485188e6 1.4225815351356177e6 1.9477694798231504e6 713489.0951146721 1.361158622649331e6 2.8344448123998228e6 6.632562674552968e6 3.9406384918058543e6 3.4812922771811415e6 2.979195662879343e6 2.962350445705351e6 4.557754341870807e6 1.6695548702363023e6 3.185092839075679e6 6.632562674552968e6 1.5520107302645877e7 9.22104098140099e6 8.146177027624596e6 6.971277714549603e6 6.931860133306113e6 2.707921971801328e6 991941.2011102528 1.8923755503724301e6 3.9406384918058543e6 9.22104098140099e6 5.478544389070106e6 4.8399299533623615e6 4.1418809963788344e6 4.1184616265931656e6 2.3922691379185617e6 876314.1430058997 1.671788062451511e6 3.4812922771811415e6 8.146177027624596e6 4.8399299533623615e6 4.275756531276402e6 3.6590766586886807e6 3.6383872015510034e6 2.047239149336223e6 749925.9143725041 1.4306709544485188e6 2.979195662879343e6 6.971277714549603e6 4.1418809963788344e6 3.6590766586886807e6 3.13133872245141e6 3.1136332452710206e6 2.0356634785914768e6 745685.6205746137 1.4225815351356177e6 2.962350445705351e6 6.931860133306113e6 4.1184616265931656e6 3.6383872015510034e6 3.1136332452710206e6 3.0960278798798597e6
1.4266504552724706e7 1.4167240010403436e7 1.5124003811785588e7 6.49042957864159e6 1.0747416623158818e7 7.111572055365151e6 1.2932376354509663e7 1.5034140457468422e7 2.113246137493451e6 1.4167240010403436e7 1.4068666138268812e7 1.5018772897591168e7 6.445269986871141e6 1.0672637451548059e7 7.062090632452365e6 1.2842394508205784e7 1.4929534801178262e7 2.0985424369566287e6 1.5124003811785588e7 1.5018772897591168e7 1.6033043725151276e7 6.880541854154028e6 1.1393398388146738e7 7.53901857849187e6 1.370968680928189e7 1.5937779064616537e7 2.240264426410467e6 6.49042957864159e6 6.445269986871141e6 6.880541854154028e6 2.9527678598231142e6 4.889449303236089e6 3.2353515500731086e6 5.883478865003681e6 6.839659255985671e6 961404.0486965704 1.0747416623158818e7 1.0672637451548059e7 1.1393398388146738e7 4.889449303236089e6 8.096374528523895e6 5.357375903968424e6 9.742374952164304e6 1.1325701433757396e7 1.591976267416227e6 7.111572055365151e6 7.062090632452365e6 7.53901857849187e6 3.2353515500731086e6 5.357375903968424e6 3.544978863725347e6 6.446535376083488e6 7.494223462981864e6 1.053411655389444e6 1.2932376354509663e7 1.2842394508205784e7 1.370968680928189e7 5.883478865003681e6 9.742374952164304e6 6.446535376083488e6 1.1723008783026593e7 1.362822700150534e7 1.9156265137531299e6 1.5034140457468422e7 1.4929534801178262e7 1.5937779064616537e7 6.839659255985671e6 1.1325701433757396e7 7.494223462981864e6 1.362822700150534e7 1.5843080444797605e7 2.226953290125392e6 2.113246137493451e6 2.0985424369566287e6 2.240264426410467e6 961404.0486965704 1.591976267416227e6 1.053411655389444e6 1.9156265137531299e6 2.226953290125392e6 313027.5689554301
791559.7790433507 3.1649073328304817e6 3.176104784771e6 3.50347349126592e6 1.440826299709007e6 1.3492107353294585e6 1.714509408453805e6 173958.56920331714 2.677238141677776e6 3.1649073328304817e6 1.2654304438648824e7 1.2699075406924136e7 1.4007999441666253e7 5.760881037683835e6 5.39457292150256e6 6.855153006359515e6 695541.5950336267 1.0704448167603776e7 3.176104784771e6 1.2699075406924136e7 1.2744004775023794e7 1.40575597870526e7 5.781263052627956e6 5.413658937197725e6 6.879406558916126e6 698002.4233499031 1.0742320538356354e7 3.50347349126592e6 1.4007999441666253e7 1.40575597870526e7 1.5506506051681025e7 6.377151644377344e6 5.971657694723877e6 7.588483424844345e6 769947.2003478234 1.1849557174961556e7 1.440826299709007e6 5.760881037683835e6 5.781263052627956e6 6.377151644377344e6 2.6226451632523583e6 2.4558831345142764e6 3.1208132502440913e6 316645.8026338928 4.873207592451651e6 1.3492107353294585e6 5.39457292150256e6 5.413658937197725e6 5.971657694723877e6 2.4558831345142764e6 2.2997247416086355e6 2.9223749879066884e6 296511.742114191 4.563342576792701e6 1.714509408453805e6 6.855153006359515e6 6.879406558916126e6 7.588483424844345e6 3.1208132502440913e6 2.9223749879066884e6 3.713607726796372e6 376792.2669601879 5.798867128046108e6 173958.56920331714 695541.5950336267 698002.4233499031 769947.2003478234 316645.8026338928 296511.742114191 376792.2669601879 38230.32018609925 588368.0915491631 2.677238141677776e6 1.0704448167603776e7 1.0742320538356354e7 1.1849557174961556e7 4.873207592451651e6 4.563342576792701e6 5.798867128046108e6 588368.0915491631 9.05503823844709e6
3.364536729735664e6 1.0145295683265184e6 292597.3507415515 1.7147288164007394e6 7.304836311040485e6 3.6775314368496668e6 2.0917208234007491e6 6.293192538548553e6 530388.4268416566 1.0145295683265184e6 305917.3751655423 88228.6887575845 517052.7848678768 2.202672470131728e6 1.1089087980999446e6 630729.5162716432 1.8976252668315917e6 159931.30256935034 292597.3507415515 88228.6887575845 25445.764614286352 149121.6025329201 635265.9887232253 319816.9739628679 181906.7588143347 547288.2635555218 46125.29480991592 1.7147288164007394e6 517052.7848678768 149121.6025329201 873907.8066257538 3.7228939161011004e6 1.8742458871837521e6 1.066040961910539e6 3.2073118707951014e6 270311.3065620469 7.304836311040485e6 2.202672470131728e6 635265.9887232253 3.7228939161011004e6 1.5859726856151119e7 7.984387549546204e6 4.5413914160294365e6 1.3663319815079037e7 1.1515405984743007e6 3.6775314368496668e6 1.1089087980999446e6 319816.9739628679 1.8742458871837521e6 7.984387549546204e6 4.019643283870499e6 2.2863085479746503e6 6.878633005881417e6 579729.178229145 2.0917208234007491e6 630729.5162716432 181906.7588143347 1.066040961910539e6 4.5413914160294365e6 2.2863085479746503e6 1.3004155860090891e6 3.9124559890259937e6 329740.6466424934 6.293192538548553e6 1.8976252668315917e6 547288.2635555218 3.2073118707951014e6 1.3663319815079037e7 6.878633005881417e6 3.9124559890259937e6 1.1771092280616805e7 992064.2152105905 530388.4268416566 159931.30256935034 46125.29480991592 270311.3065620469 1.1515405984743007e6 579729.178229145 329740.6466424934 992064.2152105905 83610.88195035655
1.1451365219646836e7 3.7727828423481057e6 4.973292717699822e6 1.1116108278108828e7 8.004292556144651e6 3.8859701011775234e6 4.301850204255771e6 6.136555584053073e6 5.764706426256856e6 3.7727828423481057e6 1.2429863254291727e6 1.6385079923152893e6 3.6623286202923264e6 2.637105449151724e6 1.2802771584340788e6 1.4172936003405543e6 2.021758207389084e6 1.8992482624553367e6 4.973292717699822e6 1.6385079923152893e6 2.1598857412643833e6 4.8276916584437005e6 3.4762396549466415e6 1.6876648709298123e6 1.8682803214375628e6 2.66508722868875e6 2.503594282382408e6 1.1116108278108828e7 3.6623286202923264e6 4.8276916584437005e6 1.0790666517092403e7 7.769954152812226e6 3.772202141983126e6 4.175906693174747e6 5.95689815306328e6 5.595935471155751e6 8.004292556144651e6 2.637105449151724e6 3.4762396549466415e6 7.769954152812226e6 5.594852499720428e6 2.716221250274227e6 3.006913752824639e6 4.289338890137916e6 4.0294232042203634e6 3.8859701011775234e6 1.2802771584340788e6 1.6876648709298123e6 3.772202141983126e6 2.716221250274227e6 1.3186867537276365e6 1.4598138259359351e6 2.0824129757848775e6 1.9562276099679703e6 4.301850204255771e6 1.4172936003405543e6 1.8682803214375628e6 4.175906693174747e6 3.006913752824639e6 1.4598138259359351e6 1.6160444475306103e6 2.305274732430527e6 2.165584892421448e6 6.136555584053073e6 2.021758207389084e6 2.66508722868875e6 5.95689815306328e6 4.289338890137916e6 2.0824129757848775e6 2.305274732430527e6 3.288456329343613e6 3.0891898679277413e6 5.764706426256856e6 1.8992482624553367e6 2.503594282382408e6 5.595935471155751e6 4.0294232042203634e6 1.9562276099679703e6 2.165584892421448e6 3.0891898679277413e6 2.9019981062093806e6
1.2476429422768224e7 5.084313712905367e6 2.9251385178656545e6 1.4120298169467134e7 3.8246017244938607e6 3.3043211596487346e6 1.2366470788878486e7 2.627220692365288e6 3.305772604282889e6 5.084313712905367e6 2.0719265949650204e6 1.192033503703515e6 5.7542124577983115e6 1.5585769241606595e6 1.3465555580498655e6 5.03950408258616e6 1.070627960964959e6 1.3471470413666777e6 2.9251385178656545e6 1.192033503703515e6 685808.0191666575 3.31054876837446e6 896690.0257052999 774708.5942592103 2.8993583667932823e6 615960.238443465 775048.8900651695 1.4120298169467134e7 5.7542124577983115e6 3.31054876837446e6 1.5980759690012226e7 4.32852340195655e6 3.739691737186716e6 1.3995851611544326e7 2.973377901332349e6 3.7413344211883843e6 3.8246017244938607e6 1.5585769241606595e6 896690.0257052999 4.32852340195655e6 1.1724170317757386e6 1.0129270143917582e6 3.7908943258025157e6 805364.4556598474 1.0133719491934301e6 3.3043211596487346e6 1.3465555580498655e6 774708.5942592103 3.739691737186716e6 1.0129270143917582e6 875133.2577714205 3.2751991545993676e6 695806.5188913217 875517.6657662224 1.2366470788878486e7 5.03950408258616e6 2.8993583667932823e6 1.3995851611544326e7 3.7908943258025157e6 3.2751991545993676e6 1.2257481254460817e7 2.604066183292993e6 3.276637807202747e6 2.627220692365288e6 1.070627960964959e6 615960.238443465 2.973377901332349e6 805364.4556598474 695806.5188913217 2.604066183292993e6 553226.2743214307 696112.156445742 3.305772604282889e6 1.3471470413666777e6 775048.8900651695 3.7413344211883843e6 1.0133719491934301e6 875517.6657662224 3.276637807202747e6 696112.156445742 875902.2426147448
602528.1138087247 1.091833275654411e6 125778.28977348801 881670.4718137168 232260.54266864154 1.6863016368517214e6 868248.7849316632 779686.3611225464 130393.98184055174 1.091833275654411e6 1.9784967282118862e6 227921.18572112438 1.597663473664457e6 420876.2766340845 3.055725032093182e6 1.5733422112745454e6 1.4128594071176285e6 236285.22064911798 125778.28977348801 227921.18572112438 26256.331971533044 184049.50996812357 48484.59875848694 352016.9948331658 181247.72066865218 162760.2344425045 27219.861873310594 881670.4718137168 1.597663473664457e6 184049.50996812357 1.2901353531114948e6 339863.4147441269 2.467540228762304e6 1.2704955973314138e6 1.1409035132522664e6 190803.58385986366 232260.54266864154 420876.2766340845 48484.59875848694 339863.4147441269 89531.02509977971 650029.9725475283 334689.6673167264 300550.91736872715 50263.840456456724 1.6863016368517214e6 3.055725032093182e6 352016.9948331658 2.467540228762304e6 650029.9725475283 4.719469756313334e6 2.4299768154711802e6 2.1821162479553563e6 364934.9797528935 868248.7849316632 1.5733422112745454e6 181247.72066865218 1.2704955973314138e6 334689.6673167264 2.4299768154711802e6 1.2511548179387103e6 1.1235355166968117e6 187898.97716109036 779686.3611225464 1.4128594071176285e6 162760.2344425045 1.1409035132522664e6 300550.91736872715 2.1821162479553563e6 1.1235355166968117e6 1.0089335381842479e6 168733.0547464108 130393.98184055174 236285.22064911798 27219.861873310594 190803.58385986366 50263.840456456724 364934.9797528935 187898.97716109036 168733.0547464108 28218.75047913812
7.208913648268449e6 1.125451950344569e7 1.019897755011083e7 1.3164117516505355e6 1.5411246305805624e7 6.720210735255478e6 1.2584667082996523e7 1.0118410907656109e7 1.4144922470780471e6 1.125451950344569e7 1.75704988897826e7 1.5922592134322189e7 2.055175364331725e6 2.4059959736479264e7 1.0491558988969794e7 1.96471185591154e7 1.5796811899868751e7 2.2082981374088703e6 1.019897755011083e7 1.5922592134322189e7 1.4429239708350463e7 1.8624240151649988e6 2.1803417652241368e7 9.507573785038646e6 1.7804449230145738e7 1.4315256184927225e7 2.0011856677212354e6 1.3164117516505355e6 2.055175364331725e6 1.8624240151649988e6 240388.49463814512 2.814230650330568e6 1.227170252980254e6 2.298072143317394e6 1.8477118296550647e6 258298.8654773763 1.5411246305805624e7 2.4059959736479264e7 2.1803417652241368e7 2.814230650330568e6 3.2946228001393188e7 1.4366495136589352e7 2.6903554898206983e7 2.1631181940803804e7 3.023907551258892e6 6.720210735255478e6 1.0491558988969794e7 9.507573785038646e6 1.227170252980254e6 1.4366495136589352e7 6.264637715155669e6 1.1731533897771576e7 9.432468874376033e6 1.3186017266322454e6 1.2584667082996523e7 1.96471185591154e7 1.7804449230145738e7 2.298072143317394e6 2.6903554898206983e7 1.1731533897771576e7 2.1969169463958964e7 1.7663803298906013e7 2.4692921693177153e6 1.0118410907656109e7 1.5796811899868751e7 1.4315256184927225e7 1.8477118296550647e6 2.1631181940803804e7 9.432468874376033e6 1.7663803298906013e7 1.4202173072327744e7 1.98537733699547e6 1.4144922470780471e6 2.2082981374088703e6 2.0011856677212354e6 258298.8654773763 3.023907551258892e6 1.3186017266322454e6 2.4692921693177153e6 1.98537733699547e6 277543.66533777025
856091.3011483665 5.08911218428269e6 1.73283849272295e6 3.2345561242392384e6 55074.20343528802 1.832150049866591e6 4.088328544013817e6 2.863563281075627e6 3.9447400290375026e6 5.08911218428269e6 3.0252687755936038e7 1.0301015177798297e7 1.9228111488262042e7 327393.58449994767 1.0891381713262254e7 2.4303438872445233e7 1.7022710970942214e7 2.344986395571754e7 1.73283849272295e6 1.0301015177798297e7 3.5074871545061423e6 6.547156070194819e6 111477.24493953491 3.7085064719082844e6 8.275300849876686e6 5.79621901675638e6 7.984659296189455e6 3.2345561242392384e6 1.9228111488262042e7 6.547156070194819e6 1.2221071872613696e7 208085.98542030458 6.922383344360322e6 1.5446866604301803e7 1.0819355523791904e7 1.490434840575914e7 55074.20343528802 327393.58449994767 111477.24493953491 208085.98542030458 3543.042523575207 117866.17202507742 263011.0102056624 184219.21409577315 253773.6507392497 1.832150049866591e6 1.0891381713262254e7 3.7085064719082844e6 6.922383344360322e6 117866.17202507742 3.921046506048308e6 8.749570677494572e6 6.128408968974676e6 8.442272023108955e6 4.088328544013817e6 2.4303438872445233e7 8.275300849876686e6 1.5446866604301803e7 263011.0102056624 8.749570677494572e6 1.9524121155509103e7 1.367516231493913e7 1.8838403377997793e7 2.863563281075627e6 1.7022710970942214e7 5.79621901675638e6 1.0819355523791904e7 184219.21409577315 6.128408968974676e6 1.367516231493913e7 9.578411384072103e6 1.3194869151676288e7 3.9447400290375026e6 2.344986395571754e7 7.984659296189455e6 1.490434840575914e7 253773.6507392497 8.442272023108955e6 1.8838403377997793e7 1.3194869151676288e7 1.8176769085046425e7
1.1315524679530255e7 6.831229023140877e6 1.5183348718606599e7 2.008279099635761e6 1.6039520921405822e7 1.5861667869327419e7 1.2775425995305922e7 1.5524412662360365e7 9.429476678723883e6 6.831229023140877e6 4.124041198992771e6 9.166250383656096e6 1.212406393917967e6 9.683125081578748e6 9.575754458861621e6 7.712577482155708e6 9.372152096329868e6 5.692614048843442e6 1.5183348718606599e7 9.166250383656096e6 2.0373255756124854e7 2.6947404347250196e6 2.152208106351819e7 2.1283435045162547e7 1.7142267230999853e7 2.083090071206088e7 1.2652619891857862e7 2.008279099635761e6 1.212406393917967e6 2.6947404347250196e6 356429.3354712787 2.846693860594987e6 2.815128504377646e6 2.2673823567128982e6 2.755272456816678e6 1.6735433372030032e6 1.6039520921405822e7 9.683125081578748e6 2.152208106351819e7 2.846693860594987e6 2.2735687356469538e7 2.248358435368895e7 1.8108900677161325e7 2.2005532111198884e7 1.3366087101546463e7 1.5861667869327419e7 9.575754458861621e6 2.1283435045162547e7 2.815128504377646e6 2.248358435368895e7 2.2234276776576146e7 1.7908101459341824e7 2.1761525381336845e7 1.321787822442325e7 1.2775425995305922e7 7.712577482155708e6 1.7142267230999853e7 2.2673823567128982e6 1.8108900677161325e7 1.7908101459341824e7 1.4423680207846425e7 1.7527334410516117e7 1.064604469480959e7 1.5524412662360365e7 9.372152096329868e6 2.083090071206088e7 2.755272456816678e6 2.2005532111198884e7 2.1761525381336845e7 1.7527334410516117e7 2.1298825758140612e7 1.2936836010390798e7 9.429476678723883e6 5.692614048843442e6 1.2652619891857862e7 1.6735433372030032e6 1.3366087101546463e7 1.321787822442325e7 1.064604469480959e7 1.2936836010390798e7 7.857791216296366e6
2.6407753002327632e7 1.6300419763173932e7 2.7481116162978016e7 1.2090786053477949e7 7.705578444097365e6 1.291269275583002e6 1.735678599633734e7 2.1075867786379e7 2.6743688861195296e7 1.6300419763173932e7 1.0061578674726762e7 1.696296269423612e7 7.463144930242579e6 4.756336638932541e6 797047.4132137338 1.0713630101544056e7 1.3009266322691381e7 1.6507779151629385e7 2.7481116162978016e7 1.696296269423612e7 2.859810698382879e7 1.258222522787362e7 8.018777527437277e6 1.3437538951857502e6 1.8062265734583862e7 2.1932512426255908e7 2.7830706389758702e7 1.2090786053477949e7 7.463144930242579e6 1.258222522787362e7 5.535764719478088e6 3.527998023067728e6 591207.4589279679 7.946802063743161e6 9.649583146056982e6 1.2244594239918586e7 7.705578444097365e6 4.756336638932541e6 8.018777527437277e6 3.527998023067728e6 2.248428298799389e6 376782.4053254584 5.064576150057127e6 6.149775503090084e6 7.803601934110387e6 1.291269275583002e6 797047.4132137338 1.3437538951857502e6 591207.4589279679 376782.4053254584 63139.65228005899 848700.9280177774 1.0305541908999976e6 1.3076956505602356e6 1.735678599633734e7 1.0713630101544056e7 1.8062265734583862e7 7.946802063743161e6 5.064576150057127e6 848700.9280177774 1.140793842232993e7 1.3852345817648215e7 1.7577583532967884e7 2.1075867786379e7 1.3009266322691381e7 2.1932512426255908e7 9.649583146056982e6 6.149775503090084e6 1.0305541908999976e6 1.3852345817648215e7 1.6820522477235228e7 2.134397616142986e7 2.6743688861195296e7 1.6507779151629385e7 2.7830706389758702e7 1.2244594239918586e7 7.803601934110387e6 1.3076956505602356e6 1.7577583532967884e7 2.134397616142986e7 2.7083898196161557e7
453272.80683074484 2.0953290387307303e6 2.7075304851257163e6 2.299606698409111e6 3.048583335475585e6 2.6676311891101617e6 2.719741030344293e6 1.5210690038587432e6 3.6715391896583876e6 2.0953290387307303e6 9.686007442726765e6 1.2516010586205348e7 1.0630314945488326e7 1.4092584186718758e7 1.2331569445447654e7 1.2572455865052117e7 7.031394792868193e6 1.697230137126175e7 2.7075304851257163e6 1.2516010586205348e7 1.6172868121388178e7 1.3736220540728116e7 1.8210076123822123e7 1.5934538006126031e7 1.6245805264144348e7 9.085788152001735e6 2.1931172868805733e7 2.299606698409111e6 1.0630314945488326e7 1.3736220540728116e7 1.1666684803667687e7 1.5466497335093452e7 1.3533797878268601e7 1.3798168778417902e7 7.716899000566261e6 1.862696368891747e7 3.048583335475585e6 1.4092584186718758e7 1.8210076123822123e7 1.5466497335093452e7 2.0503900108902484e7 1.7941724863615938e7 1.8292200760706253e7 1.0230275338365356e7 2.4693723118752267e7 2.6676311891101617e6 1.2331569445447654e7 1.5934538006126031e7 1.3533797878268601e7 1.7941724863615938e7 1.5699720022627683e7 1.6006400316792462e7 8.951896196582256e6 2.160798597836518e7 2.719741030344293e6 1.2572455865052117e7 1.6245805264144348e7 1.3798168778417902e7 1.8292200760706253e7 1.6006400316792462e7 1.6319071342173684e7 9.126763656316796e6 2.2030079078535277e7 1.5210690038587432e6 7.031394792868193e6 9.085788152001735e6 7.716899000566261e6 1.0230275338365356e7 8.951896196582256e6 9.126763656316796e6 5.104323223527862e6 1.2320757772542424e7 3.6715391896583876e6 1.697230137126175e7 2.1931172868805733e7 1.862696368891747e7 2.4693723118752267e7 2.160798597836518e7 2.2030079078535277e7 1.2320757772542424e7 2.9739706018214695e7
726077.613404153 1.8297314014346746e6 3.3686095347382734e6 1.0315077138517158e6 3.296115544662048e6 4.463818550423045e6 3.0230954031041e6 2.0239055106894905e6 4.91531574749903e6 1.8297314014346746e6 4.610962987413528e6 8.48896940367727e6 2.5994219075392606e6 8.306282969597764e6 1.1248919979398085e7 7.618266265859161e6 5.100285972298592e6 1.2386702750686795e7 3.3686095347382734e6 8.48896940367727e6 1.5628536106942724e7 4.785640895531697e6 1.5292202990931801e7 2.0709716775039516e7 1.402553640453786e7 9.389832815191098e6 2.2804420887795556e7 1.0315077138517158e6 2.5994219075392606e6 4.785640895531697e6 1.4654193216990693e6 4.682651754163015e6 6.341557958808454e6 4.2947836022535395e6 2.875276840715861e6 6.982980904466846e6 3.296115544662048e6 8.306282969597764e6 1.5292202990931801e7 4.682651754163015e6 1.496310791462924e7 2.0264034369023353e7 1.3723700562051801e7 9.187759395905724e6 2.231365950851259e7 4.463818550423045e6 1.1248919979398085e7 2.0709716775039516e7 6.341557958808454e6 2.0264034369023353e7 2.744290098365801e7 1.8585546628833063e7 1.2442673890691116e7 3.0218639453713235e7 3.0230954031041e6 7.618266265859161e6 1.402553640453786e7 4.2947836022535395e6 1.3723700562051801e7 1.8585546628833063e7 1.2586954407561503e7 8.426729226640908e6 2.046539952031045e7 2.0239055106894905e6 5.100285972298592e6 9.389832815191098e6 2.875276840715861e6 9.187759395905724e6 1.2442673890691116e7 8.426729226640908e6 5.64153671808532e6 1.3701200043203559e7 4.91531574749903e6 1.2386702750686795e7 2.2804420887795556e7 6.982980904466846e6 2.231365950851259e7 3.0218639453713235e7 2.046539952031045e7 1.3701200043203559e7 3.327513264640994e7
1.685032956673793e7 1.989224948125067e7 3.190098985967357e6 7.651433863598433e6 1.2307453159902783e7 1.086636455161858e7 4.339042676408056e6 2.334894867653109e7 2.088704204947053e7 1.989224948125067e7 2.3483314546287645e7 3.765994287970024e6 9.032715395931281e6 1.4529266490957338e7 1.2828024149848202e7 5.122352004276683e6 2.7564037270541646e7 2.4657692879408546e7 3.190098985967357e6 3.765994287970024e6 603948.5162568297 1.4485670035584348e6 2.330043082525144e6 2.057216649678909e6 821466.1670120739 4.420415470296669e6 3.9543280977365947e6 7.651433863598433e6 9.032715395931281e6 1.4485670035584348e6 3.474379532883791e6 5.5885947814468825e6 4.934222169077479e6 1.970281823769372e6 1.0602340795499194e7 9.484432943269853e6 1.2307453159902783e7 1.4529266490957338e7 2.330043082525144e6 5.5885947814468825e6 8.989343661396699e6 7.9367748985436605e6 3.169229675135049e6 1.7054033930388696e7 1.5255861355983203e7 1.086636455161858e7 1.2828024149848202e7 2.057216649678909e6 4.934222169077479e6 7.9367748985436605e6 7.0074521748082135e6 2.798142276098428e6 1.5057164740388904e7 1.346954149564873e7 4.339042676408056e6 5.122352004276683e6 821466.1670120739 1.970281823769372e6 3.169229675135049e6 2.798142276098428e6 1.1173248139226262e6 6.012469035425691e6 5.378515979621123e6 2.334894867653109e7 2.7564037270541646e7 4.420415470296669e6 1.0602340795499194e7 1.7054033930388696e7 1.5057164740388904e7 6.012469035425691e6 3.2353871901439827e7 2.89424886846321e7 2.088704204947053e7 2.4657692879408546e7 3.9543280977365947e6 9.484432943269853e6 1.5255861355983203e7 1.346954149564873e7 5.378515979621123e6 2.89424886846321e7 2.589080076140064e7
1.4709897862596124e7 1.866594022162625e7 1.6826119572697703e7 1.4451493718282957e7 1.5414405190602668e7 5.313936998283019e6 1.022015080266842e7 1.9067749547635313e7 4.754873390004167e6 1.866594022162625e7 2.3685910508139513e7 2.135129319317246e7 1.833804152675939e7 1.9559915950968727e7 6.7430536417017e6 1.2968732055148738e7 2.4195781407980926e7 6.033636894576986e6 1.6826119572697703e7 2.135129319317246e7 1.9246788966130435e7 1.6530540427899575e7 1.7631979997536015e7 6.0784201338507505e6 1.1690460468387738e7 2.1810908333128326e7 5.4389275140166385e6 1.4451493718282957e7 1.833804152675939e7 1.6530540427899575e7 1.4197628878213907e7 1.514362518787387e7 5.220588740137258e6 1.0040616631351683e7 1.8732792394848876e7 4.671346026242809e6 1.5414405190602668e7 1.9559915950968727e7 1.7631979997536015e7 1.514362518787387e7 1.6152653784514053e7 5.568439618955516e6 1.0709628785525138e7 1.9980969300102834e7 4.982600542040968e6 5.313936998283019e6 6.7430536417017e6 6.0784201338507505e6 5.220588740137258e6 5.568439618955516e6 1.9196548259878592e6 3.6920200252666255e6 6.888206889105548e6 1.7176936145520727e6 1.022015080266842e7 1.2968732055148738e7 1.1690460468387738e7 1.0040616631351683e7 1.0709628785525138e7 3.6920200252666255e6 7.100761909087078e6 1.324790135626083e7 3.3035935087628993e6 1.9067749547635313e7 2.4195781407980926e7 2.1810908333128326e7 1.8732792394848876e7 1.9980969300102834e7 6.888206889105548e6 1.324790135626083e7 2.4716627960812997e7 6.163518997766439e6 4.754873390004167e6 6.033636894576986e6 5.4389275140166385e6 4.671346026242809e6 4.982600542040968e6 1.7176936145520727e6 3.3035935087628993e6 6.163518997766439e6 1.5369801453522483e6
2.2561608382836856e7 1.855005088200623e6 2.2417900042404912e7 1.1399710470336802e7 1.1359362266570926e7 2.3201521841317553e7 2.4949196420245267e7 2.1835324906288315e7 502252.7930051056 1.855005088200623e6 152517.66712996774 1.8431894543949713e6 937278.9637894497 933961.552990741 1.9076184791144005e6 2.0513114810236092e6 1.795290394034649e6 41294.99416788907 2.2417900042404912e7 1.8431894543949713e6 2.2275107066106558e7 1.132709891510996e7 1.1287007713119144e7 2.305373751039868e7 2.479028010755049e7 2.1696242698502894e7 499053.6454028903 1.1399710470336802e7 937278.9637894497 1.132709891510996e7 5.759935045515866e6 5.739548296791025e6 1.1723039730776463e7 1.2606087776734907e7 1.1032741005591491e7 253773.41570788698 1.1359362266570926e7 933961.552990741 1.1287007713119144e7 5.739548296791025e6 5.719233705047172e6 1.1681547133482553e7 1.2561469713878859e7 1.0993691655755099e7 252875.2085548204 2.3201521841317553e7 1.9076184791144005e6 2.305373751039868e7 1.1723039730776463e7 1.1681547133482553e7 2.3859585124376193e7 2.5656828885833964e7 2.2454638832881514e7 516498.156914887 2.4949196420245267e7 2.0513114810236092e6 2.479028010755049e7 1.2606087776734907e7 1.2561469713878859e7 2.5656828885833964e7 2.758945157870487e7 2.4146053807107255e7 555403.8246153428 2.1835324906288315e7 1.795290394034649e6 2.1696242698502894e7 1.1032741005591491e7 1.0993691655755099e7 2.2454638832881514e7 2.4146053807107255e7 2.1132421309372324e7 486084.7123248533 502252.7930051056 41294.99416788907 499053.6454028903 253773.41570788698 252875.2085548204 516498.156914887 555403.8246153428 486084.7123248533 11180.845966342004
5.095553329883963e6 1.0436471204647804e7 5.452868814010597e6 1.129647354610662e7 6.988524048077101e6 8.530057989671566e6 7.139843024976752e6 3.047232536591908e6 1.0119760892791055e7 1.0436471204647804e7 2.137548645927392e7 1.1168307870784182e7 2.313690255905773e7 1.4313564252776897e7 1.747086112534328e7 1.4623488620728891e7 6.241197483989741e6 2.07268153855118e7 5.452868814010597e6 1.1168307870784182e7 5.8352403316886565e6 1.2088616156091377e7 7.478580317123383e6 9.128211242691718e6 7.640510234580039e6 3.260913622544464e6 1.0829388881854955e7 1.129647354610662e7 2.313690255905773e7 1.2088616156091377e7 2.5043465609414525e7 1.5493052849126142e7 1.891052221197626e7 1.5828516087150922e7 6.755494351627118e6 2.2434778682012487e7 6.988524048077101e6 1.4313564252776897e7 7.478580317123383e6 1.5493052849126142e7 9.584723229982197e6 1.1698928758669171e7 9.792256394789191e6 4.1792630718164784e6 1.3879197759602487e7 8.530057989671566e6 1.747086112534328e7 9.128211242691718e6 1.891052221197626e7 1.1698928758669171e7 1.4279487348396895e7 1.1952239746569516e7 5.101128093920838e6 1.6940681741247512e7 7.139843024976752e6 1.4623488620728891e7 7.640510234580039e6 1.5828516087150922e7 9.792256394789191e6 1.1952239746569516e7 1.0004283170257792e7 4.269754541527564e6 1.4179717009550385e7 3.047232536591908e6 6.241197483989741e6 3.260913622544464e6 6.755494351627118e6 4.1792630718164784e6 5.101128093920838e6 4.269754541527564e6 1.822299862432371e6 6.051799021352901e6 1.0119760892791055e7 2.07268153855118e7 1.0829388881854955e7 2.2434778682012487e7 1.3879197759602487e7 1.6940681741247512e7 1.4179717009550385e7 6.051799021352901e6 2.009782920466369e7
2.3131694784363814e7 5.934368278165835e6 3.541056562508676e7 3.3790002464100994e7 3.6526513281391314e6 2.8708346387446508e7 1.9649396892903656e7 1.1284299715857787e7 5.254459777676595e6 5.934368278165835e6 1.522444731749883e6 9.084476486326069e6 8.668725772642137e6 937076.9576106233 7.36504184878924e6 5.040994993810818e6 2.894953910613079e6 1.3480162052207312e6 3.541056562508676e7 9.084476486326069e6 5.420736221784201e7 5.172656439059094e7 5.5915682256045425e6 4.394744065305441e7 3.0079778617858723e7 1.727428272534678e7 8.043655880656352e6 3.3790002464100994e7 8.668725772642137e6 5.172656439059094e7 4.935930017958486e7 5.335670322857301e6 4.193618773786537e7 2.8703178717286255e7 1.6483725847110491e7 7.675538281580121e6 3.6526513281391314e6 937076.9576106233 5.5915682256045425e6 5.335670322857301e6 576778.3921295371 4.533242399154745e6 3.1027728978385534e6 1.7818673784382448e6 829714.7988723089 2.8708346387446508e7 7.36504184878924e6 4.394744065305441e7 4.193618773786537e7 4.533242399154745e6 3.5629432256676726e7 2.438652669268339e7 1.4004749241356513e7 6.521219166284861e6 1.9649396892903656e7 5.040994993810818e6 3.0079778617858723e7 2.8703178717286255e7 3.1027728978385534e6 2.438652669268339e7 1.6691332038318293e7 9.585535597039385e6 4.463441463837614e6 1.1284299715857787e7 2.894953910613079e6 1.727428272534678e7 1.6483725847110491e7 1.7818673784382448e6 1.4004749241356513e7 9.585535597039385e6 5.5048028803917235e6 2.5632751741261096e6 5.254459777676595e6 1.3480162052207312e6 8.043655880656352e6 7.675538281580121e6 829714.7988723089 6.521219166284861e6 4.463441463837614e6 2.5632751741261096e6 1.1935721879697328e6
1.8190418701512262e6 1.8621982940928107e6 3.240308392808366e6 7.080986678312627e6 135574.275310382 4.609720465841901e6 9.574720250640094e6 3.8837066121842614e6 1.3451807903062887e6 1.8621982940928107e6 1.9063785960209263e6 3.317184095889289e6 7.248981746501226e6 138790.74932171497 4.719085211063258e6 9.801878675654437e6 3.9758468161951923e6 1.3770949498521094e6 3.240308392808366e6 3.317184095889289e6 5.772048820201952e6 1.2613552738724556e7 241502.11677129864 8.2114195165426405e6 1.705570767558091e7 6.918151438493168e6 2.3962068582355883e6 7.080986678312627e6 7.248981746501226e6 1.2613552738724556e7 2.7564166147683263e7 527750.1596567943 1.7944264914945543e7 3.7271526101659335e7 1.5118109832768809e7 5.2363870301066805e6 135574.275310382 138790.74932171497 241502.11677129864 527750.1596567943 10104.431584308282 343565.2151800091 713609.609861401 289454.9697315361 100257.1264574908 4.609720465841901e6 4.719085211063258e6 8.2114195165426405e6 1.7944264914945543e7 343565.2151800091 1.1681711741706686e7 2.4263753692715835e7 9.841885526264962e6 3.408886579843689e6 9.574720250640094e6 9.801878675654437e6 1.705570767558091e7 3.7271526101659335e7 713609.609861401 2.4263753692715835e7 5.039755784752557e7 2.0442302597539477e7 7.080502084675441e6 3.8837066121842614e6 3.9758468161951923e6 6.918151438493168e6 1.5118109832768809e7 289454.9697315361 9.841885526264962e6 2.0442302597539477e7 8.29182510695579e6 2.8719996035393416e6 1.3451807903062887e6 1.3770949498521094e6 2.3962068582355883e6 5.2363870301066805e6 100257.1264574908 3.408886579843689e6 7.080502084675441e6 2.8719996035393416e6 994760.6969918828
3.931777315660179e7 9.951804129560253e6 7.367449553136903e6 4.5700046380390584e7 6.474865611840264e6 3.2870735624990642e7 1.1111354682132438e7 2.439380957788907e7 2.9015918227638256e7 9.951804129560253e6 2.5189220416595014e6 1.8647906277704265e6 1.1567234707774943e7 1.6388668319950404e6 8.319980921389961e6 2.812418317035009e6 6.174368368371875e6 7.344279994969849e6 7.367449553136903e6 1.8647906277704265e6 1.3805286657976252e6 8.563373743027225e6 1.2132743522521767e6 6.159389686873851e6 2.08206972357174e6 4.570964910909482e6 5.437065647858951e6 4.5700046380390584e7 1.1567234707774943e7 8.563373743027225e6 5.311832465311365e7 7.525900757129013e6 3.82064909077232e7 1.291500976670039e7 2.8353544455931693e7 3.37259387374546e7 6.474865611840264e6 1.6388668319950404e6 1.2132743522521767e6 7.525900757129013e6 1.0662832944381088e6 5.413165056078667e6 1.8298220513594763e6 4.017181699191248e6 4.7783522830707e6 3.2870735624990642e7 8.319980921389961e6 6.159389686873851e6 3.82064909077232e7 5.413165056078667e6 2.7480835606443964e7 9.289396953818854e6 2.03938931721142e7 2.425810264427189e7 1.1111354682132438e7 2.812418317035009e6 2.08206972357174e6 1.291500976670039e7 1.8298220513594763e6 9.289396953818854e6 3.1401117855886533e6 6.89378488422388e6 8.200010656018183e6 2.439380957788907e7 6.174368368371875e6 4.570964910909482e6 2.8353544455931693e7 4.017181699191248e6 2.03938931721142e7 6.89378488422388e6 1.5134579045263076e7 1.800226022855928e7 2.9015918227638256e7 7.344279994969849e6 5.437065647858951e6 3.37259387374546e7 4.7783522830707e6 2.425810264427189e7 8.200010656018183e6 1.800226022855928e7 2.141330606999608e7
4.572637650927326e6 2.054822693338055e6 1.0200550309281098e7 1.7399393624728754e7 1.3837488087101983e7 8.2495465827179e6 1.6461495417086435e7 4.72778025261375e6 1.3264165686733332e6 2.054822693338055e6 923383.0938256788 4.5838581274413e6 7.818828343672393e6 6.218201989918411e6 3.7071285376133895e6 7.397361639282709e6 2.1245396844895673e6 596056.6032554145 1.0200550309281098e7 4.5838581274413e6 2.2755187389727514e7 3.8814225742124364e7 3.0868396790184453e7 1.8402926575366497e7 3.672198083177161e7 1.0546639379621977e7 2.9589440433952683e6 1.7399393624728754e7 7.818828343672393e6 3.8814225742124364e7 6.6206623314413846e7 5.265317752788824e7 3.1390440086398613e7 6.263781656862089e7 1.79897284381945e7 5.047162218075386e6 1.3837488087101983e7 6.218201989918411e6 3.0868396790184453e7 5.265317752788824e7 4.187431657128094e7 2.496436658155096e7 4.981495673150982e7 1.4306972893579606e7 4.0139356906685377e6 8.2495465827179e6 3.7071285376133895e6 1.8402926575366497e7 3.1390440086398613e7 2.496436658155096e7 1.4883098993560337e7 2.9698367470011912e7 8.52944108065973e6 2.393002924502536e6 1.6461495417086435e7 7.397361639282709e6 3.672198083177161e7 6.263781656862089e7 4.981495673150982e7 2.9698367470011912e7 5.926138304700419e7 1.702000877887403e7 4.775099610601229e6 4.72778025261375e6 2.1245396844895673e6 1.0546639379621977e7 1.79897284381945e7 1.4306972893579606e7 8.52944108065973e6 1.702000877887403e7 4.888186605486135e6 1.3714198541058074e6 1.3264165686733332e6 596056.6032554145 2.9589440433952683e6 5.047162218075386e6 4.0139356906685377e6 2.393002924502536e6 4.775099610601229e6 1.3714198541058074e6 384762.81043050473
5.279168961807207e7 4.784643733841599e7 3.0193532723941002e7 5.422309083215993e7 4.9271111470404565e7 3.872793629445392e7 4.852102037665484e7 4.7090962708112085e6 4.197413201133507e7 4.784643733841599e7 4.336443070000325e7 2.7365158833766717e7 4.914375229445297e7 4.46556487321785e7 3.51001036444271e7 4.397582229027364e7 4.267972502338811e6 3.8042212546030015e7 3.0193532723941002e7 2.7365158833766717e7 1.7268805468192726e7 3.101220436925723e7 2.8179983010381512e7 2.214994860549039e7 2.7750977988020644e7 2.693307476642178e6 2.4006568791642092e7 5.422309083215993e7 4.914375229445297e7 3.101220436925723e7 5.5693303257832706e7 5.060705523898689e7 3.977801094506752e7 4.983662607100545e7 4.8367793619958535e6 4.311222446406727e7 4.9271111470404565e7 4.46556487321785e7 2.8179983010381512e7 5.060705523898689e7 4.598531403507082e7 3.614524331362841e7 4.528524510072763e7 4.3950555279173665e6 3.91749563646471e7 3.872793629445392e7 3.51001036444271e7 2.214994860549039e7 3.977801094506752e7 3.614524331362841e7 2.8410779432864368e7 3.559497715802819e7 3.4545888131225e6 3.079218570783355e7 4.852102037665484e7 4.397582229027364e7 2.7750977988020644e7 4.983662607100545e7 4.528524510072763e7 3.559497715802819e7 4.459583384097286e7 4.328146300387427e6 3.857856661434065e7 4.7090962708112085e6 4.267972502338811e6 2.693307476642178e6 4.8367793619958535e6 4.3950555279173665e6 3.4545888131225e6 4.328146300387427e6 420058.30554392235 3.74415424009181e6 4.197413201133507e7 3.8042212546030015e7 2.4006568791642092e7 4.311222446406727e7 3.91749563646471e7 3.079218570783355e7 3.857856661434065e7 3.74415424009181e6 3.337320269252872e7
