7.688775804409209e6 6.542594436339796e6 9.996818781928541e6 3.1468922308732136e6 1.0791762720396169e7 7.529817919597749e6 443688.1042245091 9.408723016765654e6 8.777050899296025e6 6.542594436339796e6 5.567276644206112e6 8.506572776674746e6 2.6777786380069936e6 9.18301281359685e6 6.407332725082276e6 377546.62068631826 8.006145637287588e6 7.46863816061259e6 9.996818781928541e6 8.506572776674746e6 1.2997697982221002e7 4.091537087120931e6 1.4031270906807538e7 9.790144376425968e6 576875.9145098592 1.223306562197172e7 1.1411776011170516e7 3.1468922308732136e6 2.6777786380069936e6 4.091537087120931e6 1.2879723592735338e6 4.416894851163025e6 3.0818333261172236e6 181594.40249438473 3.8508389524010667e6 3.5923057177885445e6 1.0791762720396169e7 9.18301281359685e6 1.4031270906807538e7 4.416894851163025e6 1.5147033230770765e7 1.0568653630072894e7 622748.9088584788 1.3205835217699764e7 1.231923691099491e7 7.529817919597749e6 6.407332725082276e6 9.790144376425968e6 3.0818333261172236e6 1.0568653630072894e7 7.374146332863708e6 434515.2886349208 9.214206913348475e6 8.595593996230321e6 443688.1042245091 377546.62068631826 576875.9145098592 181594.40249438473 622748.9088584788 434515.2886349208 25603.44310175463 542939.290294864 506488.05131728057 9.408723016765654e6 8.006145637287588e6 1.223306562197172e7 3.8508389524010667e6 1.3205835217699764e7 9.214206913348475e6 542939.290294864 1.151341527677927e7 1.0740440730262073e7 8.777050899296025e6 7.46863816061259e6 1.1411776011170516e7 3.5923057177885445e6 1.231923691099491e7 8.595593996230321e6 506488.05131728057 1.0740440730262073e7 1.0019361267453749e7
6.342327424779425e6 2.382149028970778e6 9.334625050840655e6 6.624825773492056e6 129475.31744429894 1.7615042345621192e6 4.984951811992614e6 2.49404669864977e6 1.0309897643863171e7 2.382149028970778e6 894724.2260082109 3.506042263568521e6 2.4882541102761705e6 48630.334113717974 661612.8939505202 1.8723249878284726e6 936752.4764149098 3.8723501667798096e6 9.334625050840655e6 3.506042263568521e6 1.3738682821600351e7 9.750405565799758e6 190561.51799402438 2.5925784737733416e6 7.336842289103055e6 3.6707330340946955e6 1.5174087109095478e7 6.624825773492056e6 2.4882541102761705e6 9.750405565799758e6 6.919907092411106e6 135242.37438212807 1.8399647119524695e6 5.2069902784707025e6 2.6051358977390537e6 1.076911850471125e7 129475.31744429894 48630.334113717974 190561.51799402438 135242.37438212807 2643.171300460729 35960.19326569838 101765.19991392965 50914.66687244001 210471.20100454896 1.7615042345621192e6 661612.8939505202 2.5925784737733416e6 1.8399647119524695e6 35960.19326569838 489236.35765906406 1.384509681982949e6 692691.1095290912 2.863448564104777e6 4.984951811992614e6 1.8723249878284726e6 7.336842289103055e6 5.2069902784707025e6 101765.19991392965 1.384509681982949e6 3.918079736911828e6 1.960274482369657e6 8.103388472256539e6 2.49404669864977e6 936752.4764149098 3.6707330340946955e6 2.6051358977390537e6 50914.66687244001 692691.1095290912 1.960274482369657e6 980754.9371770484 4.0542476696538967e6 1.0309897643863171e7 3.8723501667798096e6 1.5174087109095478e7 1.076911850471125e7 210471.20100454896 2.863448564104777e6 8.103388472256539e6 4.0542476696538967e6 1.675946104763459e7
3.726613466582708e6 3.677580373594859e6 5.218268305046047e6 6.086407439657275e6 2.495985491064144e6 4.712339983825047e6 212959.31697493515 6.059678837380243e6 286242.38566758664 3.677580373594859e6 3.629192435847691e6 5.149608692952847e6 6.006325245829882e6 2.463144443883606e6 4.650337147553129e6 210157.29468700624 5.979948326401806e6 282476.1379364065 5.218268305046047e6 5.149608692952847e6 7.306989133063554e6 8.522619079967072e6 3.4950557911814884e6 6.598552439286016e6 298200.729428909 8.4851917966303e6 400816.8762561904 6.086407439657275e6 6.006325245829882e6 8.522619079967072e6 9.940487752137324e6 4.076512039232245e6 7.696323053876524e6 347811.00395935314 9.896833864979625e6 467498.92396809976 2.495985491064144e6 2.463144443883606e6 3.4950557911814884e6 4.076512039232245e6 1.6717439647196769e6 3.156198606069658e6 142634.4240213868 4.0586099401607597e6 191717.45284574354 4.712339983825047e6 4.650337147553129e6 6.598552439286016e6 7.696323053876524e6 3.156198606069658e6 5.9588010192855345e6 269289.1852906061 7.662524469088681e6 361956.3582707032 212959.31697493515 210157.29468700624 298200.729428909 347811.00395935314 142634.4240213868 269289.1852906061 12169.673912550483 346283.58370617864 16357.474014320964 6.059678837380243e6 5.979948326401806e6 8.4851917966303e6 9.896833864979625e6 4.0586099401607597e6 7.662524469088681e6 346283.58370617864 9.85337168490024e6 465445.89138236357 286242.38566758664 282476.1379364065 400816.8762561904 467498.92396809976 191717.45284574354 361956.3582707032 16357.474014320964 465445.89138236357 21986.370222561676
270104.7834241675 617161.1746275137 2.0608693109380403e6 632992.5802466205 2.0629892782376232e6 150333.4869299907 26831.685689401147 478665.3721113679 398874.78066593007 617161.1746275137 1.4101487231696793e6 4.708870789211333e6 1.4463218288956487e6 4.713714692722393e6 343496.29134062055 61307.59495400114 1.093700302381745e6 911387.1477740419 2.0608693109380403e6 4.708870789211333e6 1.5724202522161694e7 4.829662644786112e6 1.5740377635732496e7 1.147027704184679e6 204722.76313294857 3.652163294138802e6 3.0433699987114207e6 632992.5802466205 1.4463218288956487e6 4.829662644786112e6 1.4834228463775648e6 4.83463080400932e6 352307.6510638797 62880.256105011635 1.1217558797974752e6 934766.0319385552 2.0629892782376232e6 4.713714692722393e6 1.5740377635732496e7 4.83463080400932e6 1.5756569388258351e7 1.1482076243337546e6 204933.35657573442 3.6559201877541416e6 3.0465006411270057e6 150333.4869299907 343496.29134062055 1.147027704184679e6 352307.6510638797 1.1482076243337546e6 83671.81434561571 14933.837227024438 266413.03256425384 222003.6086209469 26831.685689401147 61307.59495400114 204722.76313294857 62880.256105011635 204933.35657573442 14933.837227024438 2665.4076533114744 47549.690353774415 39623.447643465384 478665.3721113679 1.093700302381745e6 3.652163294138802e6 1.1217558797974752e6 3.6559201877541416e6 266413.03256425384 47549.690353774415 848265.3863212325 706864.7318750687 398874.78066593007 911387.1477740419 3.0433699987114207e6 934766.0319385552 3.0465006411270057e6 222003.6086209469 39623.447643465384 706864.7318750687 589034.7021416664
6.689647610301005e6 2.34565066821233e6 2.0874546043120269e6 5.958685587468473e6 7.022256318512132e6 609065.5249522417 9.44632970086767e6 7.685341487632699e6 3.4394967478214926e6 2.34565066821233e6 822476.3661411131 731942.782745038 2.0893469498139531e6 2.4622762192304903e6 213562.06467279617 3.3122506394618936e6 2.6947796724220044e6 1.206021350424855e6 2.0874546043120269e6 731942.782745038 651374.6282171378 1.8593633610917665e6 2.1912426690705465e6 190054.3509095349 2.947656674405666e6 2.3981534467324903e6 1.0732692872641701e6 5.958685587468473e6 2.0893469498139531e6 1.8593633610917665e6 5.307594061551307e6 6.2549509262932455e6 542514.3709764921 8.414151525165742e6 6.84558234227676e6 3.0636710471609486e6 7.022256318512132e6 2.4622762192304903e6 2.1912426690705465e6 6.2549509262932455e6 7.371402303306787e6 639348.2108680672 9.91600040733417e6 8.067456010440558e6 3.610508232556158e6 609065.5249522417 213562.06467279617 190054.3509095349 542514.3709764921 639348.2108680672 55452.96782361578 860050.3484326345 699719.4501537628 313152.3533553011 9.44632970086767e6 3.3122506394618936e6 2.947656674405666e6 8.414151525165742e6 9.91600040733417e6 860050.3484326345 1.3338990334870508e7 1.085233091263961e7 4.856850790608684e6 7.685341487632699e6 2.6947796724220044e6 2.3981534467324903e6 6.84558234227676e6 8.067456010440558e6 699719.4501537628 1.085233091263961e7 8.829235442922046e6 3.9514349024762553e6 3.4394967478214926e6 1.206021350424855e6 1.0732692872641701e6 3.0636710471609486e6 3.610508232556158e6 313152.3533553011 4.856850790608684e6 3.9514349024762553e6 1.7684246715862993e6
2.3774838588302424e6 800715.7790790276 3.0623898899260378e6 4.981842961141689e6 2.3640597701524044e6 3.2428222094733245e6 512613.39951310685 2.842036790211712e6 2.447134895935522e6 800715.7790790276 269674.0743306613 1.0313861427275208e6 1.677841156760831e6 796194.6633691656 1.0921541705653314e6 172643.71155791465 957173.1451271727 824173.6394688165 3.0623898899260378e6 1.0313861427275208e6 3.944603789039157e6 6.417013289379746e6 3.0450985870657493e6 4.177015087709079e6 660287.1713635656 3.660771323774375e6 3.1521060118933255e6 4.981842961141689e6 1.677841156760831e6 6.417013289379746e6 1.0439086346389832e7 4.953713768406672e6 6.795095974467409e6 1.0741437619718572e6 5.955279538927415e6 5.127791598248265e6 2.3640597701524044e6 796194.6633691656 3.0450985870657493e6 4.953713768406672e6 2.3507114784799432e6 3.2245121238991367e6 509719.0085766748 2.8259896764717894e6 2.4333175336313955e6 3.2428222094733245e6 1.0921541705653314e6 4.177015087709079e6 6.795095974467409e6 3.2245121238991367e6 4.423119779844659e6 699190.4952964049 3.8764595558488197e6 3.3378242971631987e6 512613.39951310685 172643.71155791465 660287.1713635656 1.0741437619718572e6 509719.0085766748 699190.4952964049 110525.46009278571 612776.4590959386 527630.9798754476 2.842036790211712e6 957173.1451271727 3.660771323774375e6 5.955279538927415e6 2.8259896764717894e6 3.8764595558488197e6 612776.4590959386 3.3973619155887696e6 2.9252974227474052e6 2.447134895935522e6 824173.6394688165 3.1521060118933255e6 5.127791598248265e6 2.4333175336313955e6 3.3378242971631987e6 527630.9798754476 2.9252974227474052e6 2.5188264377331147e6
6.530257196238152e6 6.616061376945283e6 4.905555091201077e6 1.0237690184315968e7 8.407808703817345e6 838991.8943290595 4.1755952968329075e6 4.068048879186511e6 1.0076628466979444e7 6.616061376945283e6 6.702992979927768e6 4.9700115318687875e6 1.0372208104851274e7 8.518282934110899e6 850015.8111442042 4.230460445730212e6 4.1215009241314246e6 1.0209030120377937e7 4.905555091201077e6 4.9700115318687875e6 3.6850724297155547e6 7.690593447795799e6 6.315979226149878e6 630254.0367128686 3.1367237386873253e6 3.0559344434464527e6 7.569603247297583e6 1.0237690184315968e7 1.0372208104851274e7 7.690593447795799e6 1.6049949819804493e7 1.3181186904592797e7 1.3153140562735086e6 6.546212453728168e6 6.377608542548205e6 1.5797448285317449e7 8.407808703817345e6 8.518282934110899e6 6.315979226149878e6 1.3181186904592797e7 1.0825185758488873e7 1.0802152410835633e6 5.376144526214792e6 5.237676824380225e6 1.2973817413900474e7 838991.8943290595 850015.8111442042 630254.0367128686 1.3153140562735086e6 1.0802152410835633e6 107791.68072512669 536470.5405568825 522653.2329137114 1.2946212303600202e6 4.1755952968329075e6 4.230460445730212e6 3.1367237386873253e6 6.546212453728168e6 5.376144526214792e6 536470.5405568825 2.6699708080375646e6 2.6012031772658066e6 6.443225920548796e6 4.068048879186511e6 4.1215009241314246e6 3.0559344434464527e6 6.377608542548205e6 5.237676824380225e6 522653.2329137114 2.6012031772658066e6 2.5342067220543674e6 6.277274525219127e6 1.0076628466979444e7 1.0209030120377937e7 7.569603247297583e6 1.5797448285317449e7 1.2973817413900474e7 1.2946212303600202e6 6.443225920548796e6 6.277274525219127e6 1.5548919163556559e7
903283.8787749644 2.9118758234138857e6 2.5590382620016434e6 3.373074760671984e6 3.6194098406153135e6 2.5006183733281083e6 1.6585705917397486e6 1.6376579855618724e6 461344.8839800961 2.9118758234138857e6 9.386883802776998e6 8.2494571434392845e6 1.0873630180900509e7 1.1667729556080887e7 8.0611315622657295e6 5.346659805400363e6 5.279244772579762e6 1.4872168600409646e6 2.5590382620016434e6 8.2494571434392845e6 7.249854647322746e6 9.556051620071141e6 1.0253928455538567e7 7.084348836923247e6 4.698794813263926e6 4.639548588876598e6 1.3070079493557508e6 3.373074760671984e6 1.0873630180900509e7 9.556051620071141e6 1.2595855642317822e7 1.3515728852002287e7 9.337897995683186e6 6.193493245309982e6 6.115400648136508e6 1.722770460853195e6 3.6194098406153135e6 1.1667729556080887e7 1.0253928455538567e7 1.3515728852002287e7 1.4502780246791732e7 1.0019843108815223e7 6.645803010720567e6 6.562007324368043e6 1.8485840965740154e6 2.5006183733281083e6 8.0611315622657295e6 7.084348836923247e6 9.337897995683186e6 1.0019843108815223e7 6.922621333070365e6 4.591526753240489e6 4.533633051746011e6 1.2771704670364892e6 1.6585705917397486e6 5.346659805400363e6 4.698794813263926e6 6.193493245309982e6 6.645803010720567e6 4.591526753240489e6 3.0453952211730573e6 3.0069964027968226e6 847101.4209361325 1.6376579855618724e6 5.279244772579762e6 4.639548588876598e6 6.115400648136508e6 6.562007324368043e6 4.533633051746011e6 3.0069964027968226e6 2.9690817479348797e6 836420.4776606493 461344.8839800961 1.4872168600409646e6 1.3070079493557508e6 1.722770460853195e6 1.8485840965740154e6 1.2771704670364892e6 847101.4209361325 836420.4776606493 235628.14191177773
84028.48405712655 445688.94971237594 811179.0606154818 428856.7955671853 632557.8509470972 160515.34856561903 966946.4670433619 522286.0174597466 670260.4097802226 445688.94971237594 2.3639441092460603e6 4.302511792413132e6 2.2746659890164165e6 3.355100920650479e6 851376.9814803567 5.128705583117069e6 2.7702166614459115e6 3.5550761318702935e6 811179.0606154818 4.302511792413132e6 7.830814464457887e6 4.140020571241652e6 6.10647316887655e6 1.5495541913537888e6 9.334533826273046e6 5.041950783350669e6 6.470439347729217e6 428856.7955671853 2.2746659890164165e6 4.140020571241652e6 2.1887595994129595e6 3.228390182353052e6 819223.3716652768 4.935011835502196e6 2.665595010199847e6 3.4208130107223582e6 632557.8509470972 3.355100920650479e6 6.10647316887655e6 3.228390182353052e6 4.761830934886116e6 1.208343159727405e6 7.279074304827499e6 3.9317158281642925e6 5.045651949370615e6 160515.34856561903 851376.9814803567 1.5495541913537888e6 819223.3716652768 1.208343159727405e6 306624.32405213674 1.8471087625029644e6 997696.4726211799 1.2803644444241582e6 966946.4670433619 5.128705583117069e6 9.334533826273046e6 4.935011835502196e6 7.279074304827499e6 1.8471087625029644e6 1.1127006283869073e7 6.010136027510758e6 7.712931424484691e6 522286.0174597466 2.7702166614459115e6 5.041950783350669e6 2.665595010199847e6 3.9317158281642925e6 997696.4726211799 6.010136027510758e6 3.2463120939860363e6 4.1660592121007163e6 670260.4097802226 3.5550761318702935e6 6.470439347729217e6 3.4208130107223582e6 5.045651949370615e6 1.2803644444241582e6 7.712931424484691e6 4.1660592121007163e6 5.346389643461032e6
5.789863371009813e6 6.460479216839013e6 874562.6495930139 3.3769176429655105e6 932626.4505872352 9.887078775159428e6 3.19154275665735e6 2.291276217537024e6 1.316990924781979e7 6.460479216839013e6 7.208769712976719e6 975859.6117845682 3.7680519990492696e6 1.0406487018781429e6 1.1032258077452198e7 3.5612059089818816e6 2.556665232819423e6 1.4695325179729786e7 874562.6495930139 975859.6117845682 132103.2603105716 510085.6189589533 140873.83543281167 1.493449716556986e6 482084.621120313 346098.77148260653 1.989323406894828e6 3.3769176429655105e6 3.7680519990492696e6 510085.6189589533 1.9695754522412566e6 543951.1286317362 5.766604255361299e6 1.8614561955294057e6 1.3363788725395373e6 7.681303693261523e6 932626.4505872352 1.0406487018781429e6 140873.83543281167 543951.1286317362 150226.70494955804 1.5926025527516198e6 514091.0937453794 369076.8968359615 2.121398197036895e6 9.887078775159428e6 1.1032258077452198e7 1.493449716556986e6 5.766604255361299e6 1.5926025527516198e6 1.6883701815084226e7 5.450048235569533e6 3.9127051895331326e6 2.2489637811985984e7 3.19154275665735e6 3.5612059089818816e6 482084.621120313 1.8614561955294057e6 514091.0937453794 5.450048235569533e6 1.7592721131509985e6 1.263018753118889e6 7.259640819189663e6 2.291276217537024e6 2.556665232819423e6 346098.77148260653 1.3363788725395373e6 369076.8968359615 3.9127051895331326e6 1.263018753118889e6 906747.9435417365 5.211850075382248e6 1.316990924781979e7 1.4695325179729786e7 1.989323406894828e6 7.681303693261523e6 2.121398197036895e6 2.2489637811985984e7 7.259640819189663e6 5.211850075382248e6 2.9956926179686062e7
948099.5950128484 901801.5660514018 2.2760014989038273e6 4.686267115963661e6 950021.667315113 3.141091072750795e6 3.1987955064823516e6 4.2576059155533025e6 4.6761352993782535e6 901801.5660514018 857764.383415584 2.1648587625638572e6 4.45742519703739e6 903629.7788482049 2.987703890410751e6 3.0425904750912576e6 4.0496965745709958e6 4.447788141909714e6 2.2760014989038273e6 2.1648587625638572e6 5.463753861156609e6 1.1249821259603497e7 2.2806156127205263e6 7.54048206262271e6 7.679006937390366e6 1.0220780070483837e7 1.1225498888983041e7 4.686267115963661e6 4.45742519703739e6 1.1249821259603497e7 2.3163283264417764e7 4.695767535826709e6 1.5525786404623019e7 1.5811007906313283e7 2.1044496485118117e7 2.3113203716721587e7 950021.667315113 903629.7788482049 2.2806156127205263e6 4.695767535826709e6 951947.6362142696 3.1474589735299777e6 3.205280390850997e6 4.266237315089057e6 4.6856151791164735e6 3.141091072750795e6 2.987703890410751e6 7.54048206262271e6 1.5525786404623019e7 3.1474589735299777e6 1.0406557685726078e7 1.059773473358662e7 1.4105615067216877e7 1.549221929965369e7 3.1987955064823516e6 3.0425904750912576e6 7.679006937390366e6 1.5811007906313283e7 3.205280390850997e6 1.059773473358662e7 1.0792423861496342e7 1.4364746850102829e7 1.5776824145940023e7 4.2576059155533025e6 4.0496965745709958e6 1.0220780070483837e7 2.1044496485118117e7 4.266237315089057e6 1.4105615067216877e7 1.4364746850102829e7 1.9119518906564686e7 2.0998997802852836e7 4.6761352993782535e6 4.447788141909714e6 1.1225498888983041e7 2.3113203716721587e7 4.6856151791164735e6 1.549221929965369e7 1.5776824145940023e7 2.0998997802852836e7 2.3063232442151845e7
3.297752670172914e7 1.0208874273875393e7 1.3950036188383324e7 7.071409619348313e6 866794.4023331435 2.6252293387892377e7 1.7626137601345304e7 2.7499202550217114e7 4.688645731294185e6 1.0208874273875393e7 3.160367812978834e6 4.318521726972021e6 2.189100850283436e6 268334.1038506092 8.12693944642704e6 5.456534819414661e6 8.512945922420556e6 1.4514670920731933e6 1.3950036188383324e7 4.318521726972021e6 5.901094749079546e6 2.9913225750680235e6 366668.2886743421 1.1105151884236138e7 7.456146108959054e6 1.1632614968274662e7 1.9833742602241102e6 7.071409619348313e6 2.189100850283436e6 2.9913225750680235e6 1.5163306350075642e6 185867.73744722558 5.629309974400305e6 3.779593300414938e6 5.896686164393789e6 1.0053917877428825e6 866794.4023331435 268334.1038506092 366668.2886743421 185867.73744722558 22783.168146951302 690025.7003154623 463292.3974495259 722799.9557014588 123238.225570018 2.6252293387892377e7 8.12693944642704e6 1.1105151884236138e7 5.629309974400305e6 690025.7003154623 2.0898562659274302e7 1.4031571857740805e7 2.1891184860856317e7 3.7324722512731734e6 1.7626137601345304e7 5.456534819414661e6 7.456146108959054e6 3.779593300414938e6 463292.3974495259 1.4031571857740805e7 9.420983251763044e6 1.469803155528876e7 2.5060313216096433e6 2.7499202550217114e7 8.512945922420556e6 1.1632614968274662e7 5.896686164393789e6 722799.9557014588 2.1891184860856317e7 1.469803155528876e7 2.293095378975818e7 3.9097540521226875e6 4.688645731294185e6 1.4514670920731933e6 1.9833742602241102e6 1.0053917877428825e6 123238.225570018 3.7324722512731734e6 2.5060313216096433e6 3.9097540521226875e6 666617.572397584
2.555264487445493e6 297590.27810029255 8.911835534412615e6 3.721094904981836e6 6.327973412137702e6 1.2744282873551117e6 725684.4964402295 3.161976456721712e6 1.0789627161405266e6 297590.27810029255 34657.850118812225 1.0378869303354224e6 433364.79376276216 736966.1249477548 148422.00105556674 84514.40239151574 368248.94554969773 125657.76119602394 8.911835534412615e6 1.0378869303354224e6 3.108124931201022e7 1.2977829091301156e7 2.206967560195076e7 4.444743529725967e6 2.5309242600610885e6 1.1027826780529987e7 3.7630305282488326e6 3.721094904981836e6 433364.79376276216 1.2977829091301156e7 5.4188313420831915e6 9.21508898137826e6 1.8558817023214279e6 1.056775490598074e6 4.604617072161562e6 1.5712356530691697e6 6.327973412137702e6 736966.1249477548 2.206967560195076e7 9.21508898137826e6 1.5670881703816518e7 3.1560522825257475e6 1.7971181541622174e6 7.830462578824215e6 2.6719924352139197e6 1.2744282873551117e6 148422.00105556674 4.444743529725967e6 1.8558817023214279e6 3.1560522825257475e6 635616.1828220641 361932.3379252364 1.577023537170335e6 538128.4846272973 725684.4964402295 84514.40239151574 2.5309242600610885e6 1.056775490598074e6 1.7971181541622174e6 361932.3379252364 206091.381522768 897988.1746197918 306420.9279263199 3.161976456721712e6 368248.94554969773 1.1027826780529987e7 4.604617072161562e6 7.830462578824215e6 1.577023537170335e6 897988.1746197918 3.9127437343511633e6 1.3351473880214645e6 1.0789627161405266e6 125657.76119602394 3.7630305282488326e6 1.5712356530691697e6 2.6719924352139197e6 538128.4846272973 306420.9279263199 1.3351473880214645e6 455592.9722895957
2.9384601030584976e7 1.0894198918575717e6 1.4172176311642533e7 3.9273083065375667e6 1.9829156268477984e7 1.5093252280803278e7 1.661102802593407e7 5.650975561751036e6 1.703078916028828e7 1.0894198918575717e6 40389.7163531213 525426.5922734798 145603.05876354192 735156.3921234605 559575.0389946477 615845.8417325644 209507.18980206063 631408.2830642742 1.4172176311642533e7 525426.5922734798 6.835232549158191e6 1.894138555514042e6 9.5635907547453e6 7.279466963563756e6 8.011489339472122e6 2.7254622892637094e6 8.213939895076094e6 3.9273083065375667e6 145603.05876354192 1.894138555514042e6 524892.2903035217 2.6502047805164545e6 2.0172421260158843e6 2.2200957664348623e6 755263.7260790409 2.2761976474165046e6 1.9829156268477984e7 735156.3921234605 9.5635907547453e6 2.6502047805164545e6 1.3381003128491076e7 1.0185146218731962e7 1.120936337245062e7 3.8133605205896753e6 1.1492624292681586e7 1.5093252280803278e7 559575.0389946477 7.279466963563756e6 2.0172421260158843e6 1.0185146218731962e7 7.752572994775769e6 8.532170859762918e6 2.9025951278830227e6 8.747779051682554e6 1.661102802593407e7 615845.8417325644 8.011489339472122e6 2.2200957664348623e6 1.120936337245062e7 8.532170859762918e6 9.390164998026317e6 3.194479766201756e6 9.62745472538039e6 5.650975561751036e6 209507.18980206063 2.7254622892637094e6 755263.7260790409 3.8133605205896753e6 2.9025951278830227e6 3.194479766201756e6 1.086743521420264e6 3.275204357614095e6 1.703078916028828e7 631408.2830642742 8.213939895076094e6 2.2761976474165046e6 1.1492624292681586e7 8.747779051682554e6 9.62745472538039e6 3.275204357614095e6 9.870740770660676e6
2.6175197530166944e6 8.936046500070559e6 4.546188398281298e6 4.0067681752293445e6 6.428225134284452e6 7.8644235400154255e6 5.4969175169071825e6 4.919143135595709e6 3.3624060859345677e6 8.936046500070559e6 3.05070962537695e7 1.5520398987745043e7 1.3678852542597761e7 2.194555309341415e7 2.6848643403295502e7 1.8766127927601423e7 1.679364281760428e7 1.1479041218849553e7 4.546188398281298e6 1.5520398987745043e7 7.895959115054537e6 6.959077566401155e6 1.1164738104972694e7 1.3659171441049455e7 9.547214538828844e6 8.543718314544335e6 5.8399297734310785e6 4.0067681752293445e6 1.3678852542597761e7 6.959077566401155e6 6.133360098439836e6 9.840005165797135e6 1.203846577292948e7 8.414406096924663e6 7.529978003943287e6 5.147002876212549e6 6.428225134284452e6 2.194555309341415e7 1.1164738104972694e7 9.840005165797135e6 1.5786730292836417e7 1.9313812248530917e7 1.3499582305939471e7 1.2080657464737566e7 8.257551175445794e6 7.8644235400154255e6 2.6848643403295502e7 1.3659171441049455e7 1.203846577292948e7 1.9313812248530917e7 2.362891723948502e7 1.651566811202294e7 1.4779726123441195e7 1.0102458842130573e7 5.4969175169071825e6 1.8766127927601423e7 9.547214538828844e6 8.414406096924663e6 1.3499582305939471e7 1.651566811202294e7 1.1543791466275252e7 1.0330437445244111e7 7.061214682879667e6 4.919143135595709e6 1.679364281760428e7 8.543718314544335e6 7.529978003943287e6 1.2080657464737566e7 1.4779726123441195e7 1.0330437445244111e7 9.24461760435244e6 6.319018910037914e6 3.3624060859345677e6 1.1479041218849553e7 5.8399297734310785e6 5.147002876212549e6 8.257551175445794e6 1.0102458842130573e7 7.061214682879667e6 6.319018910037914e6 4.319270054676723e6
2.9376575631314293e7 2.6784386696832575e7 1.2524564993811883e7 2.8758274872670237e7 1.9523501131046955e7 1.8885058377789408e7 7.21937328864129e6 2.969577443431041e7 2.078981798088632e7 2.6784386696832575e7 2.4420932505173873e7 1.1419397421062231e7 2.6220644795042835e7 1.7800747457188033e7 1.721864089032146e7 6.582335814036508e6 2.707541939853048e7 1.895532451247482e7 1.2524564993811883e7 1.1419397421062231e7 5.33978943811975e6 1.2260955370466067e7 8.323752975547803e6 8.051555907436206e6 3.0779458812004477e6 1.2660653903705463e7 8.863641214654408e6 2.8758274872670237e7 2.6220644795042835e7 1.2260955370466067e7 2.8152987742058862e7 1.9112582046664406e7 1.848757685820829e7 7.06742419704794e6 2.9070755368382085e7 2.0352246209724825e7 1.9523501131046955e7 1.7800747457188033e7 8.323752975547803e6 1.9112582046664406e7 1.2975205183809184e7 1.2550899847075326e7 4.797953455677587e6 1.973563879710905e7 1.3816791989582045e7 1.8885058377789408e7 1.721864089032146e7 8.051555907436206e6 1.848757685820829e7 1.2550899847075326e7 1.2140469822232913e7 4.641054414174569e6 1.9090258878499795e7 1.3364965718269072e7 7.21937328864129e6 6.582335814036508e6 3.0779458812004477e6 7.06742419704794e6 4.797953455677587e6 4.641054414174569e6 1.7741806034461735e6 7.297817261861233e6 5.109154262586533e6 2.969577443431041e7 2.707541939853048e7 1.2660653903705463e7 2.9070755368382085e7 1.973563879710905e7 1.9090258878499795e7 7.297817261861233e6 3.001844157470272e7 2.101571514117114e7 2.078981798088632e7 1.895532451247482e7 8.863641214654408e6 2.0352246209724825e7 1.3816791989582045e7 1.3364965718269072e7 5.109154262586533e6 2.101571514117114e7 1.4712965088335827e7
7.220845815822214e6 1.908574413275662e6 3.34531752081847e6 3.260638258074439e6 1.3741496002386776e6 5.324556412952516e6 1.3076259293461483e7 2.1764949851084985e6 1.3009339312191313e7 1.908574413275662e6 504463.9345475015 884216.0028575391 861834.0439664945 363207.6953203695 1.4073575853865347e6 3.4562452301880233e6 575279.2325379227 3.4385573072982603e6 3.34531752081847e6 884216.0028575391 1.549839118649113e6 1.5106083929788764e6 636624.41369837 2.46679299256138e6 6.058049214308149e6 1.0083398805861255e6 6.027046116950025e6 3.260638258074439e6 861834.0439664945 1.5106083929788764e6 1.47237070575895e6 620509.6844801882 2.404351621704262e6 5.904703190218585e6 982816.0021644004 5.87448486722365e6 1.3741496002386776e6 363207.6953203695 636624.41369837 620509.6844801882 261504.97767152564 1.0132797809191076e6 2.4884531451086453e6 414193.82022461505 2.4757180628404594e6 5.324556412952516e6 1.4073575853865347e6 2.46679299256138e6 2.404351621704262e6 1.0132797809191076e6 3.926257632117235e6 9.64226103898637e6 1.604918679377571e6 9.592915127923433e6 1.3076259293461483e7 3.4562452301880233e6 6.058049214308149e6 5.904703190218585e6 2.4884531451086453e6 9.64226103898637e6 2.3679851567411967e7 3.941423692198948e6 2.3558665898956772e7 2.1764949851084985e6 575279.2325379227 1.0083398805861255e6 982816.0021644004 414193.82022461505 1.604918679377571e6 3.941423692198948e6 656035.3926713836 3.9212527859986066e6 1.3009339312191313e7 3.4385573072982603e6 6.027046116950025e6 5.87448486722365e6 2.4757180628404594e6 9.592915127923433e6 2.3558665898956772e7 3.9212527859986066e6 2.3438100418774173e7
6.059652819715922e6 1.201648305645622e7 9.14391891118554e6 9.127263173238527e6 3.547256554031749e6 8.2409696214662595e6 500408.6978912525 1.3760972381044151e6 1.0343325940627659e7 1.201648305645622e7 2.382906568117028e7 1.813268019388308e7 1.8099651339130566e7 7.03432185747303e6 1.6342103214712251e7 992326.2633048758 2.7288443146307366e6 2.0511142240453158e7 9.14391891118554e6 1.813268019388308e7 1.3798026973145349e7 1.3772893731732916e7 5.35275324383326e6 1.243549097780878e7 755108.6988155314 2.076508660396e6 1.5607912942691505e7 9.127263173238527e6 1.8099651339130566e7 1.3772893731732916e7 1.3747806270766133e7 5.343003151319289e6 1.2412839609070648e7 753733.2609172801 2.0727262795122468e6 1.5579482976240769e7 3.547256554031749e6 7.03432185747303e6 5.35275324383326e6 5.343003151319289e6 2.07652640084933e6 4.824176297066004e6 292933.9495348275 805552.7423895738 6.054873410239057e6 8.2409696214662595e6 1.6342103214712251e7 1.243549097780878e7 1.2412839609070648e7 4.824176297066004e6 1.1207503519172497e7 680542.7638068259 1.8714563148741163e6 1.406665322216141e7 500408.6978912525 992326.2633048758 755108.6988155314 753733.2609172801 292933.9495348275 680542.7638068259 41323.9623416178 113638.6931031903 854156.2396072962 1.3760972381044151e6 2.7288443146307366e6 2.076508660396e6 2.0727262795122468e6 805552.7423895738 1.8714563148741163e6 113638.6931031903 312500.3469765408 2.34888411649609e6 1.0343325940627659e7 2.0511142240453158e7 1.5607912942691505e7 1.5579482976240769e7 6.054873410239057e6 1.406665322216141e7 854156.2396072962 2.34888411649609e6 1.7655201493718e7
1.2076746210804505e6 944349.447523487 885303.2047044935 1.428987682116318e6 3.6643007945294026e6 140219.31664808159 2.361532366857662e6 341885.3354360638 5.491341460222745e6 944349.447523487 738440.5231932976 692268.9089098342 1.11740671251095e6 2.8653251219089744e6 109645.45573564364 1.8466164205352664e6 267339.58137381554 4.293992093238428e6 885303.2047044935 692268.9089098342 648984.2136111555 1.0475399187647144e6 2.6861682606990864e6 102789.78147190135 1.7311551769814026e6 250623.94938152403 4.0255066290227156e6 1.428987682116318e6 1.11740671251095e6 1.0475399187647144e6 1.6908575869659986e6 4.335804203840047e6 165915.28279828627 2.794296248553682e6 404537.71612527367 6.497660187586403e6 3.6643007945294026e6 2.8653251219089744e6 2.6861682606990864e6 4.335804203840047e6 1.1118143975548819e7 425450.48511680827 7.165311564170875e6 1.0373412543483975e6 1.666171212385361e7 140219.31664808159 109645.45573564364 102789.78147190135 165915.28279828627 425450.48511680827 16280.425553419991 274190.1245112356 39695.235181771306 637582.452751086 2.361532366857662e6 1.8466164205352664e6 1.7311551769814026e6 2.794296248553682e6 7.165311564170875e6 274190.1245112356 4.617829192044306e6 668535.4409981176 1.0737975584997868e7 341885.3354360638 267339.58137381554 250623.94938152403 404537.71612527367 1.0373412543483975e6 39695.235181771306 668535.4409981176 96785.65778061791 1.5545653476120804e6 5.491341460222745e6 4.293992093238428e6 4.0255066290227156e6 6.497660187586403e6 1.666171212385361e7 637582.452751086 1.0737975584997868e7 1.5545653476120804e6 2.496933404610519e7
2.1030499011283703e7 7.480778968330417e6 1.0075759841989215e7 1.1846951741652219e7 2.1378393994137183e7 2.431154389020384e7 1.9524038209853303e7 3.1326473417464346e7 1.9303392786960762e7 7.480778968330417e6 2.660995059745792e6 3.584058194504071e6 4.214090563434884e6 7.604529026259218e6 8.647882588230483e6 6.9449143521884885e6 1.114316989661505e7 6.866428357246226e6 1.0075759841989215e7 3.584058194504071e6 4.827319424944338e6 5.675901486906156e6 1.0242437118433481e7 1.1647715895578358e7 9.354011050463188e6 1.5008584564801695e7 9.248299327212753e6 1.1846951741652219e7 4.214090563434884e6 5.675901486906156e6 6.673653606304491e6 1.2042928787694575e7 1.3695237905566186e7 1.099832858698237e7 1.764690503129425e7 1.0874034071877338e7 2.1378393994137183e7 7.604529026259218e6 1.0242437118433481e7 1.2042928787694575e7 2.1732043995881543e7 2.471371523860057e7 1.9847012711533133e7 3.184468855475525e7 1.9622717283209305e7 2.431154389020384e7 8.647882588230483e6 1.1647715895578358e7 1.3695237905566186e7 2.471371523860057e7 2.8104476551326014e7 2.2570054642935082e7 3.621383082756916e7 2.23149855226091e7 1.9524038209853303e7 6.9449143521884885e6 9.354011050463188e6 1.099832858698237e7 1.9847012711533133e7 2.2570054642935082e7 1.8125488501974635e7 2.908248937195306e7 1.7920648394991353e7 3.1326473417464346e7 1.114316989661505e7 1.5008584564801695e7 1.764690503129425e7 3.184468855475525e7 3.621383082756916e7 2.908248937195306e7 4.6663083755101e7 2.8753821803427e7 1.9303392786960762e7 6.866428357246226e6 9.248299327212753e6 1.0874034071877338e7 1.9622717283209305e7 2.23149855226091e7 1.7920648394991353e7 2.8753821803427e7 1.771812323082599e7
2.2684990605682198e7 2.5025238935255043e7 3.2870732319095135e7 3.7961398488439925e7 1.909510720991559e7 3.1635655696493465e7 3.7311975041204765e7 1.4506627030388834e7 1.542949152538946e7 2.5025238935255043e7 2.760691395700808e7 3.626177081405179e7 4.187760462425239e7 2.1065012929860033e7 3.489928016456426e7 4.116118480201336e7 1.6003172048445843e7 1.702124187680492e7 3.2870732319095135e7 3.626177081405179e7 4.762995330149982e7 5.50063691831309e7 2.7668962646356057e7 4.584031742459792e7 5.406534942840093e7 2.1020218269317698e7 2.2357456283177137e7 3.7961398488439925e7 4.187760462425239e7 5.50063691831309e7 6.352516517406739e7 3.195403456739888e7 5.293957371253482e7 6.243841038114035e7 2.4275604032466542e7 2.5819939115275722e7 1.909510720991559e7 2.1065012929860033e7 2.7668962646356057e7 3.195403456739888e7 1.6073320271370906e7 2.6629336008153617e7 3.140738191211931e7 1.2210963769592615e7 1.2987785624120848e7 3.1635655696493465e7 3.489928016456426e7 4.584031742459792e7 5.293957371253482e7 2.6629336008153617e7 4.411792487568377e7 5.203391159721462e7 2.0230409878850617e7 2.1517402848159812e7 3.7311975041204765e7 4.116118480201336e7 5.406534942840093e7 6.243841038114035e7 3.140738191211931e7 5.203391159721462e7 6.1370247212126665e7 2.3860309889410116e7 2.5378225307689037e7 1.4506627030388834e7 1.6003172048445843e7 2.1020218269317698e7 2.4275604032466542e7 1.2210963769592615e7 2.0230409878850617e7 2.3860309889410116e7 9.27671655046204e6 9.866871127171842e6 1.542949152538946e7 1.702124187680492e7 2.2357456283177137e7 2.5819939115275722e7 1.2987785624120848e7 2.1517402848159812e7 2.5378225307689037e7 9.866871127171842e6 1.0494569421264514e7
4.991750383968063e7 1.3431270294311171e7 4.4414546643585026e7 3.437376389587626e7 5.51099323334478e7 1.6305394742102833e7 3.675950802086448e7 5.591965339196477e7 1.315716184935517e7 1.3431270294311171e7 3.6139431630682256e6 1.1950593180404073e7 9.248926296497732e6 1.4828393652234994e7 4.387281959049668e6 9.890856916640429e6 1.504626477084834e7 3.5401889820502484e6 4.4414546643585026e7 1.1950593180404073e7 3.951824113422677e7 3.0584364650368758e7 4.903455645558562e7 1.450787117963841e7 3.2707101878160916e7 4.9755013028039604e7 1.1706702733618127e7 3.437376389587626e7 9.248926296497732e6 3.0584364650368758e7 2.36701668449655e7 3.79493295264055e7 1.1228081253705792e7 2.531301752779811e7 3.850691270557192e7 9.060172087171793e6 5.51099323334478e7 1.4828393652234994e7 4.903455645558562e7 3.79493295264055e7 6.084247825274724e7 1.8001485086141914e7 4.058323922099455e7 6.1736426653836265e7 1.4525772393326137e7 1.6305394742102833e7 4.387281959049668e6 1.450787117963841e7 1.1228081253705792e7 1.8001485086141914e7 5.326105619176644e6 1.2007377026117044e7 1.826597790879018e7 4.297745302499171e6 3.675950802086448e7 9.890856916640429e6 3.2707101878160916e7 2.531301752779811e7 4.058323922099455e7 1.2007377026117044e7 2.706989184146362e7 4.117952199668808e7 9.689002039976161e6 5.591965339196477e7 1.504626477084834e7 4.9755013028039604e7 3.850691270557192e7 6.1736426653836265e7 1.826597790879018e7 4.117952199668808e7 6.264350968991649e7 1.4739197148176761e7 1.315716184935517e7 3.5401889820502484e6 1.1706702733618127e7 9.060172087171793e6 1.4525772393326137e7 4.297745302499171e6 9.689002039976161e6 1.4739197148176761e7 3.467939993275808e6
5.9124708705678806e7 4.7479575493825614e7 6.049878340363257e7 4.029929722369774e7 1.6802176677548986e7 3.044935291409931e7 3.238763925205513e7 3.5150958399477154e7 3.735727910649088e7 4.7479575493825614e7 3.812805404751811e7 4.85830140524901e7 3.236199495553534e7 1.3492839685579035e7 2.445208411291942e7 2.600860784937861e7 2.8227666901773673e7 2.9999433272644393e7 6.049878340363257e7 4.85830140524901e7 6.190479198027917e7 4.123586411548664e7 1.719266394333997e7 3.115700435669001e7 3.3140337008998644e7 3.596787646305668e7 3.822547267781406e7 4.029929722369774e7 3.236199495553534e7 4.123586411548664e7 2.746792994462478e7 1.1452334003103398e7 2.07542252675267e7 2.2075357818500467e7 2.3958831277968004e7 2.5462655582377728e7 1.6802176677548986e7 1.3492839685579035e7 1.719266394333997e7 1.1452334003103398e7 4.774875805459241e6 8.653157344529938e6 9.203983390272217e6 9.989268891847624e6 1.0616265474801086e7 3.044935291409931e7 2.445208411291942e7 3.115700435669001e7 2.07542252675267e7 8.653157344529938e6 1.5681482635335436e7 1.6679704293336185e7 1.8102819633370996e7 1.9239079571394056e7 3.238763925205513e7 2.600860784937861e7 3.3140337008998644e7 2.2075357818500467e7 9.203983390272217e6 1.6679704293336185e7 1.7741468825545553e7 1.925517410450966e7 2.046376389205201e7 3.5150958399477154e7 2.8227666901773673e7 3.596787646305668e7 2.3958831277968004e7 9.989268891847624e6 1.8102819633370996e7 1.925517410450966e7 2.0898028987381678e7 2.2209735870779745e7 3.735727910649088e7 2.9999433272644393e7 3.822547267781406e7 2.5462655582377728e7 1.0616265474801086e7 1.9239079571394056e7 2.046376389205201e7 2.2209735870779745e7 2.360377467882931e7
656356.7453454977 4.642134236680218e6 5.149036632504442e6 3.653813523877425e6 1.544458423057381e6 1.9768451442774392e6 5.471937866847852e6 2.153122041484323e6 1.349625621230573e6 4.642134236680218e6 3.283185618823084e7 3.6416962889727764e7 2.584188091905459e7 1.092330256929078e7 1.3981391354536636e7 3.8700707035943285e7 1.5228123448725887e7 9.54533239346441e6 5.149036632504442e6 3.6416962889727764e7 4.039354882978585e7 2.8663710423028804e7 1.2116083294788748e7 1.5508103080916839e7 4.2926668655407414e7 1.6890973307541363e7 1.0587644315630179e7 3.653813523877425e6 2.584188091905459e7 2.8663710423028804e7 2.0340086945007496e7 8.597707136022458e6 1.1004722011305332e7 3.0461240356692586e7 1.1986022067302508e7 7.513109878116627e6 1.544458423057381e6 1.092330256929078e7 1.2116083294788748e7 8.597707136022458e6 3.6342306793804243e6 4.651670232401182e6 1.2875894989776041e7 5.066463468872426e6 3.175773957478545e6 1.9768451442774392e6 1.3981391354536636e7 1.5508103080916839e7 1.1004722011305332e7 4.651670232401182e6 5.953952255638376e6 1.6480631727448775e7 6.484871044487403e6 4.0648639247512864e6 5.471937866847852e6 3.8700707035943285e7 4.2926668655407414e7 3.0461240356692586e7 1.2875894989776041e7 1.6480631727448775e7 4.5618642957470156e7 1.7950223128340147e7 1.1251606074364671e7 2.153122041484323e6 1.5228123448725887e7 1.6890973307541363e7 1.1986022067302508e7 5.066463468872426e6 6.484871044487403e6 1.7950223128340147e7 7.063132295662356e6 4.427331163167806e6 1.349625621230573e6 9.54533239346441e6 1.0587644315630179e7 7.513109878116627e6 3.175773957478545e6 4.0648639247512864e6 1.1251606074364671e7 4.427331163167806e6 2.7751513645573966e6
