395103.8740495093 1.3358356338976792e6 490647.6230660393 955437.9270822346 949254.4227790912 1.1569666658277812e6 1.5527431549788876e6 946541.6042278304 1.2151002000435027e6 1.3178146979450518e6 1.3112691788489807e6 296047.39653599507 1.8119685439319643e6 429115.9361285335 1.0361616617884052e6 192555.1343607357 596062.3816853778 1.4410702721461442e6 1.1619594665602928e6 74462.41983972325 161259.39375237233 294471.58296870766 96450.92542099826 1.675401661088467e6 799097.8139118337 310749.0594933189 916820.6199554685 1.3018225065558995e6 1.3457159742818e6 1.6225336313169198e6 389745.50502263 578652.6470772527 1.4268456110287148e6 1.2149316692815134e6 383377.4386367395 307003.0442902249 79186.39546871993 1.3358356338976792e6 4.51642456071491e6 1.6588664946795304e6 3.230310085022986e6 3.209403822308225e6 3.9116733622583365e6 5.249783089830173e6 3.2002318553215927e6 4.1082212870707363e6 4.455496258101784e6 4.433366033051664e6 1.0009283319906484e6 6.126217198727607e6 1.450829506374382e6 3.5032348736781664e6 651023.7607460018 2.0152709749980138e6 4.872220058875519e6 3.928553888037752e6 251755.45050638408 545213.6985327625 995600.5484536585 326097.99994933006 5.664488219350874e6 2.7017283426064393e6 1.0506342613571768e6 3.0997460021746336e6 4.401427086613314e6 4.549829727373674e6 5.485742824275486e6 1.3177191314895502e6 1.9564091277883837e6 4.824126859975627e6 4.1076514890706157e6 1.296188869307832e6 1.0379690841162461e6 267727.08579864446 490647.6230660393 1.6588664946795304e6 609295.6962254143 1.1864812741656397e6 1.1788024790744637e6 1.436743554895919e6 1.9282264443881123e6 1.1754336485936502e6 1.5089349006578133e6 1.6364877483008655e6 1.6283593962467464e6 367637.37580328993 2.2501375398795702e6 532884.4587710637 1.286725567274325e6 239118.68546097376 740201.7797890942 1.7895489012872519e6 1.4429437112921134e6 92468.87135692229 200255.03022974028 365680.50007524306 119774.62234248473 2.0805461466848182e6 992335.1015889547 385894.1848575719 1.13852555620023e6 1.6166283361106382e6 1.6711360922283127e6 2.014893606056113e6 483993.4969001704 718582.0350466857 1.7718844423320554e6 1.5087256159020448e6 476085.5090494302 381242.3108161217 98335.1955466433 955437.9270822346 3.230310085022986e6 1.1864812741656397e6 2.3104345273840814e6 2.295481612665864e6 2.7977701700875354e6 3.754834611159136e6 2.2889214903704245e6 2.9383483498349534e6 3.1867319608345544e6 3.170903624015858e6 715900.1200504549 4.381691963201648e6 1.0376857009537284e6 2.505640200675797e6 465635.7239352435 1.4413946401796474e6 3.4847878849869603e6 2.809843732245541e6 180064.59751462063 389956.54309883586 712089.4967002812 233237.0758730004 4.0514467086696126e6 1.9323737604359637e6 751451.5972775473 2.217050376293545e6 3.1480597351391935e6 3.254202667595559e6 3.9236015416350844e6 942480.349766904 1.3992945195846402e6 3.450389890879262e6 2.9379408097107974e6 927081.1280764205 742393.0047515368 191488.08834576854 949254.4227790912 3.209403822308225e6 1.1788024790744637e6 2.295481612665864e6 2.2806254718037853e6 2.7796632649756833e6 3.7305336750987484e6 2.274107806002162e6 2.919331635980161e6 3.166107731636367e6 3.150381834323216e6 711266.881880319 4.353334065381694e6 1.0309698968022718e6 2.4894239332199683e6 462622.1733726823 1.4320660697854436e6 3.4622346659116363e6 2.7916586881762096e6 178899.23639380382 387432.781068942 707480.9205256717 231727.58747879605 4.025226127042169e6 1.9198676194044608e6 746588.2732942093 2.2027018350084377e6 3.127685788944455e6 3.2331417743360363e6 3.898208361891202e6 936380.7056841019 1.3902384172069165e6 3.428059292382999e6 2.918926733417316e6 921081.1463064585 737588.3071260995 190248.7954678913 1.1569666658277812e6 3.9116733622583365e6 1.436743554895919e6 2.7977701700875354e6 2.7796632649756833e6 3.3878986103510596e6 4.546834867728285e6 2.771719428328173e6 3.5581286831797576e6 3.858903385668346e6 3.8397364073062344e6 866903.5962282807 5.30591407108069e6 1.2565628091360729e6 3.0341502117179586e6 563851.3981299129 1.7454253214370739e6 4.219827689615458e6 3.4025188264411525e6 218045.28699872424 472209.3489260821 862289.2052069406 282433.3369769826 4.90601080137462e6 2.339965751173558e6 909953.8801941811 2.6846886742981435e6 3.8120740995842796e6 3.940605562680212e6 4.751199491865653e6 1.1412759709131408e6 1.6944451009799466e6 4.178174190810483e6 3.5576351813778398e6 1.122628620132342e6 898984.5756534699 231878.31343026744 1.5527431549788876e6 5.249783089830173e6 1.9282264443881123e6 3.754834611159136e6 3.7305336750987484e6 4.546834867728285e6 6.102221374401592e6 3.719872401664507e6 4.775297439869204e6 5.178961498890145e6 5.153237858501505e6 1.1634549765588606e6 7.120967265623079e6 1.6864092616627824e6 4.072075809593023e6 756734.3336076908 2.342502425036733e6 5.663351204291406e6 4.566456384171856e6 292634.4698275631 633743.2666976714 1.1572620893440372e6 379048.4580773 6.584264624976552e6 3.1404239295176147e6 1.2212319512309204e6 3.603070067090682e6 5.116112796704281e6 5.288612450684233e6 6.376495284464586e6 1.5316849690819427e6 2.2740828320681816e6 5.607448828656347e6 4.774635120402679e6 1.5066587110759187e6 1.2065102543631184e6 311199.5138678362 946541.6042278304 3.2002318553215927e6 1.1754336485936502e6 2.2889214903704245e6 2.274107806002162e6 2.771719428328173e6 3.719872401664507e6 2.267608766655442e6 2.91098864928521e6 3.1570594980084137e6 3.141378542815039e6 709234.1939667738 4.340892927232632e6 1.0280235483895371e6 2.482309554539256e6 461300.07259123353 1.4279734521399327e6 3.4523401484828894e6 2.7836805705121374e6 178387.97075663708 386325.55964270595 705459.0522890759 231065.3467948802 4.0137226693300735e6 1.9143809423146273e6 744454.6424473636 2.1964068625990255e6 3.1187473591334857e6 3.22390196804828e6 3.887067900801901e6 933704.6781740214 1.3862653363569663e6 3.4182624427502397e6 2.910584903869656e6 918448.8425099682 735480.396754814 189705.09459137675 1.2151002000435027e6 4.1082212870707363e6 1.5089349006578133e6 2.9383483498349534e6 2.919331635980161e6 3.5581286831797576e6 4.775297439869204e6 2.91098864928521e6 3.7369122226342647e6 4.0527998034578864e6 4.032669751374347e6 910462.4742509346 5.572517722082302e6 1.3197007017104027e6 3.186605662992646e6 592182.9616173669 1.833126847886975e6 4.431859293138965e6 3.5734835140668172e6 229001.30114045233 495936.21950375545 905616.2261966766 296624.6257528477 5.152520709748129e6 2.4575408577667447e6 955675.8846316634 2.8195849038227913e6 4.003617509300836e6 4.1386072295171996e6 4.989930672619658e6 1.1986211025096425e6 1.7795850494018851e6 4.388112851495182e6 3.736393924090371e6 1.1790367874785622e6 944155.4108484194 243529.3888379048 1.3178146979450518e6 4.455496258101784e6 1.6364877483008655e6 3.1867319608345544e6 3.166107731636367e6 3.858903385668346e6 5.178961498890145e6 3.1570594980084137e6 4.0527998034578864e6 4.395389901700624e6 4.373558221889249e6 987425.4242179733 6.043572174917283e6 1.4312572588993926e6 3.4559748892283128e6 642241.2000788555 1.9880841952430357e6 4.806491938289369e6 3.8755561866692044e6 248359.17275021825 537858.556258944 982169.5145279246 321698.81263747485 5.588072096876668e6 2.665280989213531e6 1.0364608014994623e6 3.057929237628824e6 4.342050144109853e6 4.488450776227472e6 5.4117380458579445e6 1.2999425941150847e6 1.9300164169680118e6 4.759047535120883e6 4.0522376922517135e6 1.2787027834425003e6 1.0239664823656937e6 264115.34454580524 1.3112691788489807e6 4.433366033051664e6 1.6283593962467464e6 3.170903624015858e6 3.150381834323216e6 3.8397364073062344e6 5.153237858501505e6 3.141378542815039e6 4.032669751374347e6 4.373558221889249e6 4.351834978929677e6 982520.9319701303 6.013554056936742e6 1.4241482763283793e6 3.4388092363726716e6 639051.220451253 1.9782094813816312e6 4.782618335410114e6 3.8563064946849695e6 247125.5852735753 535187.0399551207 977291.1281182524 320100.95087088086 5.56031642479518e6 2.652042673053833e6 1.0313127530074224e6 3.042740657435762e6 4.320483400182434e6 4.466156867749e6 5.384858216108485e6 1.293485844856752e6 1.920430122830684e6 4.7354095861977e6 4.0321104321461665e6 1.272351531251829e6 1.018880492526217e6 262803.49695904984 296047.39653599507 1.0009283319906484e6 367637.37580328993 715900.1200504549 711266.881880319 866903.5962282807 1.1634549765588606e6 709234.1939667738 910462.4742509346 987425.4242179733 982520.9319701303 221825.36480206292 1.3576899779245334e6 321532.2958008755 776385.6102419014 144279.6438133415 446623.6042243633 1.079779598012306e6 870644.6520755283 55793.94934142807 120830.0571646142 220644.6233954042 72269.71750926426 1.2553617731806147e6 598756.0308167454 232841.174388177 686964.5565518355 975442.6345349982 1.0083315726059047e6 1.2157482851795005e6 292032.4240078139 433578.66352992656 1.0691212011526132e6 910336.1958299922 287260.8953078067 230034.32251680995 59333.57721682752 1.8119685439319643e6 6.126217198727607e6 2.2501375398795702e6 4.381691963201648e6 4.353334065381694e6 5.30591407108069e6 7.120967265623079e6 4.340892927232632e6 5.572517722082302e6 6.043572174917283e6 6.013554056936742e6 1.3576899779245334e6 8.309789449919469e6 1.9679497697544438e6 4.751895541661021e6 883068.654473699 2.733575539934431e6 6.608829156651322e6 5.328811335490449e6 341488.8370285306 739544.6313852723 1.3504632084531002e6 442329.35785913677 7.683486059575463e6 3.6647074286890035e6 1.4251126294645749e6 4.204590825093618e6 5.9702310875503365e6 6.171528994321705e6 7.4410303075124035e6 1.7873947628045538e6 2.6537335197972823e6 6.543594062323584e6 5.571744830548033e6 1.758190452913484e6 1.4079331934759347e6 363153.25442417123 429115.9361285335 1.450829506374382e6 532884.4587710637 1.0376857009537284e6 1.0309698968022718e6 1.2565628091360729e6 1.6864092616627824e6 1.0280235483895371e6 1.3197007017104027e6 1.4312572588993926e6 1.4241482763283793e6 321532.2958008755 1.9679497697544438e6 466055.8874104928 1.1253584454176035e6 209131.02139618283 647373.7255126815 1.5651231472903884e6 1.2619854093709835e6 80872.4315163632 175141.2229911416 319820.8301370237 104753.7922832636 1.8196266840430654e6 867887.2291494481 337499.5344865374 995744.0674065239 1.4138883981277493e6 1.4615603844843477e6 1.762207570800339e6 423296.29807354615 628465.293946205 1.5496739725987932e6 1.319517663171812e6 416380.0440249523 333431.04787780833 86003.06514824521 1.0361616617884052e6 3.5032348736781664e6 1.286725567274325e6 2.505640200675797e6 2.4894239332199683e6 3.0341502117179586e6 4.072075809593023e6 2.482309554539256e6 3.186605662992646e6 3.4559748892283128e6 3.4388092363726716e6 776385.6102419014 4.751895541661021e6 1.1253584454176035e6 2.717338552913242e6 504976.6937494228 1.5631762392167381e6 3.779213179149218e6 3.047243853779614e6 195278.02623429982 422903.4752225973 772253.0321737232 252942.97962952414 4.393748285796229e6 2.0956375605940372e6 814940.7865422098 2.404366141486873e6 3.414035296392668e6 3.5291461101500285e6 4.25510164327634e6 1.022109315253653e6 1.5175191330032225e6 3.7419089422893035e6 3.186163690321977e6 1.0054090329173772e6 805116.8450603398 207666.67326987852 192555.1343607357 651023.7607460018 239118.68546097376 465635.7239352435 462622.1733726823 563851.3981299129 756734.3336076908 461300.07259123353 592182.9616173669 642241.2000788555 639051.220451253 144279.6438133415 883068.654473699 209131.02139618283 504976.6937494228 93842.35945009974 290492.9046036789 702310.1976509396 566284.655506085 36289.498025187066 78590.2803550539 143511.66604064452 47005.6664170557 816512.348139276 389442.87067628774 151444.54618966952 446815.45602384233 634447.35455135 655838.9761745293 790746.9450524613 189943.71610925117 282008.21486299514 695377.7636440806 592100.8276124882 186840.21862646117 149618.91372153853 38591.74262895501 596062.3816853778 2.0152709749980138e6 740201.7797890942 1.4413946401796474e6 1.4320660697854436e6 1.7454253214370739e6 2.342502425036733e6 1.4279734521399327e6 1.833126847886975e6 1.9880841952430357e6 1.9782094813816312e6 446623.6042243633 2.733575539934431e6 647373.7255126815 1.5631762392167381e6 290492.9046036789 899232.7997672952 2.1740302614289015e6 1.7529575702743214e6 112335.64191820685 243279.46300302434 444246.29726864415 145507.98435095826 2.527547741186898e6 1.2055365119001116e6 468802.8558405599 1.3831357225326602e6 1.9639580240919217e6 2.0301766734941094e6 2.4477898703827937e6 587978.6284906152 872968.0917838726 2.1525706252643117e6 1.8328725986781553e6 578371.623685016 463151.5350349682 119462.33530033907 1.4410702721461442e6 4.872220058875519e6 1.7895489012872519e6 3.4847878849869603e6 3.4622346659116363e6 4.219827689615458e6 5.663351204291406e6 3.4523401484828894e6 4.431859293138965e6 4.806491938289369e6 4.782618335410114e6 1.079779598012306e6 6.608829156651322e6 1.5651231472903884e6 3.779213179149218e6 702310.1976509396 2.1740302614289015e6 5.256044462381402e6 4.238038031712662e6 271588.2750611661 588164.6162035197 1.0740321016311953e6 351787.3918081823 6.110726029976415e6 2.9145654593632687e6 1.1334012677311322e6 3.3439382073557386e6 4.748163298377094e6 4.908256822221599e6 5.9178994062588075e6 1.4215265854880458e6 2.1105313877464347e6 5.204162571025631e6 4.431244607515775e6 1.39830020943229e6 1.1197383514634224e6 288818.12597484497 1.1619594665602928e6 3.928553888037752e6 1.4429437112921134e6 2.809843732245541e6 2.7916586881762096e6 3.4025188264411525e6 4.566456384171856e6 2.7836805705121374e6 3.5734835140668172e6 3.8755561866692044e6 3.8563064946849695e6 870644.6520755283 5.328811335490449e6 1.2619854093709835e6 3.047243853779614e6 566284.655506085 1.7529575702743214e6 4.238038031712662e6 3.4172021349502057e6 218986.24467780226 474247.1320816842 866010.3480043556 283652.1563374656 4.927182313956867e6 2.350063693544398e6 913880.7162334326 2.6962742419514786e6 3.8285248123999126e6 3.9576109431470837e6 4.771702928139093e6 1.1462010596575914e6 1.7017573485936846e6 4.196204780434701e6 3.572987882595799e6 1.127473237667563e6 902864.0745019765 232878.966471831 74462.41983972325 251755.45050638408 92468.87135692229 180064.59751462063 178899.23639380382 218045.28699872424 292634.4698275631 178387.97075663708 229001.30114045233 248359.17275021825 247125.5852735753 55793.94934142807 341488.8370285306 80872.4315163632 195278.02623429982 36289.498025187066 112335.64191820685 271588.2750611661 218986.24467780226 14033.403194858141 30391.41215604415 55496.96695491322 18177.420608455635 315751.0469576073 150600.28721725947 58564.667300354435 172786.66802514042 245345.23806724153 253617.5280565262 305787.3850258728 73452.56610165119 109054.55293671555 268907.45424979867 228969.53934518938 72252.42187645438 57858.682431312576 14923.697316739856 161259.39375237233 545213.6985327625 200255.03022974028 389956.54309883586 387432.781068942 472209.3489260821 633743.2666976714 386325.55964270595 495936.21950375545 537858.556258944 535187.0399551207 120830.0571646142 739544.6313852723 175141.2229911416 422903.4752225973 78590.2803550539 243279.46300302434 588164.6162035197 474247.1320816842 30391.41215604415 65817.10223910409 120186.89784065454 39365.895355145214 683805.6367045114 326147.2171850206 126830.45708818638 374195.10934779356 531331.4345130725 549246.3031338775 662227.8517477033 159072.4059814861 236173.77907357708 582358.9018615688 495867.43463402364 156473.3159896859 125301.54233863772 32319.475878187073 294471.58296870766 995600.5484536585 365680.50007524306 712089.4967002812 707480.9205256717 862289.2052069406 1.1572620893440372e6 705459.0522890759 905616.2261966766 982169.5145279246 977291.1281182524 220644.6233954042 1.3504632084531002e6 319820.8301370237 772253.0321737232 143511.66604064452 444246.29726864415 1.0740321016311953e6 866010.3480043556 55496.96695491322 120186.89784065454 219470.1668888994 71885.03720912428 1.2486796805928103e6 595568.9469649829 231601.79756569103 683307.9526393322 970250.5073432161 1.002964382787556e6 1.209277048936221e6 290477.98150562024 431270.7927346712 1.0634304377357964e6 905490.6199358387 285731.85089980386 228809.88612383636 59017.753949783175 96450.92542099826 326097.99994933006 119774.62234248473 233237.0758730004 231727.58747879605 282433.3369769826 379048.4580773 231065.3467948802 296624.6257528477 321698.81263747485 320100.95087088086 72269.71750926426 442329.35785913677 104753.7922832636 252942.97962952414 47005.6664170557 145507.98435095826 351787.3918081823 283652.1563374656 18177.420608455635 39365.895355145214 71885.03720912428 23545.15261827391 408991.2837544374 195072.0524801413 75858.61929078364 223809.99794671114 317794.8730400611 328509.9428233792 396085.38550447073 95142.8652238336 141258.00067684922 348314.9335037005 296583.48480479984 93588.322389904 74944.15943171814 19330.615631357075 1.675401661088467e6 5.664488219350874e6 2.0805461466848182e6 4.0514467086696126e6 4.025226127042169e6 4.90601080137462e6 6.584264624976552e6 4.0137226693300735e6 5.152520709748129e6 5.588072096876668e6 5.56031642479518e6 1.2553617731806147e6 7.683486059575463e6 1.8196266840430654e6 4.393748285796229e6 816512.348139276 2.527547741186898e6 6.110726029976415e6 4.927182313956867e6 315751.0469576073 683805.6367045114 1.2486796805928103e6 408991.2837544374 7.1043867457150305e6 3.3885008291067444e6 1.3177028236163203e6 3.8876935673910226e6 5.520258679247477e6 5.706384894577099e6 6.880204724946929e6 1.6526799897559464e6 2.4537233618341736e6 6.050407661998136e6 5.151806070542779e6 1.6256767895810334e6 1.3018181904706075e6 335782.63139803405 799097.8139118337 2.7017283426064393e6 992335.1015889547 1.9323737604359637e6 1.9198676194044608e6 2.339965751173558e6 3.1404239295176147e6 1.9143809423146273e6 2.4575408577667447e6 2.665280989213531e6 2.652042673053833e6 598756.0308167454 3.6647074286890035e6 867887.2291494481 2.0956375605940372e6 389442.87067628774 1.2055365119001116e6 2.9145654593632687e6 2.350063693544398e6 150600.28721725947 326147.2171850206 595568.9469649829 195072.0524801413 3.3885008291067444e6 1.616175791074769e6 628490.1526557883 1.8542702344242348e6 2.632936772874285e6 2.7217113367510787e6 3.2815752082990496e6 788260.509454081 1.1703253135801612e6 2.885796074021453e6 2.4572000042030923e6 775381.091503416 620913.8347397109 160154.530660671 310749.0594933189 1.0506342613571768e6 385894.1848575719 751451.5972775473 746588.2732942093 909953.8801941811 1.2212319512309204e6 744454.6424473636 955675.8846316634 1.0364608014994623e6 1.0313127530074224e6 232841.174388177 1.4251126294645749e6 337499.5344865374 814940.7865422098 151444.54618966952 468802.8558405599 1.1334012677311322e6 913880.7162334326 58564.667300354435 126830.45708818638 231601.79756569103 75858.61929078364 1.3177028236163203e6 628490.1526557883 244404.0271897764 721079.0986563277 1.0238829485351718e6 1.058405145632168e6 1.2761221365924457e6 306534.7041177191 455110.1056276748 1.122213576710673e6 955543.3352459865 301526.22212050506 241457.78753568666 62280.07248920897 916820.6199554685 3.0997460021746336e6 1.13852555620023e6 2.217050376293545e6 2.2027018350084377e6 2.6846886742981435e6 3.603070067090682e6 2.1964068625990255e6 2.8195849038227913e6 3.057929237628824e6 3.042740657435762e6 686964.5565518355 4.204590825093618e6 995744.0674065239 2.404366141486873e6 446815.45602384233 1.3831357225326602e6 3.3439382073557386e6 2.6962742419514786e6 172786.66802514042 374195.10934779356 683307.9526393322 223809.99794671114 3.8876935673910226e6 1.8542702344242348e6 721079.0986563277 2.1274406665782314e6 3.0208200828296687e6 3.1226728839171436e6 3.7650157021142566e6 904386.7676552553 1.3427372229859782e6 3.310930526386496e6 2.81919383583324e6 889609.9584278719 712386.6402765526 183748.43921822304 1.3018225065558995e6 4.401427086613314e6 1.6166283361106382e6 3.1480597351391935e6 3.127685788944455e6 3.8120740995842796e6 5.116112796704281e6 3.1187473591334857e6 4.003617509300836e6 4.342050144109853e6 4.320483400182434e6 975442.6345349982 5.9702310875503365e6 1.4138883981277493e6 3.414035296392668e6 634447.35455135 1.9639580240919217e6 4.748163298377094e6 3.8285248123999126e6 245345.23806724153 531331.4345130725 970250.5073432161 317794.8730400611 5.520258679247477e6 2.632936772874285e6 1.0238829485351718e6 3.0208200828296687e6 4.289357685121361e6 4.433981688907267e6 5.346064510183867e6 1.284167287622892e6 1.906594920780051e6 4.701294651403311e6 4.0030622195317023e6 1.2631852302731948e6 1.0115402527997276e6 260910.20262002855 1.3457159742818e6 4.549829727373674e6 1.6711360922283127e6 3.254202667595559e6 3.2331417743360363e6 3.940605562680212e6 5.288612450684233e6 3.22390196804828e6 4.1386072295171996e6 4.488450776227472e6 4.466156867749e6 1.0083315726059047e6 6.171528994321705e6 1.4615603844843477e6 3.5291461101500285e6 655838.9761745293 2.0301766734941094e6 4.908256822221599e6 3.9576109431470837e6 253617.5280565262 549246.3031338775 1.002964382787556e6 328509.9428233792 5.706384894577099e6 2.7217113367510787e6 1.058405145632168e6 3.1226728839171436e6 4.433981688907267e6 4.583481971149412e6 5.526317431650978e6 1.3274654754404123e6 1.9708794620290939e6 4.859807908020187e6 4.138033217077781e6 1.3057759673802967e6 1.0456462919994789e6 269707.29554198025 1.6225336313169198e6 5.485742824275486e6 2.014893606056113e6 3.9236015416350844e6 3.898208361891202e6 4.751199491865653e6 6.376495284464586e6 3.887067900801901e6 4.989930672619658e6 5.4117380458579445e6 5.384858216108485e6 1.2157482851795005e6 7.4410303075124035e6 1.762207570800339e6 4.25510164327634e6 790746.9450524613 2.4477898703827937e6 5.9178994062588075e6 4.771702928139093e6 305787.3850258728 662227.8517477033 1.209277048936221e6 396085.38550447073 6.880204724946929e6 3.2815752082990496e6 1.2761221365924457e6 3.7650157021142566e6 5.346064510183867e6 5.526317431650978e6 6.663096865571572e6 1.600528952228329e6 2.3762950515027205e6 5.8594844106765995e6 4.989238584165964e6 1.5743778498064089e6 1.2607387499702154e6 325186.86408693646 389745.50502263 1.3177191314895502e6 483993.4969001704 942480.349766904 936380.7056841019 1.1412759709131408e6 1.5316849690819427e6 933704.6781740214 1.1986211025096425e6 1.2999425941150847e6 1.293485844856752e6 292032.4240078139 1.7873947628045538e6 423296.29807354615 1.022109315253653e6 189943.71610925117 587978.6284906152 1.4215265854880458e6 1.1462010596575914e6 73452.56610165119 159072.4059814861 290477.98150562024 95142.8652238336 1.6526799897559464e6 788260.509454081 306534.7041177191 904386.7676552553 1.284167287622892e6 1.3274654754404123e6 1.600528952228329e6 384459.80579352804 570805.003393982 1.4074948381549544e6 1.1984548573491732e6 378178.1026450656 302839.492091098 78112.47552842434 578652.6470772527 1.9564091277883837e6 718582.0350466857 1.3992945195846402e6 1.3902384172069165e6 1.6944451009799466e6 2.2740828320681816e6 1.3862653363569663e6 1.7795850494018851e6 1.9300164169680118e6 1.920430122830684e6 433578.66352992656 2.6537335197972823e6 628465.293946205 1.5175191330032225e6 282008.21486299514 872968.0917838726 2.1105313877464347e6 1.7017573485936846e6 109054.55293671555 236173.77907357708 431270.7927346712 141258.00067684922 2.4537233618341736e6 1.1703253135801612e6 455110.1056276748 1.3427372229859782e6 1.906594920780051e6 1.9708794620290939e6 2.3762950515027205e6 570805.003393982 847470.5209485088 2.0896985426391098e6 1.7793382262803107e6 561478.5990912556 449623.8480745778 115973.09052135292 1.4268456110287148e6 4.824126859975627e6 1.7718844423320554e6 3.450389890879262e6 3.428059292382999e6 4.178174190810483e6 5.607448828656347e6 3.4182624427502397e6 4.388112851495182e6 4.759047535120883e6 4.7354095861977e6 1.0691212011526132e6 6.543594062323584e6 1.5496739725987932e6 3.7419089422893035e6 695377.7636440806 2.1525706252643117e6 5.204162571025631e6 4.196204780434701e6 268907.45424979867 582358.9018615688 1.0634304377357964e6 348314.9335037005 6.050407661998136e6 2.885796074021453e6 1.122213576710673e6 3.310930526386496e6 4.701294651403311e6 4.859807908020187e6 5.8594844106765995e6 1.4074948381549544e6 2.0896985426391098e6 5.152792800651697e6 4.387504233372551e6 1.3844977273437637e6 1.108685525728536e6 285967.2310213013 1.2149316692815134e6 4.1076514890706157e6 1.5087256159020448e6 2.9379408097107974e6 2.918926733417316e6 3.5576351813778398e6 4.774635120402679e6 2.910584903869656e6 3.736393924090371e6 4.0522376922517135e6 4.0321104321461665e6 910336.1958299922 5.571744830548033e6 1.319517663171812e6 3.186163690321977e6 592100.8276124882 1.8328725986781553e6 4.431244607515775e6 3.572987882595799e6 228969.53934518938 495867.43463402364 905490.6199358387 296583.48480479984 5.151806070542779e6 2.4572000042030923e6 955543.3352459865 2.81919383583324e6 4.0030622195317023e6 4.138033217077781e6 4.989238584165964e6 1.1984548573491732e6 1.7793382262803107e6 4.387504233372551e6 3.735875697432934e6 1.1788732586039887e6 944024.4593179851 243495.61204034835 383377.4386367395 1.296188869307832e6 476085.5090494302 927081.1280764205 921081.1463064585 1.122628620132342e6 1.5066587110759187e6 918448.8425099682 1.1790367874785622e6 1.2787027834425003e6 1.272351531251829e6 287260.8953078067 1.758190452913484e6 416380.0440249523 1.0054090329173772e6 186840.21862646117 578371.623685016 1.39830020943229e6 1.127473237667563e6 72252.42187645438 156473.3159896859 285731.85089980386 93588.322389904 1.6256767895810334e6 775381.091503416 301526.22212050506 889609.9584278719 1.2631852302731948e6 1.3057759673802967e6 1.5743778498064089e6 378178.1026450656 561478.5990912556 1.3844977273437637e6 1.1788732586039887e6 371999.03647932736 297891.3863014148 76836.19286878887 307003.0442902249 1.0379690841162461e6 381242.3108161217 742393.0047515368 737588.3071260995 898984.5756534699 1.2065102543631184e6 735480.396754814 944155.4108484194 1.0239664823656937e6 1.018880492526217e6 230034.32251680995 1.4079331934759347e6 333431.04787780833 805116.8450603398 149618.91372153853 463151.5350349682 1.1197383514634224e6 902864.0745019765 57858.682431312576 125301.54233863772 228809.88612383636 74944.15943171814 1.3018181904706075e6 620913.8347397109 241457.78753568666 712386.6402765526 1.0115402527997276e6 1.0456462919994789e6 1.2607387499702154e6 302839.492091098 449623.8480745778 1.108685525728536e6 944024.4593179851 297891.3863014148 238547.0641871142 61529.29918429607 79186.39546871993 267727.08579864446 98335.1955466433 191488.08834576854 190248.7954678913 231878.31343026744 311199.5138678362 189705.09459137675 243529.3888379048 264115.34454580524 262803.49695904984 59333.57721682752 363153.25442417123 86003.06514824521 207666.67326987852 38591.74262895501 119462.33530033907 288818.12597484497 232878.966471831 14923.697316739856 32319.475878187073 59017.753949783175 19330.615631357075 335782.63139803405 160154.530660671 62280.07248920897 183748.43921822304 260910.20262002855 269707.29554198025 325186.86408693646 78112.47552842434 115973.09052135292 285967.2310213013 243495.61204034835 76836.19286878887 61529.29918429607 15870.47265080163
