65358.92682062303 406485.1207552836 663391.0809974762 581756.0299272342 477043.1595432077 384704.02550683654 470353.3766816114 351044.87146709405 107809.99707532804 338087.6902249469 331839.020374773 67574.71801079271 456553.56116062176 379170.42790525267 42549.27050313237 230949.62702941633 428955.2983831491 209413.70607075078 170603.20252490847 622216.5373440979 234083.0084235877 73121.2683387323 275752.1373554631 713540.9583795981 651155.4762115561 371545.3377445794 455672.148574223 398572.3676544583 710215.6981115341 201111.36171456825 44498.74196236374 157815.87227805587 311311.620633451 119229.2396329781 341692.16592524503 691095.971041327 708522.8006942827 406485.1207552836 2.528042632170356e6 4.125811373973639e6 3.618100565269226e6 2.9668624585068477e6 2.3925800172999157e6 2.9252568611293747e6 2.183244491765425e6 670499.9884723283 2.1026602221320323e6 2.0637980277514725e6 420265.73487057566 2.8394320174344173e6 2.3581650536720054e6 264625.6020387655 1.436339175046221e6 2.6677908396573476e6 1.3024013664361627e6 1.061028183187578e6 3.8697355758669586e6 1.4558265347129072e6 454761.2550619565 1.7149782945348932e6 4.437707238168004e6 4.0497147865469726e6 2.3107425232617725e6 2.8339502704253085e6 2.4788310469109598e6 4.41702653107322e6 1.2507668061344484e6 276749.90058622276 981500.2635539671 1.9361324896445887e6 741519.394937179 2.125077446703609e6 4.298115696012066e6 4.406497936976711e6 663391.0809974762 4.125811373973639e6 6.733398905933947e6 5.904805668388867e6 4.841973280258388e6 3.9047339324508845e6 4.7740721916072145e6 3.563094562435407e6 1.0942681280312804e6 3.431579574521071e6 3.368155769260621e6 685881.2928846079 4.634004491885644e6 3.8485680883452334e6 431873.7765109764 2.3441315545387035e6 4.353882980284829e6 2.125542624456434e6 1.731617216654163e6 6.315478564329231e6 2.3759352785496805e6 742178.6067612142 2.798875645398203e6 7.24241860663563e6 6.609207896680285e6 3.7711736596044586e6 4.625058181458904e6 4.045497175308334e6 7.208667318003196e6 2.041274086627209e6 451660.8513854242 1.6018262110764126e6 3.159803298268608e6 1.2101730859765438e6 3.468164891134553e6 7.014602680982884e6 7.191484461700638e6 581756.0299272342 3.618100565269226e6 5.904805668388867e6 5.178176797265088e6 4.246133590312143e6 3.4242282953958283e6 4.1865882197261397e6 3.1246301107651223e6 959610.5526203269 3.0092989894453534e6 2.9536799402779774e6 601478.6592396561 4.0637568593941024e6 3.3749740629824447e6 378728.5974284346 2.055669281451766e6 3.818106317573318e6 1.8639792937607998e6 1.5185292449209243e6 5.538313435191782e6 2.0835593281338944e6 650848.1831216728 2.4544538363081766e6 6.351186828337091e6 5.795897257399329e6 3.3071035761875054e6 4.055911456907637e6 3.547669607270723e6 6.321588878888918e6 1.7900806065164814e6 396080.73020888044 1.4047099574929965e6 2.77096674165072e6 1.061252570601235e6 3.041382219317374e6 6.151405293344697e6 6.306520496826325e6 477043.1595432077 2.9668624585068477e6 4.841973280258388e6 4.246133590312143e6 3.4818530097890147e6 2.807886125799497e6 3.433025476838353e6 2.5622139587099394e6 786885.9563179133 2.467641801864526e6 2.4220338741754694e6 493215.8245740695 3.3323030825537345e6 2.7674973830230883e6 310559.5428881521 1.6856601711929382e6 3.1308682807032997e6 1.5284733219352951e6 1.2452023727995518e6 4.541447623662699e6 1.7085301636031833e6 533699.1069919018 2.0126657100088035e6 5.208008298286302e6 4.752667781378079e6 2.711843208773372e6 3.3258698091581846e6 2.909108683720081e6 5.183737816169386e6 1.4678759900029826e6 324788.3876625372 1.151869928100411e6 2.272208041559184e6 870232.9727743214 2.4939502276635915e6 5.044186335524551e6 5.171381659604507e6 384704.02550683654 2.3925800172999157e6 3.9047339324508845e6 3.4242282953958283e6 2.807886125799497e6 2.2643760300309346e6 2.7685099223975367e6 2.0662575375137373e6 634571.9228007913 1.9899912946980302e6 1.9532114918101623e6 397746.21931274666 2.687283916396145e6 2.2318051575209443e6 250445.9060329823 1.3593743889240932e6 2.5248399580271845e6 1.2326135027098248e6 1.0041740580566153e6 3.6623796977289105e6 1.377817538076377e6 430393.3318439968 1.6230829122073022e6 4.199917171314729e6 3.832714903916761e6 2.1869237155763074e6 2.682095903272083e6 2.346005385205915e6 4.1803446190527715e6 1.183745728247537e6 261920.53627033732 928907.5617912988 1.8323867828098482e6 701785.825994514 2.0112073148990949e6 4.0678055011647493e6 4.1703801890526563e6 470353.3766816114 2.9252568611293747e6 4.7740721916072145e6 4.1865882197261397e6 3.433025476838353e6 2.7685099223975367e6 3.3848826735323216e6 2.5262829225220745e6 775851.1137060897 2.4330369919968424e6 2.388068644033233e6 486299.24542541744 3.2855727530115223e6 2.72868756845581e6 306204.43189671123 1.6620214284541893e6 3.0869627586406423e6 1.5070388784705135e6 1.2277403605557333e6 4.477760936469223e6 1.684570705054533e6 526214.8132382247 1.9844412269539956e6 5.134974142026126e6 4.686019062421144e6 2.6738138567986796e6 3.2792296961954255e6 2.868312992542984e6 5.111044015392903e6 1.44729132917214e6 320233.73941747943 1.1357167571563548e6 2.240343883966066e6 858029.3188482571 2.458976483345208e6 4.973449525609067e6 5.098861134563707e6 351044.87146709405 2.183244491765425e6 3.563094562435407e6 3.1246301107651223e6 2.5622139587099394e6 2.0662575375137373e6 2.5262829225220745e6 1.8854731522988288e6 579050.9178653547 1.8158797203838765e6 1.7823179161881802e6 362945.95631332806 2.452163675137081e6 2.0365364090727838e6 228533.48305097423 1.2404377807245937e6 2.3039325293592103e6 1.1247676653689852e6 916315.2183724949 3.3419447809497714e6 1.2572672716951706e6 392736.6542588602 1.4810734864174786e6 3.832451146395451e6 3.497376740580961e6 1.995581807680309e6 2.4474295801457264e6 2.1407448435864775e6 3.8145910678999634e6 1.0801755101858003e6 239004.15616518926 847634.0615469939 1.6720646003171443e6 640384.0322676701 1.835239473832554e6 3.7118984066470107e6 3.8054984621128915e6 107809.99707532804 670499.9884723283 1.0942681280312804e6 959610.5526203269 786885.9563179133 634571.9228007913 775851.1137060897 579050.9178653547 177833.32797494432 557677.9587337858 547370.7350530664 111464.95980731027 753088.2235649908 625444.2156877279 70185.31288143195 380952.9902919561 707564.7002444605 345429.3412892674 281411.15009018825 1.0263504364964799e6 386121.5243449802 120614.03253113972 454855.03768136294 1.1769906939744628e6 1.0740854142023765e6 612866.5772852885 751634.327471767 657447.8480814828 1.1715056544058272e6 331734.5674565371 73400.97939466871 260318.36133773532 513510.64870021446 196669.44672153084 563623.5660687063 1.1399675337574068e6 1.1687132085307043e6 338087.6902249469 2.1026602221320323e6 3.431579574521071e6 3.0092989894453534e6 2.467641801864526e6 1.9899912946980302e6 2.4330369919968424e6 1.8158797203838765e6 557677.9587337858 1.748855004846453e6 1.7165319778417172e6 349549.5021295585 2.361653510321473e6 1.961367182847352e6 220098.2373018615 1.1946528157505023e6 2.2188936247091414e6 1.083252122257401e6 882493.7233887604 3.2185925039401557e6 1.2108611246943842e6 378240.6156516033 1.4264065786907014e6 3.690994118699847e6 3.3682874190067956e6 1.9219242292129672e6 2.357094152327597e6 2.06172924989437e6 3.673793261554319e6 1.0403058781347361e6 230182.4344402243 816347.610568287 1.610348147989145e6 616747.2477848438 1.7675001834512097e6 3.574891020080274e6 3.6650362668264667e6 331839.020374773 2.0637980277514725e6 3.368155769260621e6 2.9536799402779774e6 2.4220338741754694e6 1.9532114918101623e6 2.388068644033233e6 1.7823179161881802e6 547370.7350530664 1.7165319778417172e6 1.6848063577528512e6 343088.9905574069 2.318004499981332e6 1.9251164220686196e6 216030.29499201433 1.1725727718830707e6 2.1778831588023887e6 1.063231029883458e6 866183.1268135405 3.159105209605408e6 1.1884815124772366e6 371249.8236190368 1.4000431704979218e6 3.6227757116607046e6 3.30603340429285e6 1.8864024686383328e6 2.3135294098376506e6 2.0236235578638061e6 3.6058927675316813e6 1.0210785351595037e6 225928.11202709752 801259.5525025659 1.5805850592652461e6 605348.2822388142 1.7348325489118986e6 3.5088184762382605e6 3.5972976230294243e6 67574.71801079271 420265.73487057566 685881.2928846079 601478.6592396561 493215.8245740695 397746.21931274666 486299.24542541744 362945.95631332806 111464.95980731027 349549.5021295585 343088.9905574069 69865.62871159801 472031.5900676248 392025.0222903647 43991.77121902905 238779.25603096356 443497.6940032999 216513.2266348788 176386.97364169717 643310.854354669 242018.86497852945 75600.21758224824 285100.656162995 737731.3459259227 673230.8779631811 384141.42715685675 471120.29592810315 412084.7244793741 734293.3530478632 207929.4171081822 46007.333446499426 163166.12872309165 321865.6731546957 123271.3362774723 353276.17637090397 714525.4310812362 732543.063207488 456553.56116062176 2.8394320174344173e6 4.634004491885644e6 4.0637568593941024e6 3.3323030825537345e6 2.687283916396145e6 3.2855727530115223e6 2.452163675137081e6 753088.2235649908 2.361653510321473e6 2.318004499981332e6 472031.5900676248 3.189176511121586e6 2.648629920470437e6 297220.62337875005 1.6132589655025841e6 2.996393585118492e6 1.4628234873690908e6 1.1917193786232253e6 4.346386786874891e6 1.6351466632291626e6 510776.0650393039 1.9262192087824354e6 4.984317849591386e6 4.5485347755101435e6 2.5953661623830306e6 3.183019554838069e6 2.7841588392703803e6 4.961089814936883e6 1.4048288863836767e6 310838.321532451 1.1023956787717866e6 2.174613873648234e6 832855.3817645196 2.386831956436484e6 4.8275322443500925e6 4.949264370699602e6 379170.42790525267 2.3581650536720054e6 3.8485680883452334e6 3.3749740629824447e6 2.7674973830230883e6 2.2318051575209443e6 2.72868756845581e6 2.0365364090727838e6 625444.2156877279 1.961367182847352e6 1.9251164220686196e6 392025.0222903647 2.648629920470437e6 2.199702785702532e6 246843.48242141554 1.3398210950683958e6 2.488522562289733e6 1.2148835423505881e6 989729.9795161997 3.609699886321317e6 1.3579989572490128e6 424202.5374906185 1.5997364247398803e6 4.1395054000695e6 3.777584984306674e6 2.155466920156981e6 2.6435165319280713e6 2.312260352889773e6 4.120214380157277e6 1.1667186838487014e6 258153.06113305068 915546.11944806 1.8060296603618264e6 691691.3114948736 1.9822780309921976e6 4.009294029299335e6 4.110393278904183e6 42549.27050313237 264625.6020387655 431873.7765109764 378728.5974284346 310559.5428881521 250445.9060329823 306204.43189671123 228533.48305097423 70185.31288143195 220098.2373018615 216030.29499201433 43991.77121902905 297220.62337875005 246843.48242141554 27699.97165524867 150350.35963857788 279253.8970957737 136330.27438045823 111064.27485958235 405068.76484732365 152390.22012918818 47602.62717617234 179517.21141865998 464521.8140818369 423908.2837599347 241879.47766124428 296646.81557027006 259474.32602354672 462357.0386560181 130925.37082702504 28969.095744213955 102739.60369141167 202666.76644576766 77619.34621340247 222444.78457634273 449909.91813812725 461254.94665964285 230949.62702941633 1.436339175046221e6 2.3441315545387035e6 2.055669281451766e6 1.6856601711929382e6 1.3593743889240932e6 1.6620214284541893e6 1.2404377807245937e6 380952.9902919561 1.1946528157505023e6 1.1725727718830707e6 238779.25603096356 1.6132589655025841e6 1.3398210950683958e6 150350.35963857788 816074.143497053 1.5157388744427967e6 739975.6952041502 602836.4893641318 2.198638873394287e6 827146.1316634262 258378.3191100309 974386.4590921309 2.521339107360967e6 2.300896322578072e6 1.3128773887632687e6 1.6101444420856605e6 1.408378994757048e6 2.509589103864233e6 710638.8712108113 157238.93214604314 557651.702910742 1.100037992859646e6 421303.5581170014 1.2073894434632722e6 2.4420284193400303e6 2.503607150883483e6 428955.2983831491 2.6677908396573476e6 4.353882980284829e6 3.818106317573318e6 3.1308682807032997e6 2.5248399580271845e6 3.0869627586406423e6 2.3039325293592103e6 707564.7002444605 2.2188936247091414e6 2.1778831588023887e6 443497.6940032999 2.996393585118492e6 2.488522562289733e6 279253.8970957737 1.5157388744427967e6 2.8152642180917384e6 1.3743970891632775e6 1.1196809862719732e6 4.083651513554994e6 1.5363034800180045e6 479900.099407664 1.8097809452064107e6 4.683020202433014e6 4.273579833382689e6 2.438478551713385e6 2.990608811448095e6 2.615858876687513e6 4.661196282122883e6 1.3199082109973314e6 292048.4173267908 1.0357568258184734e6 2.0431603702040515e6 782510.0036162523 2.2425500558157847e6 4.535712149665904e6 4.650085675629265e6 209413.70607075078 1.3024013664361627e6 2.125542624456434e6 1.8639792937607998e6 1.5284733219352951e6 1.2326135027098248e6 1.5070388784705135e6 1.1247676653689852e6 345429.3412892674 1.083252122257401e6 1.063231029883458e6 216513.2266348788 1.4628234873690908e6 1.2148835423505881e6 136330.27438045823 739975.6952041502 1.3743970891632775e6 670973.3837987268 546622.3306623654 1.993617052821969e6 750015.2267908212 234284.68826351844 883525.4776906354 2.286225674078817e6 2.0863390532094832e6 1.190452321286439e6 1.4599993914838913e6 1.2770484570070591e6 2.2755713517045183e6 644372.2019054653 142576.49143168403 505650.9997668425 997460.0776212855 382017.24168551114 1.0948010667024804e6 2.2143106624673456e6 2.2701472124263877e6 170603.20252490847 1.061028183187578e6 1.731617216654163e6 1.5185292449209243e6 1.2452023727995518e6 1.0041740580566153e6 1.2277403605557333e6 916315.2183724949 281411.15009018825 882493.7233887604 866183.1268135405 176386.97364169717 1.1917193786232253e6 989729.9795161997 111064.27485958235 602836.4893641318 1.1196809862719732e6 546622.3306623654 445317.17590214685 1.624141323895907e6 611015.4012064988 190864.86204872496 719782.2856706752 1.862520983037944e6 1.6996792173195656e6 969826.5804820901 1.189418670559305e6 1.0403739116831728e6 1.8538412191777218e6 524951.1282034167 116152.88463875694 411939.0346446573 812601.461603678 311218.23912166106 891902.3096034904 1.8039339329315487e6 1.849422332042046e6 622216.5373440979 3.8697355758669586e6 6.315478564329231e6 5.538313435191782e6 4.541447623662699e6 3.6623796977289105e6 4.477760936469223e6 3.3419447809497714e6 1.0263504364964799e6 3.2185925039401557e6 3.159105209605408e6 643310.854354669 4.346386786874891e6 3.609699886321317e6 405068.76484732365 2.198638873394287e6 4.083651513554994e6 1.993617052821969e6 1.624141323895907e6 5.923497189710873e6 2.228468642885615e6 696113.9756287836 2.6251584659803747e6 6.792905054800445e6 6.198995690259092e6 3.537109080022863e6 4.33799574506685e6 3.7944062203411763e6 6.76124859973898e6 1.9145787912036313e6 423627.7198366419 1.5024060272024872e6 2.9636845041403756e6 1.1350615477240807e6 3.252907088011214e6 6.579228928497458e6 6.745132227878532e6 234083.0084235877 1.4558265347129072e6 2.3759352785496805e6 2.0835593281338944e6 1.7085301636031833e6 1.377817538076377e6 1.684570705054533e6 1.2572672716951706e6 386121.5243449802 1.2108611246943842e6 1.1884815124772366e6 242018.86497852945 1.6351466632291626e6 1.3579989572490128e6 152390.22012918818 827146.1316634262 1.5363034800180045e6 750015.2267908212 611015.4012064988 2.228468642885615e6 838368.3377026889 261883.83599771792 987606.3306326158 2.555547073613258e6 2.332113457759525e6 1.3306896954367717e6 1.6319898838889373e6 1.4274870080276278e6 2.543637653351874e6 720280.3789528579 159372.2525188144 565217.575576585 1.1149626265299527e6 427019.54366450716 1.2237705550776452e6 2.475160347334974e6 2.5375745409407676e6 73121.2683387323 454761.2550619565 742178.6067612142 650848.1831216728 533699.1069919018 430393.3318439968 526214.8132382247 392736.6542588602 120614.03253113972 378240.6156516033 371249.8236190368 75600.21758224824 510776.0650393039 424202.5374906185 47602.62717617234 258378.3191100309 479900.099407664 234284.68826351844 190864.86204872496 696113.9756287836 261883.83599771792 81805.50299026357 308501.7917427852 798284.5255636566 728489.8425118655 415671.85482999554 509789.9716411659 445908.74522238213 794564.3413411624 224996.31743125094 49783.62727246184 176558.84676052618 348284.4908359407 133389.4794348905 382273.17627832975 773173.8632278836 792670.3872580957 275752.1373554631 1.7149782945348932e6 2.798875645398203e6 2.4544538363081766e6 2.0126657100088035e6 1.6230829122073022e6 1.9844412269539956e6 1.4810734864174786e6 454855.03768136294 1.4264065786907014e6 1.4000431704979218e6 285100.656162995 1.9262192087824354e6 1.5997364247398803e6 179517.21141865998 974386.4590921309 1.8097809452064107e6 883525.4776906354 719782.2856706752 2.6251584659803747e6 987606.3306326158 308501.7917427852 1.1634101867185668e6 3.010460145770859e6 2.747253099929944e6 1.567565839762186e6 1.9225004909819043e6 1.6815940471786442e6 2.996430728967575e6 848497.527988193 187742.11576985722 665831.98663475 1.3134371837051052e6 503033.31562179705 1.4416140174714956e6 2.9157637740199747e6 2.989288321589746e6 713540.9583795981 4.437707238168004e6 7.24241860663563e6 6.351186828337091e6 5.208008298286302e6 4.199917171314729e6 5.134974142026126e6 3.832451146395451e6 1.1769906939744628e6 3.690994118699847e6 3.6227757116607046e6 737731.3459259227 4.984317849591386e6 4.1395054000695e6 464521.8140818369 2.521339107360967e6 4.683020202433014e6 2.286225674078817e6 1.862520983037944e6 6.792905054800445e6 2.555547073613258e6 798284.5255636566 3.010460145770859e6 7.789918287407124e6 7.10883922291563e6 4.056260242817914e6 4.974695231653473e6 4.351321587337482e6 7.753615527953196e6 2.1955867508760775e6 485804.7175966282 1.7229182642770142e6 3.398672575379673e6 1.301657631987645e6 3.7303451480199173e6 7.544880332299293e6 7.735133712166056e6 651155.4762115561 4.0497147865469726e6 6.609207896680285e6 5.795897257399329e6 4.752667781378079e6 3.832714903916761e6 4.686019062421144e6 3.497376740580961e6 1.0740854142023765e6 3.3682874190067956e6 3.30603340429285e6 673230.8779631811 4.5485347755101435e6 3.777584984306674e6 423908.2837599347 2.300896322578072e6 4.273579833382689e6 2.0863390532094832e6 1.6996792173195656e6 6.198995690259092e6 2.332113457759525e6 728489.8425118655 2.747253099929944e6 7.10883922291563e6 6.487307470087016e6 3.701618020706492e6 4.539753471098421e6 3.9708819053454013e6 7.075710444052398e6 2.0036247667928874e6 443330.405238161 1.5722820809006055e6 3.101523792459261e6 1.1878526176634906e6 3.404197954954886e6 6.885225140956704e6 7.058844508861433e6 371545.3377445794 2.3107425232617725e6 3.7711736596044586e6 3.3071035761875054e6 2.711843208773372e6 2.1869237155763074e6 2.6738138567986796e6 1.995581807680309e6 612866.5772852885 1.9219242292129672e6 1.8864024686383328e6 384141.42715685675 2.5953661623830306e6 2.155466920156981e6 241879.47766124428 1.3128773887632687e6 2.438478551713385e6 1.190452321286439e6 969826.5804820901 3.537109080022863e6 1.3306896954367717e6 415671.85482999554 1.567565839762186e6 4.056260242817914e6 3.701618020706492e6 2.112120634700741e6 2.5903556037181886e6 2.2657609627259905e6 4.037357163935098e6 1.1432560546409423e6 252961.6215546319 897134.5525291588 1.7697105331841393e6 677781.4487383281 1.9424145616986104e6 3.928667413392212e6 4.027733564325119e6 455672.148574223 2.8339502704253085e6 4.625058181458904e6 4.055911456907637e6 3.3258698091581846e6 2.682095903272083e6 3.2792296961954255e6 2.4474295801457264e6 751634.327471767 2.357094152327597e6 2.3135294098376506e6 471120.29592810315 3.183019554838069e6 2.6435165319280713e6 296646.81557027006 1.6101444420856605e6 2.990608811448095e6 1.4599993914838913e6 1.189418670559305e6 4.33799574506685e6 1.6319898838889373e6 509789.9716411659 1.9225004909819043e6 4.974695231653473e6 4.539753471098421e6 2.5903556037181886e6 3.176874485043288e6 2.77878380148242e6 4.951512040548213e6 1.402116753640593e6 310238.2236857991 1.1002674171413418e6 2.170415610395357e6 831247.4888937005 2.382223989470519e6 4.818212313364122e6 4.939709426261846e6 398572.3676544583 2.4788310469109598e6 4.045497175308334e6 3.547669607270723e6 2.909108683720081e6 2.346005385205915e6 2.868312992542984e6 2.1407448435864775e6 657447.8480814828 2.06172924989437e6 2.0236235578638061e6 412084.7244793741 2.7841588392703803e6 2.312260352889773e6 259474.32602354672 1.408378994757048e6 2.615858876687513e6 1.2770484570070591e6 1.0403739116831728e6 3.7944062203411763e6 1.4274870080276278e6 445908.74522238213 1.6815940471786442e6 4.351321587337482e6 3.9708819053454013e6 2.2657609627259905e6 2.77878380148242e6 2.43057742814031e6 4.331043456673754e6 1.2264190295042477e6 271362.6095829314 962394.1047861703 1.898443192844308e6 727084.7709078687 2.0837100944997845e6 4.21444737320081e6 4.320719815135976e6 710215.6981115341 4.41702653107322e6 7.208667318003196e6 6.321588878888918e6 5.183737816169386e6 4.1803446190527715e6 5.111044015392903e6 3.8145910678999634e6 1.1715056544058272e6 3.673793261554319e6 3.6058927675316813e6 734293.3530478632 4.961089814936883e6 4.120214380157277e6 462357.0386560181 2.509589103864233e6 4.661196282122883e6 2.2755713517045183e6 1.8538412191777218e6 6.76124859973898e6 2.543637653351874e6 794564.3413411624 2.996430728967575e6 7.753615527953196e6 7.075710444052398e6 4.037357163935098e6 4.951512040548213e6 4.331043456673754e6 7.717481947468205e6 2.1853548261322537e6 483540.75908592035 1.7148890802728715e6 3.3828340019294065e6 1.295591616637804e6 3.7129609062869055e6 7.509719504456604e6 7.699086261071392e6 201111.36171456825 1.2507668061344484e6 2.041274086627209e6 1.7900806065164814e6 1.4678759900029826e6 1.183745728247537e6 1.44729132917214e6 1.0801755101858003e6 331734.5674565371 1.0403058781347361e6 1.0210785351595037e6 207929.4171081822 1.4048288863836767e6 1.1667186838487014e6 130925.37082702504 710638.8712108113 1.3199082109973314e6 644372.2019054653 524951.1282034167 1.9145787912036313e6 720280.3789528579 224996.31743125094 848497.527988193 2.1955867508760775e6 2.0036247667928874e6 1.1432560546409423e6 1.402116753640593e6 1.2264190295042477e6 2.1853548261322537e6 618825.641395413 136923.95248773246 485604.1327165361 957915.1156350885 366871.9164344477 1.051396957067894e6 2.126522857283479e6 2.1801457304296745e6 44498.74196236374 276749.90058622276 451660.8513854242 396080.73020888044 324788.3876625372 261920.53627033732 320233.73941747943 239004.15616518926 73400.97939466871 230182.4344402243 225928.11202709752 46007.333446499426 310838.321532451 258153.06113305068 28969.095744213955 157238.93214604314 292048.4173267908 142576.49143168403 116152.88463875694 423627.7198366419 159372.2525188144 49783.62727246184 187742.11576985722 485804.7175966282 443330.405238161 252961.6215546319 310238.2236857991 271362.6095829314 483540.75908592035 136923.95248773246 30296.36703900451 107446.80366830445 211952.3093528229 81175.616352419 232636.4930042117 470523.35132426926 482388.1727598662 157815.87227805587 981500.2635539671 1.6018262110764126e6 1.4047099574929965e6 1.151869928100411e6 928907.5617912988 1.1357167571563548e6 847634.0615469939 260318.36133773532 816347.610568287 801259.5525025659 163166.12872309165 1.1023956787717866e6 915546.11944806 102739.60369141167 557651.702910742 1.0357568258184734e6 505650.9997668425 411939.0346446573 1.5024060272024872e6 565217.575576585 176558.84676052618 665831.98663475 1.7229182642770142e6 1.5722820809006055e6 897134.5525291588 1.1002674171413418e6 962394.1047861703 1.7148890802728715e6 485604.1327165361 107446.80366830445 381062.70641862764 751694.0278930814 287891.30068443227 825050.9890418777 1.6687225265657657e6 1.7108014047926113e6 311311.620633451 1.9361324896445887e6 3.159803298268608e6 2.77096674165072e6 2.272208041559184e6 1.8323867828098482e6 2.240343883966066e6 1.6720646003171443e6 513510.64870021446 1.610348147989145e6 1.5805850592652461e6 321865.6731546957 2.174613873648234e6 1.8060296603618264e6 202666.76644576766 1.100037992859646e6 2.0431603702040515e6 997460.0776212855 812601.461603678 2.9636845041403756e6 1.1149626265299527e6 348284.4908359407 1.3134371837051052e6 3.398672575379673e6 3.101523792459261e6 1.7697105331841393e6 2.170415610395357e6 1.898443192844308e6 3.3828340019294065e6 957915.1156350885 211952.3093528229 751694.0278930814 1.4828108394038936e6 567901.7331313438 1.627516654670311e6 3.2917646788875647e6 3.3747705488684787e6 119229.2396329781 741519.394937179 1.2101730859765438e6 1.061252570601235e6 870232.9727743214 701785.825994514 858029.3188482571 640384.0322676701 196669.44672153084 616747.2477848438 605348.2822388142 123271.3362774723 832855.3817645196 691691.3114948736 77619.34621340247 421303.5581170014 782510.0036162523 382017.24168551114 311218.23912166106 1.1350615477240807e6 427019.54366450716 133389.4794348905 503033.31562179705 1.301657631987645e6 1.1878526176634906e6 677781.4487383281 831247.4888937005 727084.7709078687 1.295591616637804e6 366871.9164344477 81175.616352419 287891.30068443227 567901.7331313438 217500.68850537785 623322.6142715297 1.2607129760073165e6 1.29250339469699e6 341692.16592524503 2.125077446703609e6 3.468164891134553e6 3.041382219317374e6 2.4939502276635915e6 2.0112073148990949e6 2.458976483345208e6 1.835239473832554e6 563623.5660687063 1.7675001834512097e6 1.7348325489118986e6 353276.17637090397 2.386831956436484e6 1.9822780309921976e6 222444.78457634273 1.2073894434632722e6 2.2425500558157847e6 1.0948010667024804e6 891902.3096034904 3.252907088011214e6 1.2237705550776452e6 382273.17627832975 1.4416140174714956e6 3.7303451480199173e6 3.404197954954886e6 1.9424145616986104e6 2.382223989470519e6 2.0837100944997845e6 3.7129609062869055e6 1.051396957067894e6 232636.4930042117 825050.9890418777 1.627516654670311e6 623322.6142715297 1.7863441450792814e6 3.613004232083112e6 3.7041105500566475e6 691095.971041327 4.298115696012066e6 7.014602680982884e6 6.151405293344697e6 5.044186335524551e6 4.0678055011647493e6 4.973449525609067e6 3.7118984066470107e6 1.1399675337574068e6 3.574891020080274e6 3.5088184762382605e6 714525.4310812362 4.8275322443500925e6 4.009294029299335e6 449909.91813812725 2.4420284193400303e6 4.535712149665904e6 2.2143106624673456e6 1.8039339329315487e6 6.579228928497458e6 2.475160347334974e6 773173.8632278836 2.9157637740199747e6 7.544880332299293e6 6.885225140956704e6 3.928667413392212e6 4.818212313364122e6 4.21444737320081e6 7.509719504456604e6 2.126522857283479e6 470523.35132426926 1.6687225265657657e6 3.2917646788875647e6 1.2607129760073165e6 3.613004232083112e6 7.3075502371751135e6 7.491819048599064e6 708522.8006942827 4.406497936976711e6 7.191484461700638e6 6.306520496826325e6 5.171381659604507e6 4.1703801890526563e6 5.098861134563707e6 3.8054984621128915e6 1.1687132085307043e6 3.6650362668264667e6 3.5972976230294243e6 732543.063207488 4.949264370699602e6 4.110393278904183e6 461254.94665964285 2.503607150883483e6 4.650085675629265e6 2.2701472124263877e6 1.849422332042046e6 6.745132227878532e6 2.5375745409407676e6 792670.3872580957 2.989288321589746e6 7.735133712166056e6 7.058844508861433e6 4.027733564325119e6 4.939709426261846e6 4.320719815135976e6 7.699086261071392e6 2.1801457304296745e6 482388.1727598662 1.7108014047926113e6 3.3747705488684787e6 1.29250339469699e6 3.7041105500566475e6 7.491819048599064e6 7.68073442333925e6
