166774.52619773496 1.3335358924974229e6 1.8593252088553e6 650325.9537624025 1.9938180795174425e6 1.6370365412895565e6 2.049824448868023e6 138872.25532361658 3.124263302904203e6 1.141691397538338e6 1.7790109047080202e6 612125.2417714662 2.9061759970891667e6 1.525845687873347e6 32577.108350544484 1.4927919744423833e6 2.0659233175896292e6 810376.6563422799 1.027042435991765e6 2.711929767072532e6 2.448341050322544e6 1.7769606669198486e6 1.208187964879462e6 1.3346972104060964e6 103567.24927864477 1.43097131452612e6 1.8210803087541233e6 3.033375799926264e6 2.770360979759107e6 1.9751507068274184e6 2.6978026805794365e6 815536.4041854336 1.783784613513629e6 985153.6772815356 2.29826491658827e6 293838.49191544973 2.3996236270184023e6 1.3335358924974229e6 1.0663007217723701e7 1.4867239969814315e7 5.200032768413055e6 1.59426504320832e7 1.3089810745743927e7 1.6390479638618708e7 1.110428200086976e6 2.4981736401970286e7 9.129010835670391e6 1.4225043528288422e7 4.894578322099886e6 2.3237901437285118e7 1.2200724160829084e7 260487.88294994782 1.1936425324277433e7 1.6519206847493593e7 6.479804693872706e6 8.212273077539145e6 2.168470068405755e7 1.9577034587457843e7 1.4208649743571926e7 9.660720091867724e6 1.0672293162940418e7 828127.9362565887 1.1442104813970786e7 1.4561432193574984e7 2.4254996232690204e7 2.2151919036501337e7 1.5793385361041965e7 2.1571739926054128e7 6.521062247420924e6 1.4263214297996158e7 7.877328859703234e6 1.83770197200517e7 2.3495445287728114e6 1.9187488089876816e7 1.8593252088553e6 1.4867239969814315e7 2.072912639059716e7 7.25031254695133e6 2.2228551935580857e7 1.825088866046679e7 2.2852952176817518e7 1.548250149592071e6 3.483158759692043e7 1.2728416290983295e7 1.9833723395084184e7 6.824422883701707e6 3.2400189740916573e7 1.7011251160278223e7 363193.58938523853 1.6642744026547242e7 2.303243421841327e7 9.034675619576326e6 1.1450225255261913e7 3.023458975134251e7 2.729590866498768e7 1.981086583469648e7 1.3469768983019153e7 1.4880187196901811e7 1.1546439482446597e6 1.595352179320631e7 2.030274408576027e7 3.381830679613176e7 3.0886023931424208e7 2.2020434320637036e7 3.0077090589791015e7 9.092200287490765e6 1.9886944215579752e7 1.0983218531793589e7 2.562274942981268e7 3.2759278518510344e6 2.67527709608969e7 650325.9537624025 5.200032768413055e6 7.25031254695133e6 2.5359019496511235e6 7.7747583743908275e6 6.383512964058981e6 7.993151413154444e6 541522.9409039891 1.218285285282162e7 4.451948171785804e6 6.937132365084606e6 2.3869408641286637e6 1.1332436195127273e7 5.949931772457707e6 127032.22453631951 5.821041058735071e6 8.055927859861066e6 3.1600088092454574e6 4.004882322069382e6 1.057498619553594e7 9.547139871942116e6 6.929137601882871e6 4.711247026137036e6 5.204561248833884e6 403853.4643224062 5.579975588253098e6 7.101179152889958e6 1.1828443199220615e7 1.0802834746428162e7 7.701966220662958e6 1.0519898579897247e7 3.1801288960103514e6 6.955747118804912e6 3.841539948499365e6 8.961928167056212e6 1.1458032702215894e6 9.357169583928535e6 1.9938180795174425e6 1.59426504320832e7 2.2228551935580857e7 7.7747583743908275e6 2.3836437283577263e7 1.957105276967742e7 2.4506003039962158e7 1.6602416431350033e6 3.7351103915700294e7 1.3649116573969856e7 2.1268380647413924e7 7.318062307224894e6 3.474383275048816e7 1.824174703652629e7 389464.9206240491 1.7846584220379498e7 2.4698467778125223e7 9.688191988735957e6 1.2278468564702347e7 3.2421585737619538e7 2.9270337396552056e7 2.1243869702831656e7 1.4444094447469475e7 1.5956534186965737e7 1.2381642374616817e6 1.7107507622538626e7 2.1771327591974236e7 3.626452822113196e7 3.3120140912193947e7 2.361326563971163e7 3.2252693994359877e7 9.74987765962333e6 2.132545115536242e7 1.1777681266131485e7 2.747615146441096e7 3.512889594089102e6 2.8687912240949243e7 1.6370365412895565e6 1.3089810745743927e7 1.825088866046679e7 6.383512964058981e6 1.957105276967742e7 1.6068932699829014e7 2.012080383335698e7 1.363151565884293e6 3.0667352551193427e7 1.1206690729435781e7 1.7462534145692423e7 6.008539862002043e6 2.852663659804294e7 1.4977498088983884e7 319772.55756769626 1.4653047239412015e7 2.0278828184986353e7 7.954549348066915e6 1.0081311789668236e7 2.6619941470227394e7 2.4032589726354092e7 1.74424092845755e7 1.1859412179704964e7 1.3101210087693179e7 1.0166023277977605e6 1.4046223873776622e7 1.7875481813803867e7 2.9775212924635343e7 2.7193494473198447e7 1.9387816325118687e7 2.6481271870388538e7 8.0051967458179835e6 1.7509392235656306e7 9.670137312118812e6 2.255946238191076e7 2.884279508806304e6 2.3554385986462828e7 2.049824448868023e6 1.6390479638618708e7 2.2852952176817518e7 7.993151413154444e6 2.4506003039962158e7 2.012080383335698e7 2.5194376904991385e7 1.7068778471256592e6 3.84002967899373e7 1.4032520392003195e7 2.1865809667776752e7 7.523626748995929e6 3.571978735219866e7 1.8754157889162764e7 400404.9940528366 1.834789494564623e7 2.53922479795315e7 9.960333396437408e6 1.2623370866752213e7 3.3332308398030017e7 3.0092541460246854e7 2.1840610210521486e7 1.4849829201743262e7 1.640475338831166e7 1.2729442829996087e6 1.7588057678944807e7 2.238288439692793e7 3.728319917348325e7 3.4050485994289175e7 2.4276562502438016e7 3.315867248405065e7 1.0023751818423213e7 2.1924483286851596e7 1.2108516448067453e7 2.8247956827727124e7 3.6115666971385353e6 2.9493755976327803e7 138872.25532361658 1.110428200086976e6 1.548250149592071e6 541522.9409039891 1.6602416431350033e6 1.363151565884293e6 1.7068778471256592e6 115638.18371039497 2.601557330072695e6 950680.3159598726 1.481372858401595e6 509713.4124940005 2.419957197807431e6 1.2705635373807147e6 27126.78375831823 1.2430398871229046e6 1.72028328894282e6 674796.304289499 855212.7393252616 2.2582094017529134e6 2.0387204881431207e6 1.4796656363690433e6 1.0060516516696905e6 1.1113952232937093e6 86239.89414268195 1.191562154498518e6 1.516403825979197e6 2.5258757928077453e6 2.3068647598107606e6 1.6446974218109595e6 2.2464458524436993e6 679092.7987015434 1.4853479001733046e6 820332.1941519583 1.9137528948476263e6 244677.73948167262 1.9981537505120991e6 3.124263302904203e6 2.4981736401970286e7 3.483158759692043e7 1.218285285282162e7 3.7351103915700294e7 3.0667352551193427e7 3.84002967899373e7 2.601557330072695e6 5.8528250137558766e7 2.1387825934167683e7 3.332702308778114e7 1.146722148309679e7 5.4442721118700616e7 2.8584363554810464e7 610281.8365297955 2.796515325782163e7 3.870188424404017e7 1.5181155699633349e7 1.9240054620152112e7 5.080381785208949e7 4.58658901386856e7 3.3288615047717407e7 2.2633536474317268e7 2.5003491900293645e7 1.9401725412210836e6 2.6807038625202604e7 3.411512843116226e7 5.682561306989353e7 5.189843642306005e7 3.700139950468053e7 5.0539168694249876e7 1.5277815610509014e7 3.3416451153206617e7 1.8455333388281174e7 4.3054445441719025e7 5.504610555353633e6 4.495324441687605e7 1.141691397538338e6 9.129010835670391e6 1.2728416290983295e7 4.451948171785804e6 1.3649116573969856e7 1.1206690729435781e7 1.4032520392003195e7 950680.3159598726 2.1387825934167683e7 7.815697498475318e6 1.217860720302036e7 4.1904368651478733e6 1.989486171092577e7 1.0445509488364704e7 223013.7012435184 1.0219233083081525e7 1.414272870947588e7 5.547610168083503e6 7.030843023882279e6 1.856510677250486e7 1.6760652715505607e7 1.2164571853023993e7 8.27091425507505e6 9.136960890731962e6 708992.1960140654 9.796026270712242e6 1.246660248499798e7 2.076563570728241e7 1.8965110384524725e7 1.352132500231476e7 1.846839672038141e7 5.582932347437268e6 1.2211286667936092e7 6.744084388955469e6 1.5733273805988666e7 2.011535491264155e6 1.6427146967567664e7 1.7790109047080202e6 1.4225043528288422e7 1.9833723395084184e7 6.937132365084606e6 2.1268380647413924e7 1.7462534145692423e7 2.1865809667776752e7 1.481372858401595e6 3.332702308778114e7 1.217860720302036e7 1.8976997693986148e7 6.529639178032104e6 3.1000650445214987e7 1.6276443288527006e7 347505.2954475757 1.592385396943004e7 2.203753891001872e7 8.644419153345013e6 1.0955628145877196e7 2.892859442277246e7 2.611685085409194e7 1.8955127475161016e7 1.2887936865784632e7 1.4237431494667131e7 1.10476863606179e6 1.5264402969120307e7 1.942575884629696e7 3.235751136086591e7 2.9551889640061725e7 2.1069252756992415e7 2.877789850118326e7 8.699459019970872e6 1.90279196196225e7 1.050879396664633e7 2.4515964408561636e7 3.134422823787606e6 2.5597174202727415e7 612125.2417714662 4.894578322099886e6 6.824422883701707e6 2.3869408641286637e6 7.318062307224894e6 6.008539862002043e6 7.523626748995929e6 509713.4124940005 1.146722148309679e7 4.1904368651478733e6 6.529639178032104e6 2.246729882293408e6 1.0666759039323827e7 5.600427606599951e6 119570.24121087338 5.479108045473546e6 7.582715652638061e6 2.9743871441213395e6 3.7696320521734036e6 9.953802311321182e6 8.986332574501099e6 6.52211403417239e6 4.434504279330764e6 4.898840795643222e6 380130.76067223237 5.252202970337268e6 6.684049714880939e6 1.1133630160712142e7 1.0168266840216698e7 7.24954602790073e6 9.90195059012451e6 2.9933253594949846e6 6.547160484933106e6 3.615884551655222e6 8.435496714009432e6 1.0784977898378253e6 8.807521306387087e6 2.9061759970891667e6 2.3237901437285118e7 3.2400189740916573e7 1.1332436195127273e7 3.474383275048816e7 2.852663659804294e7 3.571978735219866e7 2.419957197807431e6 5.4442721118700616e7 1.989486171092577e7 3.1000650445214987e7 1.0666759039323827e7 5.064237997620477e7 2.658904938576737e7 567681.482906298 2.6013062688171614e7 3.600032267690137e7 1.4121444329399602e7 1.789701427142649e7 4.7257488146081425e7 4.266424948315693e7 3.0964923455103528e7 2.10536161820161e7 2.3258138306237005e7 1.8047399731856384e6 2.4935789545390554e7 3.1733742572880052e7 5.285893559934207e7 4.827569753130373e7 3.441853924387587e7 4.701131266226468e7 1.4211356953795413e7 3.108383603874805e7 1.7167070029419217e7 4.004905597886015e7 5.120364552636079e6 4.181531044267863e7 1.525845687873347e6 1.2200724160829084e7 1.7011251160278223e7 5.949931772457707e6 1.824174703652629e7 1.4977498088983884e7 1.8754157889162764e7 1.2705635373807147e6 2.8584363554810464e7 1.0445509488364704e7 1.6276443288527006e7 5.600427606599951e6 2.658904938576737e7 1.3960195938085103e7 298052.9546888091 1.3657782450505836e7 1.890144890523423e7 7.414260168048869e6 9.396568576443996e6 2.4811860871346865e7 2.240024732343501e7 1.6257685348933235e7 1.1053896769378675e7 1.221134923627435e7 947552.6288071108 1.3092175762810169e7 1.6661342710630834e7 2.775281986728088e7 2.5346456987118844e7 1.8070956384186335e7 2.468260999293546e7 7.461467491472204e6 1.6320118681659678e7 9.013321906190597e6 2.102717778618661e7 2.6883733747731405e6 2.1954524154749226e7 32577.108350544484 260487.88294994782 363193.58938523853 127032.22453631951 389464.9206240491 319772.55756769626 400404.9940528366 27126.78375831823 610281.8365297955 223013.7012435184 347505.2954475757 119570.24121087338 567681.482906298 298052.9546888091 6363.489752774538 291596.3666931601 403549.6864865189 158295.92648408285 200618.6045358124 529738.1553118068 478249.72730473656 347104.8097133787 236002.8904716302 260714.73042001904 20230.436735392046 279520.55162529735 355722.9745206244 592528.2137210446 541151.8885128078 385818.506290832 526978.6233985373 159303.8122108791 348437.77376149927 192436.2120428785 448934.4200995128 57397.30525356577 468733.449167291 1.4927919744423833e6 1.1936425324277433e7 1.6642744026547242e7 5.821041058735071e6 1.7846584220379498e7 1.4653047239412015e7 1.834789494564623e7 1.2430398871229046e6 2.796515325782163e7 1.0219233083081525e7 1.592385396943004e7 5.479108045473546e6 2.6013062688171614e7 1.3657782450505836e7 291596.3666931601 1.3361920011198057e7 1.849199526224207e7 7.253648362513762e6 9.193014909498118e6 2.4274372614540573e7 2.191500077347524e7 1.5905502374701165e7 1.0814441142237417e7 1.1946820233460318e7 927026.2195494361 1.2808565808480596e7 1.6300415487315197e7 2.71516229296844e7 2.479738801349927e7 1.7679493329636667e7 2.4147921640162498e7 7.299833054780697e6 1.596658324203423e7 8.818070340638457e6 2.057167542816295e7 2.6301363434459204e6 2.1478933106655978e7 2.0659233175896292e6 1.6519206847493593e7 2.303243421841327e7 8.055927859861066e6 2.4698467778125223e7 2.0278828184986353e7 2.53922479795315e7 1.72028328894282e6 3.870188424404017e7 1.414272870947588e7 2.203753891001872e7 7.582715652638061e6 3.600032267690137e7 1.890144890523423e7 403549.6864865189 1.849199526224207e7 2.5591673089810915e7 1.0038559656184299e7 1.2722512034924062e7 3.359409299006389e7 3.03288816379316e7 2.201214154178896e7 1.4966456482186306e7 1.6533592700065697e7 1.2829417063951811e6 1.7726190401382446e7 2.2558674629948135e7 3.757601318950636e7 3.431791099462599e7 2.4467225265268482e7 3.3419093377946347e7 1.010247615245673e7 2.2096673338745546e7 1.2203614063289328e7 2.8469810044901066e7 3.6399311447226517e6 2.972539342500405e7 810376.6563422799 6.479804693872706e6 9.034675619576326e6 3.1600088092454574e6 9.688191988735957e6 7.954549348066915e6 9.960333396437408e6 674796.304289499 1.5181155699633349e7 5.547610168083503e6 8.644419153345013e6 2.9743871441213395e6 1.4121444329399602e7 7.414260168048869e6 158295.92648408285 7.253648362513762e6 1.0038559656184299e7 3.937713631192511e6 4.990517641847992e6 1.3177579495981704e7 1.1896771522489715e7 8.634456811485229e6 5.870724657620401e6 6.485447671521855e6 503245.2083088899 6.953254646411002e6 8.848839239328481e6 1.473952284091226e7 1.3461503497101815e7 9.597485071989564e6 1.310893435348219e7 3.962785441018831e6 8.667615154967312e6 4.786975332384754e6 1.1167534280897064e7 1.427795119626214e6 1.1660047944237646e7 1.027042435991765e6 8.212273077539145e6 1.1450225255261913e7 4.004882322069382e6 1.2278468564702347e7 1.0081311789668236e7 1.2623370866752213e7 855212.7393252616 1.9240054620152112e7 7.030843023882279e6 1.0955628145877196e7 3.7696320521734036e6 1.789701427142649e7 9.396568576443996e6 200618.6045358124 9.193014909498118e6 1.2722512034924062e7 4.990517641847992e6 6.324803849703424e6 1.670079368662347e7 1.5077543398207854e7 1.094300222955572e7 7.440346789620129e6 8.219424785902992e6 637795.0063068464 8.812306640660116e6 1.1214702863085525e7 1.868034490555819e7 1.706062882682001e7 1.2163509857529063e7 1.6613795284312723e7 5.022292758316636e6 1.0985025930012494e7 6.066841595111754e6 1.41533341590107e7 1.809536548568463e6 1.477752838844429e7 2.711929767072532e6 2.168470068405755e7 3.023458975134251e7 1.057498619553594e7 3.2421585737619538e7 2.6619941470227394e7 3.3332308398030017e7 2.2582094017529134e6 5.080381785208949e7 1.856510677250486e7 2.892859442277246e7 9.953802311321182e6 4.7257488146081425e7 2.4811860871346865e7 529738.1553118068 2.4274372614540573e7 3.359409299006389e7 1.3177579495981704e7 1.670079368662347e7 4.409883948831726e7 3.981260882997796e7 2.889525539304122e7 1.9646411120908316e7 2.17035849386099e7 1.6841127516055417e6 2.3269103454619803e7 2.9612687321830433e7 4.932589115428837e7 4.504899265992928e7 3.2118034560918305e7 4.386911815583265e7 1.3261482440187024e7 2.9006219964900624e7 1.60196382713336e7 3.7372212543565586e7 4.77812392039062e6 3.902041212316838e7 2.448341050322544e6 1.9577034587457843e7 2.729590866498768e7 9.547139871942116e6 2.9270337396552056e7 2.4032589726354092e7 3.0092541460246854e7 2.0387204881431207e6 4.58658901386856e7 1.6760652715505607e7 2.611685085409194e7 8.986332574501099e6 4.266424948315693e7 2.240024732343501e7 478249.72730473656 2.191500077347524e7 3.03288816379316e7 1.1896771522489715e7 1.5077543398207854e7 3.981260882997796e7 3.5942982632655255e7 2.6086752244585164e7 1.773685861000643e7 1.959408336806663e7 1.5204237341214383e6 2.10074397515266e7 2.6734452661975704e7 4.453161199935894e7 4.0670410917036824e7 2.8996290179026358e7 3.9605215491372444e7 1.197251943640511e7 2.618693150428189e7 1.4462593562429497e7 3.373978309569678e7 4.313709403488236e6 3.522778427436372e7 1.7769606669198486e6 1.4208649743571926e7 1.981086583469648e7 6.929137601882871e6 2.1243869702831656e7 1.74424092845755e7 2.1840610210521486e7 1.4796656363690433e6 3.3288615047717407e7 1.2164571853023993e7 1.8955127475161016e7 6.52211403417239e6 3.0964923455103528e7 1.6257685348933235e7 347104.8097133787 1.5905502374701165e7 2.201214154178896e7 8.634456811485229e6 1.094300222955572e7 2.889525539304122e7 2.6086752244585164e7 1.8933282460874517e7 1.287308404217131e7 1.4221023433322694e7 1.103495435094417e6 1.5246811364876425e7 1.9403371448476523e7 3.2320220643677115e7 2.9517832287916444e7 2.1044971299213484e7 2.8744733142379023e7 8.68943324690102e6 1.900599071534698e7 1.0496683008561976e7 2.4487710755640857e7 3.1308105288317795e6 2.5567674499447376e7 1.208187964879462e6 9.660720091867724e6 1.3469768983019153e7 4.711247026137036e6 1.4444094447469475e7 1.1859412179704964e7 1.4849829201743262e7 1.0060516516696905e6 2.2633536474317268e7 8.27091425507505e6 1.2887936865784632e7 4.434504279330764e6 2.10536161820161e7 1.1053896769378675e7 236002.8904716302 1.0814441142237417e7 1.4966456482186306e7 5.870724657620401e6 7.440346789620129e6 1.9646411120908316e7 1.773685861000643e7 1.287308404217131e7 8.752644614015404e6 9.669133189195279e6 750286.6713935187 1.036658511173562e7 1.3192706118121704e7 2.1975107457851663e7 2.0069712506022315e7 1.4308859795426356e7 1.9544068297523335e7 5.908104138696065e6 1.292251971040886e7 7.136886211489426e6 1.6649641139045611e7 2.128695176922044e6 1.7383928184371673e7 1.3346972104060964e6 1.0672293162940418e7 1.4880187196901811e7 5.204561248833884e6 1.5956534186965737e7 1.3101210087693179e7 1.640475338831166e7 1.1113952232937093e6 2.5003491900293645e7 9.136960890731962e6 1.4237431494667131e7 4.898840795643222e6 2.3258138306237005e7 1.221134923627435e7 260714.73042001904 1.1946820233460318e7 1.6533592700065697e7 6.485447671521855e6 8.219424785902992e6 2.17035849386099e7 1.959408336806663e7 1.4221023433322694e7 9.669133189195279e6 1.0681587194879465e7 828849.1165476167 1.14520692411063e7 1.4574113106085455e7 2.4276118844881076e7 2.2171210171020705e7 1.5807139127522154e7 2.1590525808037743e7 6.526741154463555e6 1.4275635505623715e7 7.884188879841239e6 1.839302346035521e7 2.351590644032131e6 1.9204197631529648e7 103567.24927864477 828127.9362565887 1.1546439482446597e6 403853.4643224062 1.2381642374616817e6 1.0166023277977605e6 1.2729442829996087e6 86239.89414268195 1.9401725412210836e6 708992.1960140654 1.10476863606179e6 380130.76067223237 1.8047399731856384e6 947552.6288071108 20230.436735392046 927026.2195494361 1.2829417063951811e6 503245.2083088899 637795.0063068464 1.6841127516055417e6 1.5204237341214383e6 1.103495435094417e6 750286.6713935187 828849.1165476167 64315.428547088406 888635.4902091124 1.130893803706883e6 1.8837312555413432e6 1.720398628759161e6 1.226571768966386e6 1.675339808148478e6 506449.420026771 1.107733116915826e6 611782.0197061731 1.4272262134473016e6 182474.17656451263 1.4901701358136786e6 1.43097131452612e6 1.1442104813970786e7 1.595352179320631e7 5.579975588253098e6 1.7107507622538626e7 1.4046223873776622e7 1.7588057678944807e7 1.191562154498518e6 2.6807038625202604e7 9.796026270712242e6 1.5264402969120307e7 5.252202970337268e6 2.4935789545390554e7 1.3092175762810169e7 279520.55162529735 1.2808565808480596e7 1.7726190401382446e7 6.953254646411002e6 8.812306640660116e6 2.3269103454619803e7 2.10074397515266e7 1.5246811364876425e7 1.036658511173562e7 1.14520692411063e7 888635.4902091124 1.2278127539506825e7 1.5625370029148446e7 2.602719884645764e7 2.3770459333924346e7 1.694733642945533e7 2.3147889166140996e7 6.997526702354288e6 1.5305362703921936e7 8.452889567309389e6 1.9719745238072492e7 2.5212150957400496e6 2.058943085739131e7 1.8210803087541233e6 1.4561432193574984e7 2.030274408576027e7 7.101179152889958e6 2.1771327591974236e7 1.7875481813803867e7 2.238288439692793e7 1.516403825979197e6 3.411512843116226e7 1.246660248499798e7 1.942575884629696e7 6.684049714880939e6 3.1733742572880052e7 1.6661342710630834e7 355722.9745206244 1.6300415487315197e7 2.2558674629948135e7 8.848839239328481e6 1.1214702863085525e7 2.9612687321830433e7 2.6734452661975704e7 1.9403371448476523e7 1.3192706118121704e7 1.4574113106085455e7 1.130893803706883e6 1.5625370029148446e7 1.988513213942534e7 3.3122690042887565e7 3.0250721998145357e7 2.156749079748878e7 2.9458427797794137e7 8.90518066873937e6 1.947788495514474e7 1.0757302111396942e7 2.5095709034946002e7 3.2085445168454065e6 2.6202486885816205e7 3.033375799926264e6 2.4254996232690204e7 3.381830679613176e7 1.1828443199220615e7 3.626452822113196e7 2.9775212924635343e7 3.728319917348325e7 2.5258757928077453e6 5.682561306989353e7 2.076563570728241e7 3.235751136086591e7 1.1133630160712142e7 5.285893559934207e7 2.775281986728088e7 592528.2137210446 2.71516229296844e7 3.757601318950636e7 1.473952284091226e7 1.868034490555819e7 4.932589115428837e7 4.453161199935894e7 3.2320220643677115e7 2.1975107457851663e7 2.4276118844881076e7 1.8837312555413432e6 2.602719884645764e7 3.3122690042887565e7 5.517250717695801e7 5.038866633083814e7 3.5924997011797346e7 4.9068940867763124e7 1.4833370831957292e7 3.2444337887056485e7 1.79184518883362e7 4.1801954643437e7 5.344476706270864e6 4.364551592548772e7 2.770360979759107e6 2.2151919036501337e7 3.0886023931424208e7 1.0802834746428162e7 3.3120140912193947e7 2.7193494473198447e7 3.4050485994289175e7 2.3068647598107606e6 5.189843642306005e7 1.8965110384524725e7 2.9551889640061725e7 1.0168266840216698e7 4.827569753130373e7 2.5346456987118844e7 541151.8885128078 2.479738801349927e7 3.431791099462599e7 1.3461503497101815e7 1.706062882682001e7 4.504899265992928e7 4.0670410917036824e7 2.9517832287916444e7 2.0069712506022315e7 2.2171210171020705e7 1.720398628759161e6 2.3770459333924346e7 3.0250721998145357e7 5.038866633083814e7 4.601961782264128e7 3.2810049424758106e7 4.481432175382369e7 1.3547214213336268e7 2.963118770137422e7 1.6364797243501503e7 3.817743387570143e7 4.8810733324384615e6 3.986114554759917e7 1.9751507068274184e6 1.5793385361041965e7 2.2020434320637036e7 7.701966220662958e6 2.361326563971163e7 1.9387816325118687e7 2.4276562502438016e7 1.6446974218109595e6 3.700139950468053e7 1.352132500231476e7 2.1069252756992415e7 7.24954602790073e6 3.441853924387587e7 1.8070956384186335e7 385818.506290832 1.7679493329636667e7 2.4467225265268482e7 9.597485071989564e6 1.2163509857529063e7 3.2118034560918305e7 2.8996290179026358e7 2.1044971299213484e7 1.4308859795426356e7 1.5807139127522154e7 1.226571768966386e6 1.694733642945533e7 2.156749079748878e7 3.5924997011797346e7 3.2810049424758106e7 2.339218346844768e7 3.1950724087859813e7 9.65859320302016e6 2.1125788935127962e7 1.1667411243064785e7 2.7218902538471915e7 3.4799997231698656e6 2.841931805224065e7 2.6978026805794365e6 2.1571739926054128e7 3.0077090589791015e7 1.0519898579897247e7 3.2252693994359877e7 2.6481271870388538e7 3.315867248405065e7 2.2464458524436993e6 5.0539168694249876e7 1.846839672038141e7 2.877789850118326e7 9.90195059012451e6 4.701131266226468e7 2.468260999293546e7 526978.6233985373 2.4147921640162498e7 3.3419093377946347e7 1.310893435348219e7 1.6613795284312723e7 4.386911815583265e7 3.9605215491372444e7 2.8744733142379023e7 1.9544068297523335e7 2.1590525808037743e7 1.675339808148478e6 2.3147889166140996e7 2.9458427797794137e7 4.9068940867763124e7 4.481432175382369e7 3.1950724087859813e7 4.364059349634921e7 1.3192400227316365e7 2.885511967341917e7 1.5936188169419078e7 3.7177531809037864e7 4.753233537638949e6 3.881714552542928e7 815536.4041854336 6.521062247420924e6 9.092200287490765e6 3.1801288960103514e6 9.74987765962333e6 8.0051967458179835e6 1.0023751818423213e7 679092.7987015434 1.5277815610509014e7 5.582932347437268e6 8.699459019970872e6 2.9933253594949846e6 1.4211356953795413e7 7.461467491472204e6 159303.8122108791 7.299833054780697e6 1.010247615245673e7 3.962785441018831e6 5.022292758316636e6 1.3261482440187024e7 1.197251943640511e7 8.68943324690102e6 5.908104138696065e6 6.526741154463555e6 506449.420026771 6.997526702354288e6 8.90518066873937e6 1.4833370831957292e7 1.3547214213336268e7 9.65859320302016e6 1.3192400227316365e7 3.9880168855232517e6 8.722802712816017e6 4.817454474957773e6 1.1238639069600241e7 1.4368860315266245e6 1.1734288615856819e7 1.783784613513629e6 1.4263214297996158e7 1.9886944215579752e7 6.955747118804912e6 2.132545115536242e7 1.7509392235656306e7 2.1924483286851596e7 1.4853479001733046e6 3.3416451153206617e7 1.2211286667936092e7 1.90279196196225e7 6.547160484933106e6 3.108383603874805e7 1.6320118681659678e7 348437.77376149927 1.596658324203423e7 2.2096673338745546e7 8.667615154967312e6 1.0985025930012494e7 2.9006219964900624e7 2.618693150428189e7 1.900599071534698e7 1.292251971040886e7 1.4275635505623715e7 1.107733116915826e6 1.5305362703921936e7 1.947788495514474e7 3.2444337887056485e7 2.963118770137422e7 2.1125788935127962e7 2.885511967341917e7 8.722802712816017e6 1.9078978186604984e7 1.0536992738313299e7 2.4581749320202947e7 3.1428335770858675e6 2.5665860378605757e7 985153.6772815356 7.877328859703234e6 1.0983218531793589e7 3.841539948499365e6 1.1777681266131485e7 9.670137312118812e6 1.2108516448067453e7 820332.1941519583 1.8455333388281174e7 6.744084388955469e6 1.050879396664633e7 3.615884551655222e6 1.7167070029419217e7 9.013321906190597e6 192436.2120428785 8.818070340638457e6 1.2203614063289328e7 4.786975332384754e6 6.066841595111754e6 1.60196382713336e7 1.4462593562429497e7 1.0496683008561976e7 7.136886211489426e6 7.884188879841239e6 611782.0197061731 8.452889567309389e6 1.0757302111396942e7 1.79184518883362e7 1.6364797243501503e7 1.1667411243064785e7 1.5936188169419078e7 4.817454474957773e6 1.0536992738313299e7 5.819400540287748e6 1.3576078946610888e7 1.7357331328535806e6 1.4174814908159168e7 2.29826491658827e6 1.83770197200517e7 2.562274942981268e7 8.961928167056212e6 2.747615146441096e7 2.255946238191076e7 2.8247956827727124e7 1.9137528948476263e6 4.3054445441719025e7 1.5733273805988666e7 2.4515964408561636e7 8.435496714009432e6 4.004905597886015e7 2.102717778618661e7 448934.4200995128 2.057167542816295e7 2.8469810044901066e7 1.1167534280897064e7 1.41533341590107e7 3.7372212543565586e7 3.373978309569678e7 2.4487710755640857e7 1.6649641139045611e7 1.839302346035521e7 1.4272262134473016e6 1.9719745238072492e7 2.5095709034946002e7 4.1801954643437e7 3.817743387570143e7 2.7218902538471915e7 3.7177531809037864e7 1.1238639069600241e7 2.4581749320202947e7 1.3576078946610888e7 3.1671633235868998e7 4.049291654480838e6 3.3068424301526163e7 293838.49191544973 2.3495445287728114e6 3.2759278518510344e6 1.1458032702215894e6 3.512889594089102e6 2.884279508806304e6 3.6115666971385353e6 244677.73948167262 5.504610555353633e6 2.011535491264155e6 3.134422823787606e6 1.0784977898378253e6 5.120364552636079e6 2.6883733747731405e6 57397.30525356577 2.6301363434459204e6 3.6399311447226517e6 1.427795119626214e6 1.809536548568463e6 4.77812392039062e6 4.313709403488236e6 3.1308105288317795e6 2.128695176922044e6 2.351590644032131e6 182474.17656451263 2.5212150957400496e6 3.2085445168454065e6 5.344476706270864e6 4.8810733324384615e6 3.4799997231698656e6 4.753233537638949e6 1.4368860315266245e6 3.1428335770858675e6 1.7357331328535806e6 4.049291654480838e6 517711.31538863544 4.227874626918564e6 2.3996236270184023e6 1.9187488089876816e7 2.67527709608969e7 9.357169583928535e6 2.8687912240949243e7 2.3554385986462828e7 2.9493755976327803e7 1.9981537505120991e6 4.495324441687605e7 1.6427146967567664e7 2.5597174202727415e7 8.807521306387087e6 4.181531044267863e7 2.1954524154749226e7 468733.449167291 2.1478933106655978e7 2.972539342500405e7 1.1660047944237646e7 1.477752838844429e7 3.902041212316838e7 3.522778427436372e7 2.5567674499447376e7 1.7383928184371673e7 1.9204197631529648e7 1.4901701358136786e6 2.058943085739131e7 2.6202486885816205e7 4.364551592548772e7 3.986114554759917e7 2.841931805224065e7 3.881714552542928e7 1.1734288615856819e7 2.5665860378605757e7 1.4174814908159168e7 3.3068424301526163e7 4.227874626918564e6 3.45268170303047e7
