5.289922539932943e7 2.5182260098357173e6 1.590467054657121e7 3.10025853499322e7 6.562286456277271e7 1.224538427788679e7 9.22241391258901e6 8.078238549176486e7 7.125051633267218e7 6.809424376246648e7 1.2411400126261167e7 2.2747180715000533e7 1.7320186937454667e7 4.952670578457719e7 8.313969723160418e6 5.086945431481991e7 5.6494254382075064e7 6.3948529474979095e7 6.6469399704620056e7 5.359317212662139e7 4.9770475364893936e7 1.981021073638666e7 2.5407970264995597e7 2.0171195317756657e7 4.0433059152320414e6 3.3318020839253653e7 3.423856103556068e7 2.3016191499703657e7 1.9109677633900363e7 3.5408969993426553e6 7.281273514158589e6 5.001047709134578e7 4.8526794603052475e7 7.00367650151093e7 3.665533961507262e7 3.0547074855578057e7 3.84157400191305e7 2.5182260098357173e6 119878.16813464163 757129.3293219259 1.4758536861551227e6 3.123924842649882e6 582931.8852256535 439025.7591266511 3.8455819106288175e6 3.3918247779377527e6 3.2415729052416394e6 590834.9390844837 1.0828616429546794e6 824513.8735371365 2.357679866703386e6 395779.9881529951 2.421600354158553e6 2.6893645363854473e6 3.0442194379783818e6 3.1642234821166703e6 2.5512607978673987e6 2.3692843258032375e6 943049.4976081077 1.2095264362652744e6 960233.8846212133 192478.39726569998 1.5860781710939868e6 1.6298997629592814e6 1.095667689732338e6 909701.1703667364 168561.6160649292 346619.29753539467 2.3807094191839844e6 2.310079881527175e6 3.334045101311373e6 1.7449486059810536e6 1.454169467417011e6 1.8287510823265775e6 1.590467054657121e7 757129.3293219259 4.781895070965942e6 9.321231121257162e6 1.9730157357018564e7 3.6816947920455e6 2.772809125588866e6 2.428801589274161e7 2.142216601452556e7 2.047320173375676e7 3.731609083870602e6 6.839162812013269e6 5.207483946423432e6 1.4890689472565474e7 2.4996764769774964e6 1.5294399977571731e7 1.6985551242731065e7 1.922675210382445e7 1.998467644374507e7 1.6113312431043679e7 1.4963981185911864e7 5.956134004645968e6 7.639155266854912e6 6.06466755680559e6 1.21565954917713e6 1.0017389493170928e7 1.029415892479525e7 6.920043540830746e6 5.745511861922623e6 1.0646053848380432e6 2.1891862409697054e6 1.5036140057067534e7 1.4590056376373012e7 2.1057239785727717e7 1.1020787089971276e7 9.184277426973006e6 1.1550068723969385e7 3.10025853499322e7 1.4758536861551227e6 9.321231121257162e6 1.8169647875260092e7 3.845951323779104e7 7.176637622801855e6 5.404969019850097e6 4.734403541968144e7 4.175770433603379e7 3.990791147032025e7 7.2739343312094845e6 1.3331412818685157e7 1.015082110846988e7 2.9026056839138504e7 4.872558227332765e6 2.9812999853863128e7 3.3109519658169996e7 3.747823768844499e7 3.8955641069318265e7 3.1409285873026207e7 2.9168922583626e7 1.1610146358830353e7 1.4890818547204109e7 1.1821708157882228e7 2.3696554304263233e6 1.9526652365175746e7 2.0066152249883205e7 1.3489071645442126e7 1.1199585766754849e7 2.0752092418886544e6 4.267327203278177e6 2.930958010653462e7 2.8440040096670955e7 4.104636256245816e7 2.148255076267044e7 1.790268738817547e7 2.2514266508314442e7 6.562286456277271e7 3.123924842649882e6 1.9730157357018564e7 3.845951323779104e7 8.140686977769244e7 1.5190717594081398e7 1.144064425441154e7 1.0021264965915701e8 8.838811812518227e7 8.44726799342777e7 1.5396664570637384e7 2.8218469135926474e7 2.1486142245343745e7 6.143916629037824e7 1.0313695616587708e7 6.310488075551097e7 7.008259149172223e7 7.932981356619692e7 8.245701863226867e7 6.648372352157775e7 6.174156879311606e7 2.4575081512070064e7 3.151924775699831e7 2.502289227137076e7 5.015826119535078e6 4.133187116690176e7 4.247382521577163e7 2.8552184009012725e7 2.3706051983581353e7 4.392574796029752e6 9.032609117754495e6 6.203929717516494e7 6.019875047058761e7 8.68824280564894e7 4.547190188332777e7 3.789444062562568e7 4.765572435746942e7 1.224538427788679e7 582931.8852256535 3.6816947920455e6 7.176637622801855e6 1.5190717594081398e7 2.834624419945056e6 2.134851719980259e6 1.869992132708217e7 1.649343531791072e7 1.5762805139185792e7 2.8730546208453025e6 5.265634174999623e6 4.009365793410202e6 1.1464696123086788e7 1.9245603950961807e6 1.1775522446483163e7 1.3077580043543857e7 1.4803133911991376e7 1.5386677894792862e7 1.2406022629014323e7 1.152112515704152e7 4.585769286066869e6 5.88156740041672e6 4.669331850242407e6 935965.211424376 7.712626517220665e6 7.9257178878773665e6 5.3279061725330185e6 4.423606286995172e6 819665.0162275665 1.6855065748165252e6 1.1576681988839597e7 1.123323154928452e7 1.6212469931571862e7 8.485166201104734e6 7.071193714996593e6 8.892672724459404e6 9.22241391258901e6 439025.7591266511 2.772809125588866e6 5.404969019850097e6 1.144064425441154e7 2.134851719980259e6 1.6078291833776734e6 1.408354451747463e7 1.2421765123122502e7 1.1871502773463273e7 2.1637948067305903e6 3.965727556775465e6 3.0195892619374576e6 8.634451204613995e6 1.4494516595452905e6 8.86854504309534e6 9.849168747964242e6 1.1148741847685572e7 1.1588228598241413e7 9.343396099077776e6 8.676949822542863e6 3.4536982673642035e6 4.4296077436610935e6 3.516632066495012e6 704907.1218718091 5.808640421637601e6 5.969126754838748e6 4.0126267086014957e6 3.3315678168362705e6 617317.503295546 1.2694121256299769e6 8.718791555467423e6 8.4601273894308e6 1.2210160568367394e7 6.390466240002941e6 5.325555639242916e6 6.697373213697804e6 8.078238549176486e7 3.8455819106288175e6 2.428801589274161e7 4.734403541968144e7 1.0021264965915701e8 1.869992132708217e7 1.408354451747463e7 1.2336274787537482e8 1.0880663437741329e8 1.0398669182516047e8 1.8953444061297692e7 3.473721037498039e7 2.644965039485492e7 7.563221216614737e7 1.2696259767004455e7 7.768272289801042e7 8.627235278232382e7 9.765577323075005e7 1.0150539312836298e8 8.18421112554536e7 7.600447259264053e7 3.0252164720736578e7 3.880050100953258e7 3.080342412744207e7 6.174530810985151e6 5.0879936009296685e7 5.228569256692828e7 3.5148016634378e7 2.9182380906179864e7 5.407302360823562e6 1.111922980821554e7 7.637097913103624e7 7.410524820942222e7 1.0695311523632307e8 5.5976354148162864e7 4.66484255298828e7 5.866466088586917e7 7.125051633267218e7 3.3918247779377527e6 2.142216601452556e7 4.175770433603379e7 8.838811812518227e7 1.649343531791072e7 1.2421765123122502e7 1.0880663437741329e8 9.596806076742172e7 9.17168444477843e7 1.6717043789051602e7 3.063841405656833e7 2.332873974913993e7 6.6708034621849105e7 1.1198172205313474e7 6.851659656888175e7 7.609269822319934e7 8.61329387984786e7 8.952832510354644e7 7.218520039002223e7 6.7036370402432896e7 2.6682578676180165e7 3.4222259148034066e7 2.716879255958935e7 5.445970748654526e6 4.4876388454823144e7 4.6116273609978676e7 3.100074747760549e7 2.573902336164601e7 4.769270959630571e6 9.807222951317286e6 6.735963122149667e7 6.536124386201027e7 9.433324650647579e7 4.937145778993741e7 4.114417251826742e7 5.1742559385367535e7 6.809424376246648e7 3.2415729052416394e6 2.047320173375676e7 3.990791147032025e7 8.44726799342777e7 1.5762805139185792e7 1.1871502773463273e7 1.0398669182516047e8 9.17168444477843e7 8.765394953478812e7 1.5976508148299811e7 2.9281186195512e7 2.229531760488645e7 6.3752986002885945e7 1.070211287006535e7 6.548143183625726e7 7.272192551085207e7 8.231740108571984e7 8.556237774870312e7 6.898752295983982e7 6.406677708581119e7 2.5500587365622252e7 3.270627325208512e7 2.5965262829066977e7 5.204723821939429e6 4.288844336726026e7 4.407340379054227e7 2.962746888320782e7 2.45988298921568e7 4.558000643504343e6 9.372780221855402e6 6.4375718019086786e7 6.246585570520066e7 9.015444958356406e7 4.718438903599503e7 3.932155803310516e7 4.945045500063921e7 1.2411400126261167e7 590834.9390844837 3.731609083870602e6 7.2739343312094845e6 1.5396664570637384e7 2.8730546208453025e6 2.1637948067305903e6 1.8953444061297692e7 1.6717043789051602e7 1.5976508148299811e7 2.9120058362160516e6 5.337022602259542e6 4.063722459442986e6 1.1620127852302978e7 1.9506524735062146e6 1.1935168179490881e7 1.3254878321518961e7 1.5003826252813762e7 1.5595281587939529e7 1.257421631938522e7 1.1677321918512503e7 4.647940497782157e6 5.961306294647629e6 4.732635954945707e6 948654.4872443372 7.817189853527173e6 8.033170193927741e6 5.400138847573642e6 4.483578986417592e6 830777.5611639922 1.7083576995839255e6 1.173363195775223e7 1.1385525215479054e7 1.6432269236261258e7 8.600203184306463e6 7.167060875795675e6 9.01323444577123e6 2.2747180715000533e7 1.0828616429546794e6 6.839162812013269e6 1.3331412818685157e7 2.8218469135926474e7 5.265634174999623e6 3.965727556775465e6 3.473721037498039e7 3.063841405656833e7 2.9281186195512e7 5.337022602259542e6 9.781508643554758e6 7.447848608551975e6 2.129696452445069e7 3.5750877318927683e6 2.1874359434142876e7 2.4293078094949998e7 2.7498488785893023e7 2.858248746904642e7 2.3045584547819104e7 2.1401787811643e7 8.518583026898982e6 1.092567399345211e7 8.67380990301608e6 1.7386608148893567e6 1.4327072568179116e7 1.4722913793504193e7 9.897185893792974e6 8.217346988775486e6 1.5226201013195086e6 3.1310183317733794e6 2.1504990885077447e7 2.0866993004576962e7 3.0116489201237217e7 1.5762152056093145e7 1.313553888188486e7 1.6519141328045169e7 1.7320186937454667e7 824513.8735371365 5.207483946423432e6 1.015082110846988e7 2.1486142245343745e7 4.009365793410202e6 3.0195892619374576e6 2.644965039485492e7 2.332873974913993e7 2.229531760488645e7 4.063722459442986e6 7.447848608551975e6 5.670950250855244e6 1.6215961502454598e7 2.722147795368324e6 1.6655602260485265e7 1.8497266063976455e7 2.0937933902071998e7 2.1763313542186715e7 1.754739795898853e7 1.6295776181570945e7 6.486230197785429e6 8.319040427699568e6 6.604423240947576e6 1.323853303493229e6 1.0908937606659146e7 1.1210339530092245e7 7.535927725856186e6 6.256862674927683e6 1.1593553117634973e6 2.3840239144515507e6 1.6374357195490869e7 1.5888572047238136e7 2.2931335069637053e7 1.2001637634508602e7 1.000167852926141e7 1.257802535763469e7 4.952670578457719e7 2.357679866703386e6 1.4890689472565474e7 2.9026056839138504e7 6.143916629037824e7 1.1464696123086788e7 8.634451204613995e6 7.563221216614737e7 6.6708034621849105e7 6.3752986002885945e7 1.1620127852302978e7 2.129696452445069e7 1.6215961502454598e7 4.636919666319284e7 7.78392366376821e6 4.762634005041619e7 5.289253848574427e7 5.987157620466406e7 6.223173171246304e7 5.017641086311687e7 4.659742503879643e7 1.8547237152624387e7 2.37881189828098e7 1.888520764310547e7 3.7855303352565984e6 3.1193874824697245e7 3.2055727207623687e7 2.154882488509481e7 1.789136560446301e7 3.3151518302224316e6 6.817065625262221e6 4.682212577503674e7 4.543303348643087e7 6.5571664401930116e7 3.4318427289721176e7 2.859958680927771e7 3.5966595712163344e7 8.313969723160418e6 395779.9881529951 2.4996764769774964e6 4.872558227332765e6 1.0313695616587708e7 1.9245603950961807e6 1.4494516595452905e6 1.2696259767004455e7 1.1198172205313474e7 1.070211287006535e7 1.9506524735062146e6 3.5750877318927683e6 2.722147795368324e6 7.78392366376821e6 1.3066749472385342e6 7.994958334729528e6 8.878986732214963e6 1.0050546749638177e7 1.0446742319744145e7 8.42303468652498e6 7.822236000005304e6 3.113495349476969e6 3.9932738885210846e6 3.17022992086969e6 635470.9867101521 5.236466401957828e6 5.3811441975829e6 3.6173671320605776e6 3.0033952306155586e6 556509.2914524527 1.14437001838465e6 7.859956157005035e6 7.626771432780128e6 1.1007411534821844e7 5.760980079601308e6 4.800967378316474e6 6.037655504420706e6 5.086945431481991e7 2.421600354158553e6 1.5294399977571731e7 2.9812999853863128e7 6.310488075551097e7 1.1775522446483163e7 8.86854504309534e6 7.768272289801042e7 6.851659656888175e7 6.548143183625726e7 1.1935168179490881e7 2.1874359434142876e7 1.6655602260485265e7 4.762634005041619e7 7.994958334729528e6 4.891756661375145e7 5.432654014580734e7 6.149479078513312e7 6.391893389899308e7 5.153677394141967e7 4.7860756063801184e7 1.9050082537396673e7 2.443305309048779e7 1.9397215950631645e7 3.8881621419421523e6 3.2039590866374314e7 3.2924809451476496e7 2.213304813363417e7 1.8376429258280843e7 3.4050309202415543e6 7.001887222093308e6 4.8091548797854625e7 4.6664795986519665e7 6.734941752736972e7 3.52488549665376e7 2.937496753661179e7 3.694170788175529e7 5.6494254382075064e7 2.6893645363854473e6 1.6985551242731065e7 3.3109519658169996e7 7.008259149172223e7 1.3077580043543857e7 9.849168747964242e6 8.627235278232382e7 7.609269822319934e7 7.272192551085207e7 1.3254878321518961e7 2.4293078094949998e7 1.8497266063976455e7 5.289253848574427e7 8.878986732214963e6 5.432654014580734e7 6.03336013730565e7 6.829446866654669e7 7.09866571237966e7 5.7235361697792724e7 5.3152874635793075e7 2.1156511768471558e7 2.713469478328233e7 2.1542028845781766e7 4.318088803670145e6 3.558231203937316e7 3.6565412106085174e7 2.4580370840501852e7 2.0408370467797108e7 3.781536200417143e6 7.776108535221677e6 5.3409186868797526e7 5.1824673385223255e7 7.479646042059731e7 3.914643484933744e7 3.262305269107384e7 4.102647198580588e7 6.3948529474979095e7 3.0442194379783818e6 1.922675210382445e7 3.747823768844499e7 7.932981356619692e7 1.4803133911991376e7 1.1148741847685572e7 9.765577323075005e7 8.61329387984786e7 8.231740108571984e7 1.5003826252813762e7 2.7498488785893023e7 2.0937933902071998e7 5.987157620466406e7 1.0050546749638177e7 6.149479078513312e7 6.829446866654669e7 7.730575242154887e7 8.035316838966313e7 6.478742404119061e7 6.016626305639603e7 2.3948060403875567e7 3.0715049665189613e7 2.438444549207848e7 4.887849785033925e6 4.027730881885444e7 4.1390126472271144e7 2.7823689088256866e7 2.3101203736044068e7 4.280500412265001e6 8.802146542233823e6 6.045639504532769e7 5.866280898394583e7 8.466566567074299e7 4.431170868939708e7 3.6927582625833474e7 4.643981200805337e7 6.6469399704620056e7 3.1642234821166703e6 1.998467644374507e7 3.8955641069318265e7 8.245701863226867e7 1.5386677894792862e7 1.1588228598241413e7 1.0150539312836298e8 8.952832510354644e7 8.556237774870312e7 1.5595281587939529e7 2.858248746904642e7 2.1763313542186715e7 6.223173171246304e7 1.0446742319744145e7 6.391893389899308e7 7.09866571237966e7 8.035316838966313e7 8.352071441009326e7 6.734136374647287e7 6.253803520835708e7 2.489210013434965e7 3.192584614383601e7 2.5345687653734982e7 5.080530290922181e6 4.186505242398663e7 4.302173768337564e7 2.8920507264956553e7 2.4011860122440718e7 4.449239023548732e6 9.149129801386578e6 6.283960428739181e7 6.097531452502484e7 8.800321162863119e7 4.605848954857743e7 3.838327901882861e7 4.8270483338924706e7 5.359317212662139e7 2.5512607978673987e6 1.6113312431043679e7 3.1409285873026207e7 6.648372352157775e7 1.2406022629014323e7 9.343396099077776e6 8.18421112554536e7 7.218520039002223e7 6.898752295983982e7 1.257421631938522e7 2.3045584547819104e7 1.754739795898853e7 5.017641086311687e7 8.42303468652498e6 5.153677394141967e7 5.7235361697792724e7 6.478742404119061e7 6.734136374647287e7 5.429622223976984e7 5.0423378280475594e7 2.0070086581518676e7 2.574127907395121e7 2.0435806658861507e7 4.0963471249309466e6 3.375509588802248e7 3.468771198623064e7 2.3318124290692065e7 1.9360363691277258e7 3.5873474693792714e6 7.3767912819051845e6 5.06665284162162e7 4.916338256906803e7 7.09555267456538e7 3.7136194538214415e7 3.0947799865525737e7 3.891968836358229e7 4.9770475364893936e7 2.3692843258032375e6 1.4963981185911864e7 2.9168922583626e7 6.174156879311606e7 1.152112515704152e7 8.676949822542863e6 7.600447259264053e7 6.7036370402432896e7 6.406677708581119e7 1.1677321918512503e7 2.1401787811643e7 1.6295776181570945e7 4.659742503879643e7 7.822236000005304e6 4.7860756063801184e7 5.3152874635793075e7 6.016626305639603e7 6.253803520835708e7 5.0423378280475594e7 4.68267767504761e7 1.8638526329748265e7 2.390520368870942e7 1.897816030507694e7 3.804162649408798e6 3.134741053142372e7 3.2213504936716743e7 2.165488782458057e7 1.7979426593289193e7 3.331468949593437e6 6.850619103131113e6 4.705258345981319e7 4.5656654083239324e7 6.5894406988151275e7 3.448734198907417e7 2.8740353475731444e7 3.6143622667687334e7 1.981021073638666e7 943049.4976081077 5.956134004645968e6 1.1610146358830353e7 2.4575081512070064e7 4.585769286066869e6 3.4536982673642035e6 3.0252164720736578e7 2.6682578676180165e7 2.5500587365622252e7 4.647940497782157e6 8.518583026898982e6 6.486230197785429e6 1.8547237152624387e7 3.113495349476969e6 1.9050082537396673e7 2.1156511768471558e7 2.3948060403875567e7 2.489210013434965e7 2.0070086581518676e7 1.8638526329748265e7 7.418718260192598e6 9.515021090267029e6 7.553903238338169e6 1.5141760894941355e6 1.2477252911784679e7 1.2821985658672655e7 8.61932477302287e6 7.156375885927054e6 1.3260291662740752e6 2.726761340187427e6 1.872840448471588e7 1.8172780795765802e7 2.6228041408366174e7 1.3727044146805521e7 1.1439562407597192e7 1.4386295822450072e7 2.5407970264995597e7 1.2095264362652744e6 7.639155266854912e6 1.4890818547204109e7 3.151924775699831e7 5.88156740041672e6 4.4296077436610935e6 3.880050100953258e7 3.4222259148034066e7 3.270627325208512e7 5.961306294647629e6 1.092567399345211e7 8.319040427699568e6 2.37881189828098e7 3.9932738885210846e6 2.443305309048779e7 2.713469478328233e7 3.0715049665189613e7 3.192584614383601e7 2.574127907395121e7 2.390520368870942e7 9.515021090267029e6 1.2203674970920911e7 9.688405207715504e6 1.9420359313578678e6 1.6002942885870527e7 1.6445086561112294e7 1.1054882275182199e7 9.17854878649975e6 1.7007244433460224e6 3.4972606790077225e6 2.4020478660756808e7 2.330785271471169e7 3.363928355334553e7 1.7605886890829336e7 1.4672032789783733e7 1.845142292246574e7 2.0171195317756657e7 960233.8846212133 6.06466755680559e6 1.1821708157882228e7 2.502289227137076e7 4.669331850242407e6 3.516632066495012e6 3.080342412744207e7 2.716879255958935e7 2.5965262829066977e7 4.732635954945707e6 8.67380990301608e6 6.604423240947576e6 1.888520764310547e7 3.17022992086969e6 1.9397215950631645e7 2.1542028845781766e7 2.438444549207848e7 2.5345687653734982e7 2.0435806658861507e7 1.897816030507694e7 7.553903238338169e6 9.688405207715504e6 7.691551577090689e6 1.541767629486314e6 1.2704615254313182e7 1.3055629772151291e7 8.776387380093815e6 7.28678042264219e6 1.3501922652860729e6 2.776448787432776e6 1.9069676233038343e7 1.8503927887292642e7 2.670597264665248e7 1.3977180369520225e7 1.1648015800734373e7 1.4648445026415547e7 4.0433059152320414e6 192478.39726569998 1.21565954917713e6 2.3696554304263233e6 5.015826119535078e6 935965.211424376 704907.1218718091 6.174530810985151e6 5.445970748654526e6 5.204723821939429e6 948654.4872443372 1.7386608148893567e6 1.323853303493229e6 3.7855303352565984e6 635470.9867101521 3.8881621419421523e6 4.318088803670145e6 4.887849785033925e6 5.080530290922181e6 4.0963471249309466e6 3.804162649408798e6 1.5141760894941355e6 1.9420359313578678e6 1.541767629486314e6 309046.5427563265 2.5466337120483886e6 2.6169943948909063e6 1.7592224183691903e6 1.460631455981702e6 270645.3577456548 556537.7573674833 3.822506970954213e6 3.7091030007456327e6 5.353198730824849e6 2.801718746761484e6 2.3348388851485974e6 2.936273408255531e6 3.3318020839253653e7 1.5860781710939868e6 1.0017389493170928e7 1.9526652365175746e7 4.133187116690176e7 7.712626517220665e6 5.808640421637601e6 5.0879936009296685e7 4.4876388454823144e7 4.288844336726026e7 7.817189853527173e6 1.4327072568179116e7 1.0908937606659146e7 3.1193874824697245e7 5.236466401957828e6 3.2039590866374314e7 3.558231203937316e7 4.027730881885444e7 4.186505242398663e7 3.375509588802248e7 3.134741053142372e7 1.2477252911784679e7 1.6002942885870527e7 1.2704615254313182e7 2.5466337120483886e6 2.0985005059431598e7 2.1564797621844374e7 1.4496506182056498e7 1.2036029503860803e7 2.2301967396151097e6 4.586033554361209e6 3.1498573095015455e7 3.056409128189577e7 4.411191995104153e7 2.308698019575143e7 1.9239753870371275e7 2.4195749878200777e7 3.423856103556068e7 1.6298997629592814e6 1.029415892479525e7 2.0066152249883205e7 4.247382521577163e7 7.9257178878773665e6 5.969126754838748e6 5.228569256692828e7 4.6116273609978676e7 4.407340379054227e7 8.033170193927741e6 1.4722913793504193e7 1.1210339530092245e7 3.2055727207623687e7 5.3811441975829e6 3.2924809451476496e7 3.6565412106085174e7 4.1390126472271144e7 4.302173768337564e7 3.468771198623064e7 3.2213504936716743e7 1.2821985658672655e7 1.6445086561112294e7 1.3055629772151291e7 2.6169943948909063e6 2.1564797621844374e7 2.2160609213772614e7 1.4897028671401793e7 1.2368571734256065e7 2.291814617651547e6 4.712740607243191e6 3.2368843955345653e7 3.140854343961321e7 4.533068368395122e7 2.3724848014613435e7 1.9771327065855455e7 2.486425178142408e7 2.3016191499703657e7 1.095667689732338e6 6.920043540830746e6 1.3489071645442126e7 2.8552184009012725e7 5.3279061725330185e6 4.0126267086014957e6 3.5148016634378e7 3.100074747760549e7 2.962746888320782e7 5.400138847573642e6 9.897185893792974e6 7.535927725856186e6 2.154882488509481e7 3.6173671320605776e6 2.213304813363417e7 2.4580370840501852e7 2.7823689088256866e7 2.8920507264956553e7 2.3318124290692065e7 2.165488782458057e7 8.61932477302287e6 1.1054882275182199e7 8.776387380093815e6 1.7592224183691903e6 1.4496506182056498e7 1.4897028671401793e7 1.0014231156544423e7 8.314526282742698e6 1.5406267823844107e6 3.16804611595917e6 2.1759311389473546e7 2.1113768472398084e7 3.0472650278692644e7 1.594855708563702e7 1.3290881280856702e7 1.6714498600093776e7 1.9109677633900363e7 909701.1703667364 5.745511861922623e6 1.1199585766754849e7 2.3706051983581353e7 4.423606286995172e6 3.3315678168362705e6 2.9182380906179864e7 2.573902336164601e7 2.45988298921568e7 4.483578986417592e6 8.217346988775486e6 6.256862674927683e6 1.789136560446301e7 3.0033952306155586e6 1.8376429258280843e7 2.0408370467797108e7 2.3101203736044068e7 2.4011860122440718e7 1.9360363691277258e7 1.7979426593289193e7 7.156375885927054e6 9.17854878649975e6 7.28678042264219e6 1.460631455981702e6 1.2036029503860803e7 1.2368571734256065e7 8.314526282742698e6 6.903310521371472e6 1.2791378263383985e6 2.630336995853087e6 1.8066126456840172e7 1.7530150857040413e7 2.530055954235079e7 1.3241625341721067e7 1.1035034043355197e7 1.387756441217408e7 3.5408969993426553e6 168561.6160649292 1.0646053848380432e6 2.0752092418886544e6 4.392574796029752e6 819665.0162275665 617317.503295546 5.407302360823562e6 4.769270959630571e6 4.558000643504343e6 830777.5611639922 1.5226201013195086e6 1.1593553117634973e6 3.3151518302224316e6 556509.2914524527 3.4050309202415543e6 3.781536200417143e6 4.280500412265001e6 4.449239023548732e6 3.5873474693792714e6 3.331468949593437e6 1.3260291662740752e6 1.7007244433460224e6 1.3501922652860729e6 270645.3577456548 2.2301967396151097e6 2.291814617651547e6 1.5406267823844107e6 1.2791378263383985e6 237015.7873826401 487384.06551420165 3.3475338614445124e6 3.248221124233022e6 4.688026511042462e6 2.453585682457685e6 2.0447188948098083e6 2.571420990277696e6 7.281273514158589e6 346619.29753539467 2.1891862409697054e6 4.267327203278177e6 9.032609117754495e6 1.6855065748165252e6 1.2694121256299769e6 1.111922980821554e7 9.807222951317286e6 9.372780221855402e6 1.7083576995839255e6 3.1310183317733794e6 2.3840239144515507e6 6.817065625262221e6 1.14437001838465e6 7.001887222093308e6 7.776108535221677e6 8.802146542233823e6 9.149129801386578e6 7.3767912819051845e6 6.850619103131113e6 2.726761340187427e6 3.4972606790077225e6 2.776448787432776e6 556537.7573674833 4.586033554361209e6 4.712740607243191e6 3.16804611595917e6 2.630336995853087e6 487384.06551420165 1.0022253367184356e6 6.883653957629913e6 6.679433613685749e6 9.640157077391317e6 5.045396250643391e6 4.20462880887023e6 5.287705220947201e6 5.001047709134578e7 2.3807094191839844e6 1.5036140057067534e7 2.930958010653462e7 6.203929717516494e7 1.1576681988839597e7 8.718791555467423e6 7.637097913103624e7 6.735963122149667e7 6.4375718019086786e7 1.173363195775223e7 2.1504990885077447e7 1.6374357195490869e7 4.682212577503674e7 7.859956157005035e6 4.8091548797854625e7 5.3409186868797526e7 6.045639504532769e7 6.283960428739181e7 5.06665284162162e7 4.705258345981319e7 1.872840448471588e7 2.4020478660756808e7 1.9069676233038343e7 3.822506970954213e6 3.1498573095015455e7 3.2368843955345653e7 2.1759311389473546e7 1.8066126456840172e7 3.3475338614445124e6 6.883653957629913e6 4.7279479047640756e7 4.587681826137216e7 6.621216106473444e7 3.4653645838041455e7 2.8878944365258638e7 3.631791338476149e7 4.8526794603052475e7 2.310079881527175e6 1.4590056376373012e7 2.8440040096670955e7 6.019875047058761e7 1.123323154928452e7 8.4601273894308e6 7.410524820942222e7 6.536124386201027e7 6.246585570520066e7 1.1385525215479054e7 2.0866993004576962e7 1.5888572047238136e7 4.543303348643087e7 7.626771432780128e6 4.6664795986519665e7 5.1824673385223255e7 5.866280898394583e7 6.097531452502484e7 4.916338256906803e7 4.5656654083239324e7 1.8172780795765802e7 2.330785271471169e7 1.8503927887292642e7 3.7091030007456327e6 3.056409128189577e7 3.140854343961321e7 2.1113768472398084e7 1.7530150857040413e7 3.248221124233022e6 6.679433613685749e6 4.587681826137216e7 4.451577082027923e7 6.424781619947015e7 3.362556111508412e7 2.8022180212481827e7 3.524045411553872e7 7.00367650151093e7 3.334045101311373e6 2.1057239785727717e7 4.104636256245816e7 8.68824280564894e7 1.6212469931571862e7 1.2210160568367394e7 1.0695311523632307e8 9.433324650647579e7 9.015444958356406e7 1.6432269236261258e7 3.0116489201237217e7 2.2931335069637053e7 6.5571664401930116e7 1.1007411534821844e7 6.734941752736972e7 7.479646042059731e7 8.466566567074299e7 8.800321162863119e7 7.09555267456538e7 6.5894406988151275e7 2.6228041408366174e7 3.363928355334553e7 2.670597264665248e7 5.353198730824849e6 4.411191995104153e7 4.533068368395122e7 3.0472650278692644e7 2.530055954235079e7 4.688026511042462e6 9.640157077391317e6 6.621216106473444e7 6.424781619947015e7 9.272628127828534e7 4.853041585751483e7 4.0443282248631835e7 5.086112577813812e7 3.665533961507262e7 1.7449486059810536e6 1.1020787089971276e7 2.148255076267044e7 4.547190188332777e7 8.485166201104734e6 6.390466240002941e6 5.5976354148162864e7 4.937145778993741e7 4.718438903599503e7 8.600203184306463e6 1.5762152056093145e7 1.2001637634508602e7 3.4318427289721176e7 5.760980079601308e6 3.52488549665376e7 3.914643484933744e7 4.431170868939708e7 4.605848954857743e7 3.7136194538214415e7 3.448734198907417e7 1.3727044146805521e7 1.7605886890829336e7 1.3977180369520225e7 2.801718746761484e6 2.308698019575143e7 2.3724848014613435e7 1.594855708563702e7 1.3241625341721067e7 2.453585682457685e6 5.045396250643391e6 3.4653645838041455e7 3.362556111508412e7 4.853041585751483e7 2.5399500884059157e7 2.116691491464548e7 2.6619331121310048e7 3.0547074855578057e7 1.454169467417011e6 9.184277426973006e6 1.790268738817547e7 3.789444062562568e7 7.071193714996593e6 5.325555639242916e6 4.66484255298828e7 4.114417251826742e7 3.932155803310516e7 7.167060875795675e6 1.313553888188486e7 1.000167852926141e7 2.859958680927771e7 4.800967378316474e6 2.937496753661179e7 3.262305269107384e7 3.6927582625833474e7 3.838327901882861e7 3.0947799865525737e7 2.8740353475731444e7 1.1439562407597192e7 1.4672032789783733e7 1.1648015800734373e7 2.3348388851485974e6 1.9239753870371275e7 1.9771327065855455e7 1.3290881280856702e7 1.1035034043355197e7 2.0447188948098083e6 4.20462880887023e6 2.8878944365258638e7 2.8022180212481827e7 4.0443282248631835e7 2.116691491464548e7 1.7639649261180256e7 2.218347201000188e7 3.84157400191305e7 1.8287510823265775e6 1.1550068723969385e7 2.2514266508314442e7 4.765572435746942e7 8.892672724459404e6 6.697373213697804e6 5.866466088586917e7 5.1742559385367535e7 4.945045500063921e7 9.01323444577123e6 1.6519141328045169e7 1.257802535763469e7 3.5966595712163344e7 6.037655504420706e6 3.694170788175529e7 4.102647198580588e7 4.643981200805337e7 4.8270483338924706e7 3.891968836358229e7 3.6143622667687334e7 1.4386295822450072e7 1.845142292246574e7 1.4648445026415547e7 2.936273408255531e6 2.4195749878200777e7 2.486425178142408e7 1.6714498600093776e7 1.387756441217408e7 2.571420990277696e6 5.287705220947201e6 3.631791338476149e7 3.524045411553872e7 5.086112577813812e7 2.6619331121310048e7 2.218347201000188e7 2.7897744628149733e7
