3.117223525487901e6 2.2111123185230508e6 166699.44058399153 4.735796550088184e6 4.324672907298406e6 1.5965343811493628e6 4.457785348822375e6 2.845852808437411e6 3.53423766402586e6 4.118608227533974e6 1.6059940694344302e6 1.5775395910156288e6 2.2111123185230508e6 1.5683885499866947e6 118243.42513534507 3.3592002640490765e6 3.067581602898921e6 1.1324554714286667e6 3.1620010620091753e6 2.018623351835025e6 2.506909232405009e6 2.921415584288392e6 1.1391654276206044e6 1.1189820666153608e6 166699.44058399153 118243.42513534507 8914.568770510705 253255.7030846011 231270.08649229017 85377.70424052345 238388.52678230492 152187.37677037303 189000.06260916774 220250.38689103245 85883.57901412439 84361.92180996832 4.735796550088184e6 3.3592002640490765e6 253255.7030846011 7.194790101013625e6 6.570196480035233e6 2.425511662068223e6 6.772425622792765e6 4.323520531030001e6 5.369339221147345e6 6.257135709274279e6 2.439883156052865e6 2.3966541031381474e6 4.324672907298406e6 3.067581602898921e6 231270.08649229017 6.570196480035233e6 5.999825037312179e6 2.214948311300968e6 6.184498277705791e6 3.9481873655120796e6 4.903216515785135e6 5.713941676545203e6 2.228072188143106e6 2.1885959327822276e6 1.5965343811493628e6 1.1324554714286667e6 85377.70424052345 2.425511662068223e6 2.214948311300968e6 817689.8478247647 2.283123912990772e6 1.4575476590661425e6 1.8101146406840165e6 2.1094090892033298e6 822534.7739131826 807961.3714215602 4.457785348822375e6 3.1620010620091753e6 238388.52678230492 6.772425622792765e6 6.184498277705791e6 2.283123912990772e6 6.37485571813947e6 4.069711668293561e6 5.0541363970634015e6 5.889815492575751e6 2.2966517397560985e6 2.255960414297215e6 2.845852808437411e6 2.018623351835025e6 152187.37677037303 4.323520531030001e6 3.9481873655120796e6 1.4575476590661425e6 4.069711668293561e6 2.5981063408096414e6 3.2265636710408907e6 3.760061700851706e6 1.4661838316899163e6 1.4402064654026867e6 3.53423766402586e6 2.506909232405009e6 189000.06260916774 5.369339221147345e6 4.903216515785135e6 1.8101146406840165e6 5.0541363970634015e6 3.2265636710408907e6 4.0070388804934765e6 4.669585033636324e6 1.820839821715684e6 1.7885787764246827e6 4.118608227533974e6 2.921415584288392e6 220250.38689103245 6.257135709274279e6 5.713941676545203e6 2.1094090892033298e6 5.889815492575751e6 3.760061700851706e6 4.669585033636324e6 5.441680262327529e6 2.1219076314741117e6 2.0843123650558908e6 1.6059940694344302e6 1.1391654276206044e6 85883.57901412439 2.439883156052865e6 2.228072188143106e6 822534.7739131826 2.2966517397560985e6 1.4661838316899163e6 1.820839821715684e6 2.1219076314741117e6 827408.4068626 812748.6549340652 1.5775395910156288e6 1.1189820666153608e6 84361.92180996832 2.3966541031381474e6 2.1885959327822276e6 807961.3714215602 2.255960414297215e6 1.4402064654026867e6 1.7885787764246827e6 2.0843123650558908e6 812748.6549340652 798348.6397024551
8140.194754132069 312577.05356211966 139740.79962333918 33237.44805892075 197117.44420566113 173301.7818684147 219340.83315213487 347815.99591188907 183650.48317695598 217352.0801015555 27805.96375575863 159781.8128374663 312577.05356211966 1.200271214198901e7 5.365936409138799e6 1.2762917713863929e6 7.56915427413144e6 6.654651637910353e6 8.422514868916668e6 1.3355859714379095e7 7.052033600003616e6 8.346148321482748e6 1.0677270611760488e6 6.13549549833522e6 139740.79962333918 5.365936409138799e6 2.3988972830727203e6 570579.4160311846 3.3838685811571833e6 2.9750307340188315e6 3.765372247288061e6 5.9708750046604695e6 3.1526844437392997e6 3.73123179365822e6 477338.4085872028 2.742936620753485e6 33237.44805892075 1.2762917713863929e6 570579.4160311846 135712.7177956867 804855.5361611161 707613.1649609416 895596.4530693593 1.4201768443334769e6 749868.2255103622 887476.1220186681 113535.27820585924 652409.4159110484 197117.44420566113 7.56915427413144e6 3.3838685811571833e6 804855.5361611161 4.773262554983526e6 4.196558602095905e6 5.3114090936143845e6 8.422476640770296e6 4.4471557455797205e6 5.263250796383544e6 673330.3900902543 3.869168186803023e6 173301.7818684147 6.654651637910353e6 2.9750307340188315e6 707613.1649609416 4.196558602095905e6 3.689531823980279e6 4.669686459586505e6 7.404875887431337e6 3.909851906111461e6 4.627346631391768e6 591978.842151833 3.4016966069322117e6 219340.83315213487 8.422514868916668e6 3.765372247288061e6 895596.4530693593 5.3114090936143845e6 4.669686459586505e6 5.910227278462989e6 9.37204239348541e6 4.948536393232848e6 5.856639524825214e6 749242.9162938934 4.305385437189718e6 347815.99591188907 1.3355859714379095e7 5.9708750046604695e6 1.4201768443334769e6 8.422476640770296e6 7.404875887431337e6 9.37204239348541e6 1.4861556838154301e7 7.8470574273997545e6 9.287066524504026e6 1.1880992123793808e6 6.827191736716124e6 183650.48317695598 7.052033600003616e6 3.1526844437392997e6 749868.2255103622 4.4471557455797205e6 3.909851906111461e6 4.948536393232848e6 7.8470574273997545e6 4.143328383391426e6 4.903668245763385e6 627328.8088536004 3.6048286333192745e6 217352.0801015555 8.346148321482748e6 3.73123179365822e6 887476.1220186681 5.263250796383544e6 4.627346631391768e6 5.856639524825214e6 9.287066524504026e6 4.903668245763385e6 5.803537648837257e6 742449.5658994825 4.266348709285105e6 27805.96375575863 1.0677270611760488e6 477338.4085872028 113535.27820585924 673330.3900902543 591978.842151833 749242.9162938934 1.1880992123793808e6 627328.8088536004 742449.5658994825 94981.95605136972 545796.1917106136 159781.8128374663 6.13549549833522e6 2.742936620753485e6 652409.4159110484 3.869168186803023e6 3.4016966069322117e6 4.305385437189718e6 6.827191736716124e6 3.6048286333192745e6 4.266348709285105e6 545796.1917106136 3.136316572851975e6
1.2290966415005853e7 833517.5634461757 9.183019366376212e6 1.3799284386164593e7 1.718752043184197e7 3.329620344570924e6 9.346521904577736e6 1.937082409194121e7 4.580021807027612e6 4.484145245749346e6 1.1258415093032952e7 1.967401159835713e7 833517.5634461757 56525.378486514936 622750.6990822168 935804.8432069765 1.1655796353441956e6 225799.74129774323 633838.6992164141 1.3136413813113186e6 310596.2939141419 304094.380634915 763494.6187106643 1.3342021820719966e6 9.183019366376212e6 622750.6990822168 6.860961281310311e6 1.0309937516839433e7 1.2841409508116085e7 2.4876781104490934e6 6.983119858924123e6 1.4472633540173765e7 3.421897638660165e6 3.3502648402884314e6 8.41156344775307e6 1.4699155739409583e7 1.3799284386164593e7 935804.8432069765 1.0309937516839433e7 1.5492699527497264e7 1.9296731788514033e7 3.738223381409479e6 1.0493504695067827e7 2.1747965246469025e7 5.142071117601322e6 5.034428814272671e6 1.2640020838115308e7 2.2088359197774388e7 1.718752043184197e7 1.1655796353441956e6 1.2841409508116085e7 1.9296731788514033e7 2.4034795037298497e7 4.656095848795158e6 1.3070049235954393e7 2.7087897210050073e7 6.40464026412616e6 6.270567783552699e6 1.5743614692935415e7 2.751187049947675e7 3.329620344570924e6 225799.74129774323 2.4876781104490934e6 3.738223381409479e6 4.656095848795158e6 901993.4856746021 2.5319709153598715e6 5.24755237382213e6 1.2407269918693663e6 1.2147540505870706e6 3.0499023978798343e6 5.329685808695867e6 9.346521904577736e6 633838.6992164141 6.983119858924123e6 1.0493504695067827e7 1.3070049235954393e7 2.5319709153598715e6 7.107453455091865e6 1.4730317012664655e7 3.4828241081648814e6 3.4099158965673908e6 8.561330307549372e6 1.4960872411990376e7 1.937082409194121e7 1.3136413813113186e6 1.4472633540173765e7 2.1747965246469025e7 2.7087897210050073e7 5.24755237382213e6 1.4730317012664655e7 3.0528830144944407e7 7.2182116332911905e6 7.067108136596735e6 1.774350128033389e7 3.100666009381538e7 4.580021807027612e6 310596.2939141419 3.421897638660165e6 5.142071117601322e6 6.40464026412616e6 1.2407269918693663e6 3.4828241081648814e6 7.2182116332911905e6 1.7066680555923134e6 1.6709412684048417e6 4.195258932259897e6 7.331189355637572e6 4.484145245749346e6 304094.380634915 3.3502648402884314e6 5.034428814272671e6 6.270567783552699e6 1.2147540505870706e6 3.4099158965673908e6 7.067108136596735e6 1.6709412684048417e6 1.6359623731806353e6 4.10743686130822e6 7.177720823147217e6 1.1258415093032952e7 763494.6187106643 8.41156344775307e6 1.2640020838115308e7 1.5743614692935415e7 3.0499023978798343e6 8.561330307549372e6 1.774350128033389e7 4.195258932259897e6 4.10743686130822e6 1.0312607335114243e7 1.8021218319254823e7 1.967401159835713e7 1.3342021820719966e6 1.4699155739409583e7 2.2088359197774388e7 2.751187049947675e7 5.329685808695867e6 1.4960872411990376e7 3.100666009381538e7 7.331189355637572e6 7.177720823147217e6 1.8021218319254823e7 3.1491968922779493e7
1.850868628271888e7 1.4921594595457735e7 9.400326796779884e6 2.6450890683128584e7 1.2151391466959795e7 3.1158144448089704e7 1.7279468553676195e7 2.6283334343018264e7 1.450522186550418e7 1.134396274407612e7 3.3700567255358085e7 3.319604081922433e7 1.4921594595457735e7 1.202970226358422e7 7.578488466646714e6 2.132455331694325e7 9.796380708552556e6 2.511951376231387e7 1.3930606453881772e7 2.118947037584012e7 1.1694025004697844e7 9.145436396051703e6 2.716920015500643e7 2.67624538939437e7 9.400326796779884e6 7.578488466646714e6 4.77430664372778e6 1.3434071586132228e7 6.171537465177941e6 1.5824826015166014e7 8.776022717014618e6 1.334897184810382e7 7.367018042920032e6 5.761454667064935e6 1.711609028313428e7 1.685984771114255e7 2.6450890683128584e7 2.132455331694325e7 1.3434071586132228e7 3.780114953831515e7 1.7365637000425726e7 4.452831822294432e7 2.469420718436352e7 3.7561693621897064e7 2.072951218894486e7 1.6211735067182904e7 4.8161712118011735e7 4.7440689923077114e7 1.2151391466959795e7 9.796380708552556e6 6.171537465177941e6 1.7365637000425726e7 7.977676660993845e6 2.0456060726812452e7 1.1344380877684694e7 1.7255632289645545e7 9.52302213730937e6 7.447580556734539e6 2.2125221591810737e7 2.179398802194817e7 3.1158144448089704e7 2.511951376231387e7 1.5824826015166014e7 4.452831822294432e7 2.0456060726812452e7 5.245266739187558e7 2.9088838016794004e7 4.424624824949487e7 2.4418577917058807e7 1.909680808214282e7 5.6732667380364716e7 5.5883330623837985e7 1.7279468553676195e7 1.3930606453881772e7 8.776022717014618e6 2.469420718436352e7 1.1344380877684694e7 2.9088838016794004e7 1.613188688471432e7 2.4537778766609818e7 1.35418862938476e7 1.059057593370928e7 3.146241085050512e7 3.0991391538031757e7 2.6283334343018264e7 2.118947037584012e7 1.334897184810382e7 3.7561693621897064e7 1.7255632289645545e7 4.424624824949487e7 2.4537778766609818e7 3.732375456770693e7 2.0598198607248828e7 1.61090398866222e7 4.785662597506805e7 4.714017118172186e7 1.450522186550418e7 1.1694025004697844e7 7.367018042920032e6 2.072951218894486e7 9.52302213730937e6 2.4418577917058807e7 1.35418862938476e7 2.0598198607248828e7 1.1367714496514399e7 8.890241799088199e6 2.641106978450044e7 2.60156733862177e7 1.134396274407612e7 9.145436396051703e6 5.761454667064935e6 1.6211735067182904e7 7.447580556734539e6 1.909680808214282e7 1.059057593370928e7 1.61090398866222e7 8.890241799088199e6 6.952707975775547e6 2.0655057498919103e7 2.0345833548203245e7 3.3700567255358085e7 2.716920015500643e7 1.711609028313428e7 4.8161712118011735e7 2.2125221591810737e7 5.6732667380364716e7 3.146241085050512e7 4.785662597506805e7 2.641106978450044e7 2.0655057498919103e7 6.1361904134347774e7 6.044326372771304e7 3.319604081922433e7 2.67624538939437e7 1.685984771114255e7 4.7440689923077114e7 2.179398802194817e7 5.5883330623837985e7 3.0991391538031757e7 4.714017118172186e7 2.60156733862177e7 2.0345833548203245e7 6.044326372771304e7 5.9538376156955995e7
1.0089971573264378e8 7.80717268216365e7 3.2457069601878252e7 3.595280113535166e7 7.0087186087915925e6 7.154488802486025e6 1.2219049553539889e7 9.267452480434917e7 8.572902943411157e7 1.073138870641604e8 5.044679428522338e7 6.768134481720959e7 7.80717268216365e7 6.040844104122957e7 2.5113841530565087e7 2.781868361402816e7 5.4230357402113965e6 5.535826253625765e6 9.454558834355298e6 7.170743873076464e7 6.6333322329654716e7 8.303472823690537e7 3.903349294758272e7 5.2368824085602984e7 3.2457069601878252e7 2.5113841530565087e7 1.0440677255548958e7 1.1565172016188992e7 2.2545402239615163e6 2.301431072843152e6 3.9305813594055e6 2.981121879338063e7 2.757701600089058e7 3.4520357925673336e7 1.6227549318827273e7 2.1771499587785155e7 3.595280113535166e7 2.781868361402816e7 1.1565172016188992e7 1.281077850509693e7 2.4973615091563566e6 2.549302654354866e6 4.353917704044618e6 3.302198362414234e7 3.0547149953705445e7 3.823831229517629e7 1.7975308945948284e7 2.4116360617248505e7 7.0087186087915925e6 5.4230357402113965e6 2.2545402239615163e6 2.4973615091563566e6 486841.1786945126 496966.7004735872 848762.3514675057 6.437378557916191e6 5.954929005950693e6 7.454261211610184e6 3.504146501240715e6 4.701296702810721e6 7.154488802486025e6 5.535826253625765e6 2.301431072843152e6 2.549302654354866e6 496966.7004735872 507302.81699235376 866415.2576947242 6.571265787757997e6 6.078782052860745e6 7.60929798242622e6 3.577027172120951e6 4.799076192791111e6 1.2219049553539889e7 9.454558834355298e6 3.9305813594055e6 4.353917704044618e6 848762.3514675057 866415.2576947242 1.4797382817953676e6 1.1222971271154372e7 1.0381865312762082e7 1.2995811675966166e7 6.109153774245485e6 8.196273895984294e6 9.267452480434917e7 7.170743873076464e7 2.981121879338063e7 3.302198362414234e7 6.437378557916191e6 6.571265787757997e6 1.1222971271154372e7 8.511983889498012e7 7.874052971364284e7 9.856582267219508e7 4.633444855953447e7 6.216406481931177e7 8.572902943411157e7 6.6333322329654716e7 2.757701600089058e7 3.0547149953705445e7 5.954929005950693e6 6.078782052860745e6 1.0381865312762082e7 7.874052971364284e7 7.28393180728954e7 9.117880378562762e7 4.286191175794672e7 5.750517689612904e7 1.073138870641604e8 8.303472823690537e7 3.4520357925673336e7 3.823831229517629e7 7.454261211610184e6 7.60929798242622e6 1.2995811675966166e7 9.856582267219508e7 9.117880378562762e7 1.1413580576712714e8 5.3653685199847735e7 7.198383207847536e7 5.044679428522338e7 3.903349294758272e7 1.6227549318827273e7 1.7975308945948284e7 3.504146501240715e6 3.577027172120951e6 6.109153774245485e6 4.633444855953447e7 4.286191175794672e7 5.3653685199847735e7 2.522186544508082e7 3.383861742473097e7 6.768134481720959e7 5.2368824085602984e7 2.1771499587785155e7 2.4116360617248505e7 4.701296702810721e6 4.799076192791111e6 8.196273895984294e6 6.216406481931177e7 5.750517689612904e7 7.198383207847536e7 3.383861742473097e7 4.5399180790595844e7
2.5357540839613783e8 5.957283761105481e6 1.4846804225431287e8 6.531724332262648e7 4.8809595583516896e7 1.3720295968382046e8 1.621252752342537e7 6.812406852775425e6 1.7944006367892024e8 1.2339428536652234e8 1.100008059472216e8 1.2522284569191541e8 5.957283761105481e6 139955.3294020115 3.487981199592585e6 1.5345074486015681e6 1.146690891656037e6 3.2233289847379485e6 380883.2550153892 160044.85992854208 4.215611380486083e6 2.8989198009249675e6 2.584264850928184e6 2.9418784332370106e6 1.4846804225431287e8 3.487981199592585e6 8.692782833417755e7 3.824315339920259e7 2.8577949042237975e7 8.033213845378746e7 9.492411888919547e6 3.9886545579032465e6 1.050619029854012e8 7.224717921036625e7 6.440531599131721e7 7.331779868948744e7 6.531724332262648e7 1.5345074486015681e6 3.824315339920259e7 1.6824747723968066e7 1.2572623865115011e7 3.5341436138998665e7 4.1761052927815476e6 1.754774403519161e6 4.622108419454343e7 3.1784527580512434e7 2.833456703544098e7 3.2255537448777005e7 4.8809595583516896e7 1.146690891656037e6 2.8577949042237975e7 1.2572623865115011e7 9.395140625406e6 2.6409583710763525e7 3.1206768700883286e6 1.3112897087989547e6 3.4539614842958935e7 2.3751613786807433e7 2.1173562870722692e7 2.4103585180827904e7 1.3720295968382046e8 3.2233289847379485e6 8.033213845378746e7 3.5341436138998665e7 2.6409583710763525e7 7.423689964679863e7 8.772170670013757e6 3.686013516385467e6 9.709028165751757e7 6.676539049050255e7 5.951853233333597e7 6.775477621284518e7 1.621252752342537e7 380883.2550153892 9.492411888919547e6 4.1761052927815476e6 3.1206768700883286e6 8.772170670013757e6 1.0365596978047835e6 435556.1696615821 1.1472630526754204e7 7.889303069219143e6 7.03298125515497e6 8.006213398935998e6 6.812406852775425e6 160044.85992854208 3.9886545579032465e6 1.754774403519161e6 1.3112897087989547e6 3.686013516385467e6 435556.1696615821 183018.0908364788 4.820730555855246e6 3.315037844328387e6 2.9552165526832123e6 3.3641628638648265e6 1.7944006367892024e8 4.215611380486083e6 1.050619029854012e8 4.622108419454343e7 3.4539614842958935e7 9.709028165751757e7 1.1472630526754204e7 4.820730555855246e6 1.2697893954603747e8 8.731871345029396e7 7.784095369794789e7 8.8612675602636e7 1.2339428536652234e8 2.8989198009249675e6 7.224717921036625e7 3.1784527580512434e7 2.3751613786807433e7 6.676539049050255e7 7.889303069219143e6 3.315037844328387e6 8.731871345029396e7 6.004584497140322e7 5.352834064411447e7 6.093565481545941e7 1.100008059472216e8 2.584264850928184e6 6.440531599131721e7 2.833456703544098e7 2.1173562870722692e7 5.951853233333597e7 7.03298125515497e6 2.9552165526832123e6 7.784095369794789e7 5.352834064411447e7 4.771826016399546e7 5.4321568626230635e7 1.2522284569191541e8 2.9418784332370106e6 7.331779868948744e7 3.2255537448777005e7 2.4103585180827904e7 6.775477621284518e7 8.006213398935998e6 3.3641628638648265e6 8.8612675602636e7 6.093565481545941e7 5.4321568626230635e7 6.183865061033295e7
