3.185386747072277e7 1.191483226662795e7 3.969605197715547e7 1.2997790182631006e7 2.4904698734215662e7 3.630152932133336e7 4.3704479048720405e7 1.5404367770241853e7 4.610034441218934e7 4.60947326243759e7 4.540451818473461e7 2.0246757252290115e7 1.191483226662795e7 4.456703038409966e6 1.4848175072928451e7 4.861779813870682e6 9.315519013250547e6 1.357846526119013e7 1.6347513771898156e7 5.761952087123339e6 1.7243679173647042e7 1.72415801032414e7 1.6983407707569532e7 7.573231628024225e6 3.969605197715547e7 1.4848175072928451e7 4.94689237977568e7 1.6197749147795217e7 3.1036049746156335e7 4.5238694990940936e7 5.446419570706975e7 1.9196808181762185e7 5.744990524723603e7 5.744291187913302e7 5.658277179421032e7 2.5231357824743327e7 1.2997790182631006e7 4.861779813870682e6 1.6197749147795217e7 5.303674656993405e6 1.0162221243825192e7 1.4812633406633943e7 1.783336510828935e7 6.285665009365469e6 1.8810984398280565e7 1.8808694540051714e7 1.852705644773136e7 8.261574607410092e6 2.4904698734215662e7 9.315519013250547e6 3.1036049746156335e7 1.0162221243825192e7 1.947154516204715e7 2.8382068587748475e7 3.4170007301142484e7 1.204378522832568e7 3.6043196016446136e7 3.60388084837554e7 3.549916968802452e7 1.582976981292878e7 3.630152932133336e7 1.357846526119013e7 4.5238694990940936e7 1.4812633406633943e7 2.8382068587748475e7 4.137020511807023e7 4.9806806947976686e7 1.7555234346410397e7 5.253719994725293e7 5.2530804602008216e7 5.174421754969266e7 2.3073752433090393e7 4.3704479048720405e7 1.6347513771898156e7 5.446419570706975e7 1.783336510828935e7 3.4170007301142484e7 4.9806806947976686e7 5.99638800743934e7 2.1135263060038187e7 6.325108052744743e7 6.3243380983172506e7 6.2296385691497095e7 2.7779169325374335e7 1.5404367770241853e7 5.761952087123339e6 1.9196808181762185e7 6.285665009365469e6 1.204378522832568e7 1.7555234346410397e7 2.1135263060038187e7 7.44947365085153e6 2.229389132458977e7 2.2291177492638085e7 2.1957393311538626e7 9.79122849543304e6 4.610034441218934e7 1.7243679173647042e7 5.744990524723603e7 1.8810984398280565e7 3.6043196016446136e7 5.253719994725293e7 6.325108052744743e7 2.229389132458977e7 6.671848424295134e7 6.671036261215704e7 6.571145334580265e7 2.9302014376070615e7 4.60947326243759e7 1.72415801032414e7 5.744291187913302e7 1.8808694540051714e7 3.60388084837554e7 5.2530804602008216e7 6.3243380983172506e7 2.2291177492638085e7 6.671036261215704e7 6.6702241970007606e7 6.5703454300724104e7 2.9298447446381006e7 4.540451818473461e7 1.6983407707569532e7 5.658277179421032e7 1.852705644773136e7 3.549916968802452e7 5.174421754969266e7 6.2296385691497095e7 2.1957393311538626e7 6.571145334580265e7 6.5703454300724104e7 6.471962230277713e7 2.8859737634321705e7 2.0246757252290115e7 7.573231628024225e6 2.5231357824743327e7 8.261574607410092e6 1.582976981292878e7 2.3073752433090393e7 2.7779169325374335e7 9.79122849543304e6 2.9302014376070615e7 2.9298447446381006e7 2.8859737634321705e7 1.2869117999876607e7
2.257791069423622e7 1.4982163620451626e6 4.221605808845495e6 3.153401051186698e7 1.7202216551660516e6 2.2473436551329866e7 3.357293617740608e7 3.043777464752111e7 2.1668117618844453e7 3.5198061068400584e7 2.4642566820045593e6 1.798508197885041e7 1.4982163620451626e6 99418.06830128287 280135.70354549517 2.0925218081336503e6 114149.81062761154 1.4912837068303954e6 2.227820057580812e6 2.0197782079455701e6 1.4378446611341785e6 2.335659473504996e6 163522.20235333202 1.1934471908561513e6 4.221605808845495e6 280135.70354549517 789353.62295625 5.896212619313664e6 321646.13592012797 4.202071288821009e6 6.277449862653519e6 5.69123901677529e6 4.0514931804479617e6 6.581314855868909e6 460765.41200477525 3.362841123021183e6 3.153401051186698e7 2.0925218081336503e6 5.896212619313664e6 4.4042774038272284e7 2.4025911206476465e6 3.138809405550203e7 4.689049118273061e7 4.251168846804753e7 3.0263324982476886e7 4.9160263000403695e7 3.4417664755006675e6 2.5119320022939075e7 1.7202216551660516e6 114149.81062761154 321646.13592012797 2.4025911206476465e6 131064.49852588252 1.7122617209867435e6 2.5579378279065075e6 2.3190683935647174e6 1.6509040920308335e6 2.6817568591577816e6 187752.87783178504 1.3702918710655207e6 2.2473436551329866e7 1.4912837068303954e6 4.202071288821009e6 3.138809405550203e7 1.7122617209867435e6 2.236944583874104e7 3.3417585056592252e7 3.0296930773110345e7 2.1567853336321592e7 3.5035190052039206e7 2.4528538950841823e6 1.79018601054766e7 3.357293617740608e7 2.227820057580812e6 6.277449862653519e6 4.689049118273061e7 2.5579378279065075e6 3.3417585056592252e7 4.9922335987444736e7 4.526040870045456e7 3.222009067861636e7 5.233886668351134e7 3.664304170128806e6 2.674348470939362e7 3.043777464752111e7 2.0197782079455701e6 5.69123901677529e6 4.251168846804753e7 2.3190683935647174e6 3.0296930773110345e7 4.526040870045456e7 4.1033828950780146e7 2.9211262727101516e7 4.745127506874061e7 3.3221182675530217e6 2.4246081920644272e7 2.1668117618844453e7 1.4378446611341785e6 4.0514931804479617e6 3.0263324982476886e7 1.6509040920308335e6 2.1567853336321592e7 3.222009067861636e7 2.9211262727101516e7 2.079498530676424e7 3.3779729998669565e7 2.3649576947936667e6 1.726036022464095e7 3.5198061068400584e7 2.335659473504996e6 6.581314855868909e6 4.9160263000403695e7 2.6817568591577816e6 3.5035190052039206e7 5.233886668351134e7 4.745127506874061e7 3.3779729998669565e7 5.4872371485246815e7 3.8416777511460907e6 2.8038024526927218e7 2.4642566820045593e6 163522.20235333202 460765.41200477525 3.4417664755006675e6 187752.87783178504 2.4528538950841823e6 3.664304170128806e6 3.3221182675530217e6 2.3649576947936667e6 3.8416777511460907e6 268960.2717028351 1.9629743001019158e6 1.798508197885041e7 1.1934471908561513e6 3.362841123021183e6 2.5119320022939075e7 1.3702918710655207e6 1.79018601054766e7 2.674348470939362e7 2.4246081920644272e7 1.726036022464095e7 2.8038024526927218e7 1.9629743001019158e6 1.4326532608198538e7
53818.45922403656 743097.4895939906 1.858380085495162e6 1.0684843492749955e6 1.109786348325529e6 240578.90787183805 343924.67353684513 441535.30066526437 1.2119465097307365e6 891742.8511355646 513952.00477750634 1.5120097158475579e6 743097.4895939906 1.0260306352179412e7 2.5659552431522477e7 1.4753080059603501e7 1.5323356731440239e7 3.321789309214977e6 4.748734267006276e6 6.096491393884928e6 1.6733931477935793e7 1.2312724734160919e7 7.0963838435454685e6 2.0877049255736236e7 1.858380085495162e6 2.5659552431522477e7 6.4170854980972014e7 3.6895334147155814e7 3.832151419083069e7 8.307317931902439e6 1.187590230984989e7 1.5246449296953747e7 4.1849159021688595e7 3.0792356002508298e7 1.7747036692426424e7 5.221050148071388e7 1.0684843492749955e6 1.4753080059603501e7 3.6895334147155814e7 2.121314547287745e7 2.203313438031826e7 4.77633142109582e6 6.82810575222687e6 8.766017556343561e6 2.4061370326770626e7 1.770420955475189e7 1.0203742011588665e7 3.0018672786776908e7 1.109786348325529e6 1.5323356731440239e7 3.832151419083069e7 2.203313438031826e7 2.28848197567804e7 4.960959334413398e6 7.092044496380466e6 9.104865803428065e6 2.4991456663613208e7 1.8388561409523524e7 1.0598165142971432e7 3.117903718123809e7 240578.90787183805 3.321789309214977e6 8.307317931902439e6 4.77633142109582e6 4.960959334413398e6 1.0754341864725219e6 1.5374097204313609e6 1.9737480773784553e6 5.417634988329158e6 3.98626278644739e6 2.2974647321878555e6 6.75897547746501e6 343924.67353684513 4.748734267006276e6 1.187590230984989e7 6.82810575222687e6 7.092044496380466e6 1.5374097204313609e6 2.197836630272705e6 2.8216133706866126e6 7.744894850447555e6 5.698646400836364e6 3.2843893713286673e6 9.662436558108628e6 441535.30066526437 6.096491393884928e6 1.5246449296953747e7 8.766017556343561e6 9.104865803428065e6 1.9737480773784553e6 2.8216133706866126e6 3.6224266644648705e6 9.943004208585422e6 7.31600186198549e6 4.216544959273015e6 1.240477104178011e7 1.2119465097307365e6 1.6733931477935793e7 4.1849159021688595e7 2.4061370326770626e7 2.4991456663613208e7 5.417634988329158e6 7.744894850447555e6 9.943004208585422e6 2.7292017713366795e7 2.0081300200589877e7 1.1573767576033097e7 3.40491891485066e7 891742.8511355646 1.2312724734160919e7 3.0792356002508298e7 1.770420955475189e7 1.8388561409523524e7 3.98626278644739e6 5.698646400836364e6 7.31600186198549e6 2.0081300200589877e7 1.4775698227277173e7 8.51590760298912e6 2.5053185735803895e7 513952.00477750634 7.0963838435454685e6 1.7747036692426424e7 1.0203742011588665e7 1.0598165142971432e7 2.2974647321878555e6 3.2843893713286673e6 4.216544959273015e6 1.1573767576033097e7 8.51590760298912e6 4.908105267659613e6 1.4439291572209284e7 1.5120097158475579e6 2.0877049255736236e7 5.221050148071388e7 3.0018672786776908e7 3.117903718123809e7 6.75897547746501e6 9.662436558108628e6 1.240477104178011e7 3.40491891485066e7 2.5053185735803895e7 1.4439291572209284e7 4.247935399451858e7
6.008514026461437e7 7.833250132250389e6 2.0721409643249832e7 1.6323160980355053e6 4.980735090020447e7 2.7623864117418606e7 5.299789027615643e7 5.792780932389538e7 6.313480564453401e7 9.743872803632502e6 4.71147505008438e7 4.608734168088011e7 7.833250132250389e6 1.0212143529027766e6 2.7014330683687045e6 212803.7021216917 6.493343217771254e6 3.6013003597575077e6 6.909291202223981e6 7.552000678520693e6 8.2308324901406905e6 1.2703006532321544e6 6.142311126616913e6 6.008368686948591e6 2.0721409643249832e7 2.7014330683687045e6 7.146139889370245e6 562932.7049201311 1.7176934541601487e7 9.52657182434181e6 1.8277247748841424e7 1.997741640362645e7 2.1773139993447047e7 3.360344654045822e6 1.6248344283926923e7 1.589402441489113e7 1.6323160980355053e6 212803.7021216917 562932.7049201311 44344.67211313179 1.353102286469777e6 750449.743318031 1.4397787719010618e6 1.5737084954266527e6 1.7151654992575252e6 264709.05059943045 1.2799531690990436e6 1.2520418427926614e6 4.980735090020447e7 6.493343217771254e6 1.7176934541601487e7 1.353102286469777e6 4.128761608562121e7 2.289869820152721e7 4.39324016941612e7 4.801903953571325e7 5.233535953989334e7 8.077146690848254e6 3.905559511780183e7 3.820392844300448e7 2.7623864117418606e7 3.6013003597575077e6 9.52657182434181e6 750449.743318031 2.289869820152721e7 1.269994320421022e7 2.4365533858303994e7 2.6632041239078406e7 2.9025933608934943e7 4.479700257327549e6 2.1660787676114816e7 2.118844124385678e7 5.299789027615643e7 6.909291202223981e6 1.8277247748841424e7 1.4397787719010618e6 4.39324016941612e7 2.4365533858303994e7 4.674660592209143e7 5.1095023977067225e7 5.568783708284066e7 8.594549325132616e6 4.155740281932471e7 4.065118042108462e7 5.792780932389538e7 7.552000678520693e6 1.997741640362645e7 1.5737084954266527e6 4.801903953571325e7 2.6632041239078406e7 5.1095023977067225e7 5.584793641634877e7 6.086797778903765e7 9.39402327030144e6 4.542311578763359e7 4.4432595636420846e7 6.313480564453401e7 8.2308324901406905e6 2.1773139993447047e7 1.7151654992575252e6 5.233535953989334e7 2.9025933608934943e7 5.568783708284066e7 6.086797778903765e7 6.633925902841803e7 1.0238430217074685e7 4.950609423164297e7 4.842653852318957e7 9.743872803632502e6 1.2703006532321544e6 3.360344654045822e6 264709.05059943045 8.077146690848254e6 4.479700257327549e6 8.594549325132616e6 9.39402327030144e6 1.0238430217074685e7 1.5801420583398957e6 7.640493706652231e6 7.473881116335086e6 4.71147505008438e7 6.142311126616913e6 1.6248344283926923e7 1.2799531690990436e6 3.905559511780183e7 2.1660787676114816e7 4.155740281932471e7 4.542311578763359e7 4.950609423164297e7 7.640493706652231e6 3.694423787613351e7 3.613861255842973e7 4.608734168088011e7 6.008368686948591e6 1.589402441489113e7 1.2520418427926614e6 3.820392844300448e7 2.118844124385678e7 4.065118042108462e7 4.4432595636420846e7 4.842653852318957e7 7.473881116335086e6 3.613861255842973e7 3.535055512654083e7
2.8224320324554145e6 253302.74805267405 4.879322425394392e6 1.1338562885586025e7 1.0122475742664434e7 6.89352112486833e6 1.8385038463387263e6 9.23665159091158e6 8.600531252716597e6 4.586428996129129e6 1.023447735917149e7 1.260332578552378e7 253302.74805267405 22732.976891286762 437900.9892090155 1.0175937294009463e6 908454.4439792236 618667.8101046149 164998.86311801456 828955.0302288692 771865.6024218842 411614.8963407599 918506.1713268961 1.1311014824682872e6 4.879322425394392e6 437900.9892090155 8.43520306501223e6 1.9601713530459795e7 1.749938433370354e7 1.1917279788395172e7 3.1783415662308247e6 1.596800232028319e7 1.4868299583171036e7 7.928859081798088e6 1.7693008836550422e7 2.1788191684587184e7 1.1338562885586025e7 1.0175937294009463e6 1.9601713530459795e7 4.5550435522283845e7 4.0665045764156185e7 2.7693358734111518e7 7.385825854225503e6 3.710642230228925e7 3.455093456175745e7 1.8425072063699663e7 4.111499012329377e7 5.0631370514303684e7 1.0122475742664434e7 908454.4439792236 1.749938433370354e7 4.0665045764156185e7 3.630362537789419e7 2.4723181839499906e7 6.59367891710356e6 3.3126672528268326e7 3.084526676942268e7 1.6448940390738456e7 3.670531216191413e7 4.520103870486275e7 6.89352112486833e6 618667.8101046149 1.1917279788395172e7 2.7693358734111518e7 2.4723181839499906e7 1.683676806121871e7 4.490370346265511e6 2.255964081076715e7 2.1005977537788134e7 1.1201915514337277e7 2.499673510864244e7 3.0782421524079118e7 1.8385038463387263e6 164998.86311801456 3.1783415662308247e6 7.385825854225503e6 6.59367891710356e6 4.490370346265511e6 1.197582919317185e6 6.016661971628863e6 5.602299579529616e6 2.987553731455912e6 6.666635643918071e6 8.2096796900322e6 9.23665159091158e6 828955.0302288692 1.596800232028319e7 3.710642230228925e7 3.3126672528268326e7 2.255964081076715e7 6.016661971628863e6 3.0227736799623758e7 2.8145978278520133e7 1.5009483380488925e7 3.349320745183726e7 4.124546767787369e7 8.600531252716597e6 771865.6024218842 1.4868299583171036e7 3.455093456175745e7 3.084526676942268e7 2.1005977537788134e7 5.602299579529616e6 2.8145978278520133e7 2.6207588695981614e7 1.3975793027426004e7 3.1186558744586986e7 3.840492740307593e7 4.586428996129129e6 411614.8963407599 7.928859081798088e6 1.8425072063699663e7 1.6448940390738456e7 1.1201915514337277e7 2.987553731455912e6 1.5009483380488925e7 1.3975793027426004e7 7.452909651905443e6 1.6630942102614721e7 2.0480301444177054e7 1.023447735917149e7 918506.1713268961 1.7693008836550422e7 4.111499012329377e7 3.670531216191413e7 2.499673510864244e7 6.666635643918071e6 3.349320745183726e7 3.1186558744586986e7 1.6630942102614721e7 3.7111443468231134e7 4.570117222273375e7 1.260332578552378e7 1.1311014824682872e6 2.1788191684587184e7 5.0631370514303684e7 4.520103870486275e7 3.0782421524079118e7 8.2096796900322e6 4.124546767787369e7 3.840492740307593e7 2.0480301444177054e7 4.570117222273375e7 5.6279059700814195e7
1.212600187688554e6 3.8465621847922844e6 2.5787946328224186e6 3.578872023084329e6 6.278362275246402e6 5.663036636329782e6 848833.1337256852 2.886563204348764e6 6.629131946092797e6 1.160753935521247e6 2.8678245066077695e6 6.438315160445275e6 3.8465621847922844e6 1.2201911884640275e7 8.180349976580869e6 1.135275577884292e7 1.9915971608435884e7 1.7964060040203683e7 2.692634774873187e6 9.156641223209674e6 2.102866923552575e7 3.682097561551447e6 9.097199070013111e6 2.0423367802005026e7 2.5787946328224186e6 8.180349976580869e6 5.484232829412818e6 7.611062622611613e6 1.3351974626676036e7 1.2043382997557998e7 1.8051838946076832e6 6.138753543215817e6 1.409794428239565e7 2.4685350120682213e6 6.098902606648941e6 1.3692140862870991e7 3.578872023084329e6 1.135275577884292e7 7.611062622611613e6 1.0562694190267954e7 1.85299782449304e7 1.671390421116092e7 2.505248791317278e6 8.519411756483898e6 1.956524095912445e7 3.42585283071801e6 8.464106304798197e6 1.9002063695404448e7 6.278362275246402e6 1.9915971608435884e7 1.3351974626676036e7 1.85299782449304e7 3.250686686299716e7 2.9320955036832873e7 4.394920913645206e6 1.494547808197467e7 3.4323012935793445e7 6.009922968519415e6 1.4848456545792522e7 3.333503938881846e7 5.663036636329782e6 1.7964060040203683e7 1.2043382997557998e7 1.671390421116092e7 2.9320955036832873e7 2.6447285980999902e7 3.964186368453543e6 1.3480711404530196e7 3.095910544872005e7 5.420906354262516e6 1.3393198691847341e7 3.0067960569377385e7 848833.1337256852 2.692634774873187e6 1.8051838946076832e6 2.505248791317278e6 4.394920913645206e6 3.964186368453543e6 594192.2953879881 2.020625194785087e6 4.640463444434378e6 812540.2012769477 2.0075079054370234e6 4.506889648410646e6 2.886563204348764e6 9.156641223209674e6 6.138753543215817e6 8.519411756483898e6 1.494547808197467e7 1.3480711404530196e7 2.020625194785087e6 6.871388621985165e6 1.5780476159120597e7 2.7631445497015053e6 6.82678163944818e6 1.532624176445818e7 6.629131946092797e6 2.102866923552575e7 1.409794428239565e7 1.956524095912445e7 3.4323012935793445e7 3.095910544872005e7 4.640463444434378e6 1.5780476159120597e7 3.624062638690197e7 6.3456950391741e6 1.5678034067255352e7 3.51974551401632e7 1.160753935521247e6 3.682097561551447e6 2.4685350120682213e6 3.42585283071801e6 6.009922968519415e6 5.420906354262516e6 812540.2012769477 2.7631445497015053e6 6.3456950391741e6 1.1111244353312925e6 2.7452070486436635e6 6.1630368661401e6 2.8678245066077695e6 9.097199070013111e6 6.098902606648941e6 8.464106304798197e6 1.4848456545792522e7 1.3393198691847341e7 2.0075079054370234e6 6.82678163944818e6 1.5678034067255352e7 2.7452070486436635e6 6.782464231988449e6 1.5226748425286904e7 6.438315160445275e6 2.0423367802005026e7 1.3692140862870991e7 1.9002063695404448e7 3.333503938881846e7 3.0067960569377385e7 4.506889648410646e6 1.532624176445818e7 3.51974551401632e7 6.1630368661401e6 1.5226748425286904e7 3.418431114070225e7
1.5352337536310616e6 4.053625678839539e6 8.656638800339108e6 1.936855552988686e6 1.7472816067477567e6 4.153520190600624e6 8.936585830140354e6 8.181441869063487e6 3.122096162232534e6 9.85502769550413e6 4.396248193112864e6 7.041367666223676e6 4.053625678839539e6 1.07031786562036e7 2.2856957939140074e7 5.114066432703426e6 4.61351606719482e6 1.0966939765606087e7 2.3596129069290914e7 2.1602249671706088e7 8.243571472487014e6 2.6021179665758315e7 1.1607837910028655e7 1.859200184886896e7 8.656638800339108e6 2.2856957939140074e7 4.881171687523034e7 1.0921241726869551e7 9.852301459837746e6 2.342022767210854e7 5.039023891754829e7 4.613224986680032e7 1.7604393280469075e7 5.556900695124966e7 2.478888481601681e7 3.970377566459717e7 1.936855552988686e6 5.114066432703426e6 1.0921241726869551e7 2.4435428313574097e6 2.2043757666610456e6 5.240093651268637e6 1.1274423747477688e7 1.0321731839253081e7 3.93884597344382e6 1.243313278629329e7 5.546320034332295e6 8.883410772271061e6 1.7472816067477567e6 4.61351606719482e6 9.852301459837746e6 2.2043757666610456e6 1.988617698157189e6 4.727208097872473e6 1.0170915022676941e7 9.31146990527019e6 3.553322864263721e6 1.121621289632106e7 5.003461908231427e6 8.013927638342983e6 4.153520190600624e6 1.0966939765606087e7 2.342022767210854e7 5.240093651268637e6 4.727208097872473e6 1.1237200806016723e7 2.4177614381349415e7 2.2134599314930648e7 8.44671986670368e6 2.6662426106377505e7 1.1893892763755575e7 1.905016920187567e7 8.936585830140354e6 2.3596129069290914e7 5.039023891754829e7 1.1274423747477688e7 1.0170915022676941e7 2.4177614381349415e7 5.2019808781938404e7 4.762412062935931e7 1.817370172962457e7 5.736605298768561e7 2.5590532526679896e7 4.098775600911189e7 8.181441869063487e6 2.1602249671706088e7 4.613224986680032e7 1.0321731839253081e7 9.31146990527019e6 2.2134599314930648e7 4.762412062935931e7 4.359986933491479e7 1.6638018933936289e7 5.251860572898392e7 2.3428125488290835e7 3.7524279350723796e7 3.122096162232534e6 8.243571472487014e6 1.7604393280469075e7 3.93884597344382e6 3.553322864263721e6 8.44671986670368e6 1.817370172962457e7 1.6638018933936289e7 6.34918586382877e6 2.004147190879367e7 8.940338615846911e6 1.4319530765650569e7 9.85502769550413e6 2.6021179665758315e7 5.556900695124966e7 1.243313278629329e7 1.121621289632106e7 2.6662426106377505e7 5.736605298768561e7 5.251860572898392e7 2.004147190879367e7 6.326174802335225e7 2.8220554424996648e7 4.520020042598523e7 4.396248193112864e6 1.1607837910028655e7 2.478888481601681e7 5.546320034332295e6 5.003461908231427e6 1.1893892763755575e7 2.5590532526679896e7 2.3428125488290835e7 8.940338615846911e6 2.8220554424996648e7 1.2588961211761288e7 2.0163444040013105e7 7.041367666223676e6 1.859200184886896e7 3.970377566459717e7 8.883410772271061e6 8.013927638342983e6 1.905016920187567e7 4.098775600911189e7 3.7524279350723796e7 1.4319530765650569e7 4.520020042598523e7 2.0163444040013105e7 3.229531561149823e7
9.373634768339992e6 6.041038970608538e6 1.982933306716998e6 1.4849882637505852e7 5.942160672946267e6 1.1110660053250985e7 4.991274732749945e6 2.084711554540503e7 5.859972424934421e6 4.340008971668873e6 2.05193909266506e7 1.9394196215838358e7 6.041038970608538e6 3.8932764873314924e6 1.2779436875922184e6 9.570323779323308e6 3.829552258226394e6 7.160501985587736e6 3.2167335210667634e6 1.343536851466997e7 3.7765842878033766e6 2.7970114025773387e6 1.3224159390093213e7 1.2499003645760419e7 1.982933306716998e6 1.2779436875922184e6 419477.03276942845 3.1413989994794265e6 1.2570266074422398e6 2.3503900486516505e6 1.055872684945416e6 4.410075790832428e6 1.2396402020156211e6 918101.5213479298 4.340747715009139e6 4.1027198716214965e6 1.4849882637505852e7 9.570323779323308e6 3.1413989994794265e6 2.352545408452587e7 9.413678982297456e6 1.7601709677581202e7 7.907268186214087e6 3.3026379502794787e7 9.283474865397105e6 6.875521125773353e6 3.2507192202862628e7 3.07246382829745e7 5.942160672946267e6 3.829552258226394e6 1.2570266074422398e6 9.413678982297456e6 3.7668710522377514e6 7.043300581957176e6 3.164082787286742e6 1.3215461579181021e7 3.714770049032051e6 2.7512305812030067e6 1.3007709475621756e7 1.2294422909072535e7 1.1110660053250985e7 7.160501985587736e6 2.3503900486516505e6 1.7601709677581202e7 7.043300581957176e6 1.316957294259597e7 5.916206269874408e6 2.471028791287743e7 6.945882055782445e6 5.14425465723706e6 2.4321832749000095e7 2.2988128563322205e7 4.991274732749945e6 3.2167335210667634e6 1.055872684945416e6 7.907268186214087e6 3.164082787286742e6 5.916206269874408e6 2.6577548702806914e6 1.1100675847105352e7 3.120319174155999e6 2.310968760311017e6 1.0926168982978962e7 1.0327025100344459e7 2.084711554540503e7 1.343536851466997e7 4.410075790832428e6 3.3026379502794787e7 1.3215461579181021e7 2.471028791287743e7 1.1100675847105352e7 4.6364322624491714e7 1.3032673584435968e7 9.652250246197535e6 4.563545776437115e7 4.313300650324361e7 5.859972424934421e6 3.7765842878033766e6 1.2396402020156211e6 9.283474865397105e6 3.714770049032051e6 6.945882055782445e6 3.120319174155999e6 1.3032673584435968e7 3.6633896742995307e6 2.713177281436952e6 1.2827794977968436e7 1.2124374144855533e7 4.340008971668873e6 2.7970114025773387e6 918101.5213479298 6.875521125773353e6 2.7512305812030067e6 5.14425465723706e6 2.310968760311017e6 9.652250246197535e6 2.713177281436952e6 2.0094315961386643e6 9.50051318573141e6 8.979546105139224e6 2.05193909266506e7 1.3224159390093213e7 4.340747715009139e6 3.2507192202862628e7 1.3007709475621756e7 2.4321832749000095e7 1.0926168982978962e7 4.563545776437115e7 1.2827794977968436e7 9.50051318573141e6 4.4918050938235484e7 4.245493916672311e7 1.9394196215838358e7 1.2499003645760419e7 4.1027198716214965e6 3.07246382829745e7 1.2294422909072535e7 2.2988128563322205e7 1.0327025100344459e7 4.313300650324361e7 1.2124374144855533e7 8.979546105139224e6 4.245493916672311e7 4.0126893798855565e7
22978.35127870993 158968.67558959787 717152.961673821 240811.1735702088 564669.9005894356 735202.1516996961 182153.87312943029 1.0736610700017672e6 452289.3379743859 204220.76281190693 267260.97144106537 77081.49479803 158968.67558959787 1.099776024493329e6 4.961402806043511e6 1.6659782447099094e6 3.9064955162898055e6 5.086270591337437e6 1.2601757024983075e6 7.427794808256315e6 3.1290250622855304e6 1.4128387105904191e6 1.8489630588135386e6 533264.6799538899 717152.961673821 4.961402806043511e6 2.2382300809982553e7 7.51570224666352e6 1.762331364265361e7 2.294561494535583e7 5.685011427088881e6 3.3508897433344476e7 1.4115923041108333e7 6.37371772715229e6 8.341198847733136e6 2.405708817580404e6 240811.1735702088 1.6659782447099094e6 7.51570224666352e6 2.5236806859154673e6 5.917692692195163e6 7.704856228139546e6 1.9089571495627216e6 1.1251877001433298e7 4.739953922273728e6 2.1402162828672533e6 2.800872325503518e6 807807.5314331986 564669.9005894356 3.9064955162898055e6 1.762331364265361e7 5.917692692195163e6 1.3876195587936208e7 1.8066854356868114e7 4.476248455966277e6 2.63841422872826e7 1.1114556149565343e7 5.0185201034045825e6 6.567669905668493e6 1.8942003051897094e6 735202.1516996961 5.086270591337437e6 2.294561494535583e7 7.704856228139546e6 1.8066854356868114e7 2.3523106479996737e7 5.828090877402116e6 3.435224395724418e7 1.4471190314585024e7 6.534130426501893e6 8.551128794469967e6 2.4662553089371272e6 182153.87312943029 1.2601757024983075e6 5.685011427088881e6 1.9089571495627216e6 4.476248455966277e6 5.828090877402116e6 1.443969286290561e6 8.511120748263285e6 3.585385813276926e6 1.6188978255416444e6 2.11862985702677e6 611040.0460748584 1.0736610700017672e6 7.427794808256315e6 3.3508897433344476e7 1.1251877001433298e7 2.63841422872826e7 3.435224395724418e7 8.511120748263285e6 5.016670165998343e7 2.1133172205000486e7 9.542193870121704e6 1.248774105185653e7 3.601624815391668e6 452289.3379743859 3.1290250622855304e6 1.4115923041108333e7 4.739953922273728e6 1.1114556149565343e7 1.4471190314585024e7 3.585385813276926e6 2.1133172205000486e7 8.90253799169847e6 4.0197345968159996e6 5.260572717915957e6 1.517216697987323e6 204220.76281190693 1.4128387105904191e6 6.37371772715229e6 2.1402162828672533e6 5.0185201034045825e6 6.534130426501893e6 1.6188978255416444e6 9.542193870121704e6 4.0197345968159996e6 1.8150179470064507e6 2.3752896278557517e6 685064.0185364728 267260.97144106537 1.8489630588135386e6 8.341198847733136e6 2.800872325503518e6 6.567669905668493e6 8.551128794469967e6 2.11862985702677e6 1.248774105185653e7 5.260572717915957e6 2.3752896278557517e6 3.1085096571659753e6 896534.0868010055 77081.49479803 533264.6799538899 2.405708817580404e6 807807.5314331986 1.8942003051897094e6 2.4662553089371272e6 611040.0460748584 3.601624815391668e6 1.517216697987323e6 685064.0185364728 896534.0868010055 258571.93878847788
2.8166341337410476e7 5.58069731117422e7 5.865638664479018e7 734350.9322376961 1.7168641976257857e7 3.1914518881684363e7 1.906333693556795e7 5.350410903196397e7 3.7892358151591495e7 5.804919339699616e7 1.6885801782250293e7 5.399776390351971e7 5.58069731117422e7 1.1057233918265958e8 1.162179834826467e8 1.4549956005659793e6 3.401684051387833e7 6.323337048886635e7 3.77708669734218e7 1.0600959273857364e8 7.50774758842281e7 1.1501492992139964e8 3.345643918546955e7 1.0698768867987366e8 5.865638664479018e7 1.162179834826467e8 1.2215188522384907e8 1.5292853160550578e6 3.575368521817184e7 6.646196382702219e7 3.969938618003647e7 1.1142227060550207e8 7.891081003376633e7 1.2088740569901256e8 3.5164670706856534e7 1.1245030653917865e8 734350.9322376961 1.4549956005659793e6 1.5292853160550578e6 19145.947470362946 447619.663821035 832073.161790247 497018.021705288 1.3949554851834495e6 987926.9799356958 1.5134546150696324e6 440245.47355416237 1.4078260213595182e6 1.7168641976257857e7 3.401684051387833e7 3.575368521817184e7 447619.663821035 1.046505344012929e7 1.9453323452996787e7 1.1619954569137836e7 3.261314209127973e7 2.3097083250806786e7 3.538357383746757e7 1.0292649720056443e7 3.2914046764983986e7 3.1914518881684363e7 6.323337048886635e7 6.646196382702219e7 832073.161790247 1.9453323452996787e7 3.616147739062473e7 2.1600151020325184e7 6.062405754063408e7 4.2934805241968066e7 6.577396959520425e7 1.9132844885900665e7 6.118340451192055e7 1.906333693556795e7 3.77708669734218e7 3.969938618003647e7 497018.021705288 1.1619954569137836e7 2.1600151020325184e7 1.290230814025916e7 3.621225936642952e7 2.5646028430663563e7 3.9288430091383055e7 1.142852473972914e7 3.654637124250241e7 5.350410903196397e7 1.0600959273857364e8 1.1142227060550207e8 1.3949554851834495e6 3.261314209127973e7 6.062405754063408e7 3.621225936642952e7 1.0163512715448314e8 7.197941819046962e7 1.1026886081953551e8 3.2075865616585348e7 1.0257286215369646e8 3.7892358151591495e7 7.50774758842281e7 7.891081003376633e7 987926.9799356958 2.3097083250806786e7 4.2934805241968066e7 2.5646028430663563e7 7.197941819046962e7 5.097683043347255e7 7.809394909549175e7 2.2716576538819835e7 7.264353522903661e7 5.804919339699616e7 1.1501492992139964e8 1.2088740569901256e8 1.5134546150696324e6 3.538357383746757e7 6.577396959520425e7 3.9288430091383055e7 1.1026886081953551e8 7.809394909549175e7 1.196360156853678e8 3.480065662696776e7 1.1128625483486144e8 1.6885801782250293e7 3.345643918546955e7 3.5164670706856534e7 440245.47355416237 1.0292649720056443e7 1.9132844885900665e7 1.142852473972914e7 3.2075865616585348e7 2.2716576538819835e7 3.480065662696776e7 1.012308621889552e7 3.2371813116833135e7 5.399776390351971e7 1.0698768867987366e8 1.1245030653917865e8 1.4078260213595182e6 3.2914046764983986e7 6.118340451192055e7 3.654637124250241e7 1.0257286215369646e8 7.264353522903661e7 1.1128625483486144e8 3.2371813116833135e7 1.0351924915102667e8
4.1400460871891186e7 6.227109625389809e7 6.683612759716907e7 4.569785778973637e7 1.2364403091068404e7 7.800755357316663e6 4.121149944402066e7 2.256484473559211e7 5.380165293121794e7 1.012579320908869e7 2.1050794333797786e7 3.479448907313265e7 6.227109625389809e7 9.366295318936886e7 1.0052928994485877e8 6.873487978375806e7 1.859749671358536e7 1.1733241067332769e7 6.198687634389249e7 3.394014435811122e7 8.092392784384114e7 1.523036773724268e7 3.1662836900227346e7 5.23349482722624e7 6.683612759716907e7 1.0052928994485877e8 1.0789899093171635e8 7.3773764586901e7 1.996086046516829e7 1.259339315157001e7 6.6531071811843924e7 3.64282621544993e7 8.685637948274429e7 1.6346890655139819e7 3.398400758071567e7 5.617157061527098e7 4.569785778973637e7 6.873487978375806e7 7.3773764586901e7 5.044132752611009e7 1.364783681657624e7 8.610479242592473e6 4.548928203292793e7 2.4907091468507737e7 5.938630229531644e7 1.1176857656465882e7 2.323588157155063e7 3.840618147828649e7 1.2364403091068404e7 1.859749671358536e7 1.996086046516829e7 1.364783681657624e7 3.692675409374938e6 2.3297248779701474e6 1.2307969051116899e7 6.739075607432695e6 1.6068065663950006e7 3.0241061625229316e6 6.2868987699354775e6 1.0391504809070375e7 7.800755357316663e6 1.1733241067332769e7 1.259339315157001e7 8.610479242592473e6 2.3297248779701474e6 1.4698334961295053e6 7.765150877565859e6 4.251711931489618e6 1.0137412084236981e7 1.9079216501309215e6 3.966431610104032e6 6.55604530302749e6 4.121149944402066e7 6.198687634389249e7 6.6531071811843924e7 4.548928203292793e7 1.2307969051116899e7 7.765150877565859e6 4.1023400480491616e7 2.2461853484018646e7 5.355608954990351e7 1.0079576710460044e7 2.0954713563889645e7 3.463567885221194e7 2.256484473559211e7 3.394014435811122e7 3.64282621544993e7 2.4907091468507737e7 6.739075607432695e6 4.251711931489618e6 2.2461853484018646e7 1.2298708932660239e7 2.932397174678335e7 5.518947054594995e6 1.1473493185809808e7 1.8964335832371358e7 5.380165293121794e7 8.092392784384114e7 8.685637948274429e7 5.938630229531644e7 1.6068065663950006e7 1.0137412084236981e7 5.355608954990351e7 2.932397174678335e7 6.99175274180711e7 1.3158897278328469e7 2.7356399103334464e7 4.521691270115139e7 1.012579320908869e7 1.523036773724268e7 1.6346890655139819e7 1.1176857656465882e7 3.0241061625229316e6 1.9079216501309215e6 1.0079576710460044e7 5.518947054594995e6 1.3158897278328469e7 2.476583254241994e6 5.148638102621085e6 8.510093698247835e6 2.1050794333797786e7 3.1662836900227346e7 3.398400758071567e7 2.323588157155063e7 6.2868987699354775e6 3.966431610104032e6 2.0954713563889645e7 1.1473493185809808e7 2.7356399103334464e7 5.148638102621085e6 1.0703647562163247e7 1.7691871491348237e7 3.479448907313265e7 5.23349482722624e7 5.617157061527098e7 3.840618147828649e7 1.0391504809070375e7 6.55604530302749e6 3.463567885221194e7 1.8964335832371358e7 4.521691270115139e7 8.510093698247835e6 1.7691871491348237e7 2.924258436655042e7
1.171174931086908e7 9.753579536078604e6 3.747747048755804e7 2.0045109988785397e7 2.606746325462563e7 5.472413772234589e6 3.8154692838855416e7 1.3589831216488952e7 1.553195844069705e7 3.810131309556848e7 1.7557953696191624e7 3.7354171957973572e6 9.753579536078604e6 8.122809944226168e6 3.121134849361891e7 1.6693627006139698e7 2.170906065431575e7 4.557442408051443e6 3.1775341274856042e7 1.1317651713130197e7 1.2935061021312494e7 3.1730886466445707e7 1.4622315874508962e7 3.1108665112762423e6 3.747747048755804e7 3.121134849361891e7 1.1992749817845592e8 6.414413407289822e7 8.341559906034575e7 1.751166458577561e7 1.2209460234117119e8 4.3487312170709856e7 4.97020981771686e7 1.2192378774289313e8 5.618526097209494e7 1.1953294422404598e7 2.0045109988785397e7 1.6693627006139698e7 6.414413407289822e7 3.430797772367002e7 4.461546727120119e7 9.366246924939202e6 6.530322620835074e7 2.325951949899924e7 2.658354503849202e7 6.521186472195291e7 3.005111394345969e7 6.393310389103781e6 2.606746325462563e7 2.170906065431575e7 8.341559906034575e7 4.461546727120119e7 5.8019739194779076e7 1.2180242347694753e7 8.49229288613066e7 3.0247610025568634e7 3.457030586792832e7 8.480411872801743e7 3.907967124749959e7 8.314116696621702e6 5.472413772234589e6 4.557442408051443e6 1.751166458577561e7 9.366246924939202e6 1.2180242347694753e7 2.5570315500819525e6 1.782810244862036e7 6.3499634031988215e6 7.257438750141631e6 1.780316031277301e7 8.20410214297579e6 1.7454052306560574e6 3.8154692838855416e7 3.1775341274856042e7 1.2209460234117119e8 6.530322620835074e7 8.49229288613066e7 1.782810244862036e7 1.2430086633397873e8 4.427313307635578e7 5.060022100547233e7 1.2412696509558389e8 5.720053532355926e7 1.2169291874985559e7 1.3589831216488952e7 1.1317651713130197e7 4.3487312170709856e7 2.325951949899924e7 3.0247610025568634e7 6.3499634031988215e6 4.427313307635578e7 1.5769080057174908e7 1.8022644446009807e7 4.421119342221925e7 2.037352584184252e7 4.33442416385615e6 1.553195844069705e7 1.2935061021312494e7 4.97020981771686e7 2.658354503849202e7 3.457030586792832e7 7.257438750141631e6 5.060022100547233e7 1.8022644446009807e7 2.059826645876514e7 5.0529429535103485e7 2.3285113083819486e7 4.953858138847439e6 3.810131309556848e7 3.1730886466445707e7 1.2192378774289313e8 6.521186472195291e7 8.480411872801743e7 1.780316031277301e7 1.2412696509558389e8 4.421119342221925e7 5.0529429535103485e7 1.2395330715107435e8 5.712050978373006e7 1.2152266612090271e7 1.7557953696191624e7 1.4622315874508962e7 5.618526097209494e7 3.005111394345969e7 3.907967124749959e7 8.20410214297579e6 5.720053532355926e7 2.037352584184252e7 2.3285113083819486e7 5.712050978373006e7 2.6322433123761326e7 5.600041498403716e6 3.7354171957973572e6 3.1108665112762423e6 1.1953294422404598e7 6.393310389103781e6 8.314116696621702e6 1.7454052306560574e6 1.2169291874985559e7 4.33442416385615e6 4.953858138847439e6 1.2152266612090271e7 5.600041498403716e6 1.191396883274235e6
500986.2448762795 7.936671503021627e6 6.496732938466715e6 2.3789588815364437e6 162008.7779436511 6.066667623867028e6 5.774743772383693e6 2.2125927520394605e6 3.9085926847141488e6 2.4854876548997494e6 1.16914636090138e6 2.7286626145761902e6 7.936671503021627e6 1.2573350105137393e8 1.0292185804064196e8 3.768769173814989e7 2.566558392161586e6 9.610872262678587e7 9.148403734487304e7 3.5052103770314984e7 6.192029520760672e7 3.937533064730435e7 1.8521727293568585e7 4.322773137177746e7 6.496732938466715e6 1.0292185804064196e8 8.424889766021755e7 3.0850069603712447e7 2.1009115015666424e6 7.867185932108743e7 7.488622384535854e7 2.8692652460223433e7 5.0686187689850405e7 3.223152268327705e7 1.5161357722769933e7 3.538498804584483e7 2.3789588815364437e6 3.768769173814989e7 3.0850069603712447e7 1.1296608276019135e7 769306.9921931558 2.880788239743426e7 2.742166701463446e7 1.050661017646766e7 1.8560152851911873e7 1.1802465620654222e7 5.551751465290661e6 1.2957194390168441e7 162008.7779436511 2.566558392161586e6 2.1009115015666424e6 769306.9921931558 52390.34883537974 1.9618371122658877e6 1.8674348668647218e6 715507.5643512246 1.2639595014957176e6 803756.2341931778 378078.1909764318 882394.0779395783 6.066667623867028e6 9.610872262678587e7 7.867185932108743e7 2.880788239743426e7 1.9618371122658877e6 7.346400511967234e7 6.992896798733376e7 2.6793280156654842e7 4.733090566407594e7 3.0097887196933363e7 1.415771879524149e7 3.304260208659776e7 5.774743772383693e6 9.148403734487304e7 7.488622384535854e7 2.742166701463446e7 1.8674348668647218e6 6.992896798733376e7 6.656403439763018e7 2.5504006040757746e7 4.505337520875751e7 2.8649597675108664e7 1.3476459155655293e7 3.1452614920298643e7 2.2125927520394605e6 3.5052103770314984e7 2.8692652460223433e7 1.050661017646766e7 715507.5643512246 2.6793280156654842e7 2.5504006040757746e7 9.771858482035836e6 1.7262198180727836e7 1.0977091740059316e7 5.163504568558636e6 1.2051067640117118e7 3.9085926847141488e6 6.192029520760672e7 5.0686187689850405e7 1.8560152851911873e7 1.2639595014957176e6 4.733090566407594e7 4.505337520875751e7 1.7262198180727836e7 3.0494044359987758e7 1.939126865306967e7 9.121441876528587e6 2.1288470179494247e7 2.4854876548997494e6 3.937533064730435e7 3.223152268327705e7 1.1802465620654222e7 803756.2341931778 3.0097887196933363e7 2.8649597675108664e7 1.0977091740059316e7 1.939126865306967e7 1.2330975043405931e7 5.800356549727168e6 1.3537412079228738e7 1.16914636090138e6 1.8521727293568585e7 1.5161357722769933e7 5.551751465290661e6 378078.1909764318 1.415771879524149e7 1.3476459155655293e7 5.163504568558636e6 9.121441876528587e6 5.800356549727168e6 2.728424636781199e6 6.367851410266226e6 2.7286626145761902e6 4.322773137177746e7 3.538498804584483e7 1.2957194390168441e7 882394.0779395783 3.304260208659776e7 3.1452614920298643e7 1.2051067640117118e7 2.1288470179494247e7 1.3537412079228738e7 6.367851410266226e6 1.4861884413661875e7
