471759.3575857757 802784.2211646953 1.7390442237843846e6 1.4559081796435476e6 513305.24439592403 219488.70354587372 843867.1239253064 140946.31077975393 1.2492880068317922e6 284804.72033957246 452468.571478736 1.4384706205913841e6 1.1684611610899286e6 378800.33578738366 803189.2418909532 1.4698277371487506e6 619501.2299257257 864180.4102710374 802784.2211646953 1.3660831425772612e6 2.9592995672754054e6 2.477492169023793e6 873482.0925459055 373499.8895034864 1.4359931625175981e6 239845.7444583681 2.1258904215641445e6 484646.9538450259 769957.4452850481 2.447818995534788e6 1.9883488649109032e6 644597.5636778101 1.3667723588970995e6 2.5011788239911823e6 1.0541938477310867e6 1.4705599082453458e6 1.7390442237843846e6 2.9592995672754054e6 6.41063025809288e6 5.366907236618405e6 1.89219462412605e6 809100.1396150871 3.1107432717686356e6 519569.69943237083 4.605244299216507e6 1.0498742544243159e6 1.6679326928475387e6 5.302627247554171e6 4.307292691147891e6 1.3963698341666923e6 2.960792593207347e6 5.4182188337024255e6 2.2836643687216574e6 3.1856240403587925e6 1.4559081796435476e6 2.477492169023793e6 5.366907236618405e6 4.493114113094383e6 1.5841239647993136e6 677369.4971671939 2.604279127694346e6 434977.8832262268 3.8554585057622003e6 878942.8662643638 1.3963744092299175e6 4.439299632366365e6 3.6060167851939546e6 1.1690250515577754e6 2.478742113468566e6 4.5360716025495e6 1.911858012872826e6 2.6669684612934445e6 513305.24439592403 873482.0925459055 1.89219462412605e6 1.5841239647993136e6 558509.904864903 238818.16185336493 918182.9958834619 153358.86684208695 1.35930761172256e6 309886.28890617465 492315.5988954358 1.565150752361632e6 1.271362681452183e6 412159.7077239698 873922.7817649624 1.5992693599084974e6 674058.1296742638 940285.1889709281 219488.70354587372 373499.8895034864 809100.1396150871 677369.4971671939 238818.16185336493 102118.35803487834 392613.94186902576 65576.06653726453 581238.2956814219 132507.00346672404 210513.5564397667 669256.5744072716 543633.1495442658 176238.99402906376 373688.32768215967 683845.6498531398 288226.4434505657 402064.8129817835 843867.1239253064 1.4359931625175981e6 3.1107432717686356e6 2.604279127694346e6 918182.9958834619 392613.94186902576 1.5094808643249683e6 252119.97598578126 2.234683976751519e6 509449.0154116506 809360.4206058158 2.57308741401869e6 2.090103658936118e6 677585.1814337767 1.436717649843396e6 2.6291779596292116e6 1.1081427697394649e6 1.5458165813603774e6 140946.31077975393 239845.7444583681 519569.69943237083 434977.8832262268 153358.86684208695 65576.06653726453 252119.97598578126 42110.161045000474 373246.5139969537 85090.36223457125 135182.85301233866 429768.1092643829 349098.08845733193 113173.18669541435 239966.7514426228 439136.59305677476 185086.76399847603 258188.92347819632 1.2492880068317922e6 2.1258904215641445e6 4.605244299216507e6 3.8554585057622003e6 1.35930761172256e6 581238.2956814219 2.234683976751519e6 373246.5139969537 3.3082979678468388e6 754204.6928970942 1.1982031744095753e6 3.8092812905315985e6 3.0942566194524006e6 1.0031188759133219e6 2.126962975881714e6 3.8923195366501645e6 1.6405301650493196e6 2.288476539851759e6 284804.72033957246 484646.9538450259 1.0498742544243159e6 878942.8662643638 309886.28890617465 132507.00346672404 509449.0154116506 85090.36223457125 754204.6928970942 171938.78070124745 273158.7257154022 868415.67894015 705408.9099893738 228684.65026440172 484891.46794489224 887346.2092373732 373997.61488978536 521712.3012243155 452468.571478736 769957.4452850481 1.6679326928475387e6 1.3963744092299175e6 492315.5988954358 210513.5564397667 809360.4206058158 135182.85301233866 1.1982031744095753e6 273158.7257154022 433966.6079411774 1.3796498921481892e6 1.120681431932419e6 363310.75166478235 770345.9042450717 1.4097247799193852e6 594169.107674452 828843.0731639481 1.4384706205913841e6 2.447818995534788e6 5.302627247554171e6 4.439299632366365e6 1.565150752361632e6 669256.5744072716 2.57308741401869e6 429768.1092643829 3.8092812905315985e6 868415.67894015 1.3796498921481892e6 4.386129693099598e6 3.562827158599297e6 1.1550235206542343e6 2.4490539692689264e6 4.481742615639306e6 1.8889594966992417e6 2.6350259111489374e6 1.1684611610899286e6 1.9883488649109032e6 4.307292691147891e6 3.6060167851939546e6 1.271362681452183e6 543633.1495442658 2.090103658936118e6 349098.08845733193 3.0942566194524006e6 705408.9099893738 1.120681431932419e6 3.562827158599297e6 2.894063388509223e6 938218.7614474713 1.9893520267569989e6 3.640492969000081e6 1.5343906056681427e6 2.1404159331230046e6 378800.33578738366 644597.5636778101 1.3963698341666923e6 1.1690250515577754e6 412159.7077239698 176238.99402906376 677585.1814337767 113173.18669541435 1.0031188759133219e6 228684.65026440172 363310.75166478235 1.1550235206542343e6 938218.7614474713 304158.66073529917 644922.7760655251 1.1802017944717172e6 497430.035341471 693895.7846364045 803189.2418909532 1.3667723588970995e6 2.960792593207347e6 2.478742113468566e6 873922.7817649624 373688.32768215967 1.436717649843396e6 239966.7514426228 2.126962975881714e6 484891.46794489224 770345.9042450717 2.4490539692689264e6 1.9893520267569989e6 644922.7760655251 1.3674619229403818e6 2.502440718828034e6 1.054725709651847e6 1.4713018351870326e6 1.4698277371487506e6 2.5011788239911823e6 5.4182188337024255e6 4.5360716025495e6 1.5992693599084974e6 683845.6498531398 2.6291779596292116e6 439136.59305677476 3.8923195366501645e6 887346.2092373732 1.4097247799193852e6 4.481742615639306e6 3.640492969000081e6 1.1802017944717172e6 2.502440718828034e6 4.579439797331443e6 1.9301367875401143e6 2.692466649558741e6 619501.2299257257 1.0541938477310867e6 2.2836643687216574e6 1.911858012872826e6 674058.1296742638 288226.4434505657 1.1081427697394649e6 185086.76399847603 1.6405301650493196e6 373997.61488978536 594169.107674452 1.8889594966992417e6 1.5343906056681427e6 497430.035341471 1.054725709651847e6 1.9301367875401143e6 813511.7358211752 1.1348176107842992e6 864180.4102710374 1.4705599082453458e6 3.1856240403587925e6 2.6669684612934445e6 940285.1889709281 402064.8129817835 1.5458165813603774e6 258188.92347819632 2.288476539851759e6 521712.3012243155 828843.0731639481 2.6350259111489374e6 2.1404159331230046e6 693895.7846364045 1.4713018351870326e6 2.692466649558741e6 1.1348176107842992e6 1.583026959588042e6
1.340804413695758e6 2.398323547564067e6 692195.0409522273 1.3932639004576895e6 656947.6591454723 1.9619486823598729e6 3.2254411503977953e6 2.484101513361393e6 3.8080437400200325e6 2.6001565032800417e6 3.7689435243886057e6 1.8920226506252002e6 2.8325304204735127e6 95692.24389085948 975891.7873086742 3.3687872864894243e6 1.7282597749604974e6 58748.689916693635 2.398323547564067e6 4.289929075446397e6 1.238143049997071e6 2.4921588759006388e6 1.1750953564530793e6 3.509376666687851e6 5.769410797924523e6 4.443361830539157e6 6.811523648456853e6 4.650951701433901e6 6.741584314348306e6 3.38429858163388e6 5.066603553226852e6 171166.621692497 1.7455970680507182e6 6.025816885292077e6 3.091372665734722e6 105084.95122519582 692195.0409522273 1.238143049997071e6 357348.14848810306 719277.4373230881 339151.56243575306 1.0128629758824885e6 1.6651454502857926e6 1.282426229513328e6 1.9659161065151098e6 1.3423400302726964e6 1.9457304813159541e6 976763.4136303079 1.4623038903890327e6 49401.46079640964 503807.60145256313 1.7391484021919486e6 892220.2474016614 30329.219838026933 1.3932639004576895e6 2.4921588759006388e6 719277.4373230881 1.4477758847526058e6 682650.9881889907 2.0387106767854083e6 3.351637772069326e6 2.581292937497804e6 3.9570349113854384e6 2.7018886233935133e6 3.916404884826069e6 1.9660487622488672e6 2.9433542591913617e6 99436.23962232875 1.0140739276525333e6 3.500592380695697e6 1.7958786012856704e6 61047.254934443445 656947.6591454723 1.1750953564530793e6 339151.56243575306 682650.9881889907 321881.56784711004 961286.807437618 1.580354294646677e6 1.2171235846280504e6 1.8658093569621763e6 1.2739865045143715e6 1.8466516074285612e6 927025.4771554453 1.3878416644373117e6 46885.880580597805 478153.1286017969 1.6505889296098584e6 846787.3479220272 28784.820458826925 1.9619486823598729e6 3.509376666687851e6 1.0128629758824885e6 2.0387106767854083e6 961286.807437618 2.8708457347658114e6 4.719666754086467e6 3.634892338662482e6 5.57216721677376e6 3.8047112415735866e6 5.514953341465417e6 2.768525601849225e6 4.1447352570046564e6 140022.86231758495 1.4279857574145247e6 4.9294197650056025e6 2.5288975436119908e6 85964.74891868897 3.2254411503977953e6 5.769410797924523e6 1.6651454502857926e6 3.351637772069326e6 1.580354294646677e6 4.719666754086467e6 7.759126169642894e6 5.975758403775178e6 9.16063585121997e6 6.254940465207106e6 9.066576312633423e6 4.551452585086713e6 6.813939516179072e6 230197.40841151192 2.3476067776689846e6 8.103959854092098e6 4.1575043606618885e6 141325.93840958294 2.484101513361393e6 4.443361830539157e6 1.282426229513328e6 2.581292937497804e6 1.2171235846280504e6 3.634892338662482e6 5.975758403775178e6 4.602282231213307e6 7.05514325646948e6 4.817296720385083e6 6.982702485965854e6 3.5053407355493433e6 5.247814694125135e6 177288.5332402927 1.8080297476411134e6 6.241335060566019e6 3.201938089260464e6 108843.39881295513 3.8080437400200325e6 6.811523648456853e6 1.9659161065151098e6 3.9570349113854384e6 1.8658093569621763e6 5.57216721677376e6 9.16063585121997e6 7.05514325646948e6 1.0815296383113056e7 7.384753208035524e6 1.0704247128018292e7 5.373568983734169e6 8.044722724598677e6 271777.33500491275 2.7716485518975994e6 9.567755898427432e6 4.908462971885854e6 166853.25509556904 2.6001565032800417e6 4.650951701433901e6 1.3423400302726964e6 2.7018886233935133e6 1.2739865045143715e6 3.8047112415735866e6 6.254940465207106e6 4.817296720385083e6 7.384753208035524e6 5.042356493229437e6 7.308928069845925e6 3.6691071040079026e6 5.4929878797400445e6 185571.2941609817 1.8924992723390677e6 6.532924624694882e6 3.351529758791885e6 113928.46457375653 3.7689435243886057e6 6.741584314348306e6 1.9457304813159541e6 3.916404884826069e6 1.8466516074285612e6 5.514953341465417e6 9.066576312633423e6 6.982702485965854e6 1.0704247128018292e7 7.308928069845925e6 1.0594338104001831e7 5.318394274534729e6 7.9621211541594695e6 268986.7808180612 2.743189830456244e6 9.469516134318158e6 4.858063876255036e6 165140.0399387999 1.8920226506252002e6 3.38429858163388e6 976763.4136303079 1.9660487622488672e6 927025.4771554453 2.768525601849225e6 4.551452585086713e6 3.5053407355493433e6 5.373568983734169e6 3.6691071040079026e6 5.318394274534729e6 2.669852272198061e6 3.997012285594152e6 135032.29186993084 1.377090757821812e6 4.753729765557351e6 2.4387648243016945e6 82900.86971787264 2.8325304204735127e6 5.066603553226852e6 1.4623038903890327e6 2.9433542591913617e6 1.3878416644373117e6 4.1447352570046564e6 6.813939516179072e6 5.247814694125135e6 8.044722724598677e6 5.4929878797400445e6 7.9621211541594695e6 3.997012285594152e6 5.983891834598633e6 202155.6530210933 2.061630426038649e6 7.116766898748389e6 3.651053305800886e6 124110.16077529093 95692.24389085948 171166.621692497 49401.46079640964 99436.23962232875 46885.880580597805 140022.86231758495 230197.40841151192 177288.5332402927 271777.33500491275 185571.2941609817 268986.7808180612 135032.29186993084 202155.6530210933 6829.4864242187305 69648.69295501773 240427.91874961785 123344.6535549729 4192.851624258126 975891.7873086742 1.7455970680507182e6 503807.60145256313 1.0140739276525333e6 478153.1286017969 1.4279857574145247e6 2.3476067776689846e6 1.8080297476411134e6 2.7716485518975994e6 1.8924992723390677e6 2.743189830456244e6 1.377090757821812e6 2.061630426038649e6 69648.69295501773 710293.5900333482 2.4519399045033916e6 1.257897500554165e6 42759.677264796446 3.3687872864894243e6 6.025816885292077e6 1.7391484021919486e6 3.500592380695697e6 1.6505889296098584e6 4.9294197650056025e6 8.103959854092098e6 6.241335060566019e6 9.567755898427432e6 6.532924624694882e6 9.469516134318158e6 4.753729765557351e6 7.116766898748389e6 240427.91874961785 2.4519399045033916e6 8.464118752660908e6 4.3422735621745195e6 147606.7931069439 1.7282597749604974e6 3.091372665734722e6 892220.2474016614 1.7958786012856704e6 846787.3479220272 2.5288975436119908e6 4.1575043606618885e6 3.201938089260464e6 4.908462971885854e6 3.351529758791885e6 4.858063876255036e6 2.4387648243016945e6 3.651053305800886e6 123344.6535549729 1.257897500554165e6 4.3422735621745195e6 2.227679010627319e6 75725.43510263819 58748.689916693635 105084.95122519582 30329.219838026933 61047.254934443445 28784.820458826925 85964.74891868897 141325.93840958294 108843.39881295513 166853.25509556904 113928.46457375653 165140.0399387999 82900.86971787264 124110.16077529093 4192.851624258126 42759.677264796446 147606.7931069439 75725.43510263819 2574.1327606570508
697804.0713377037 535333.9001285452 4.695013921728609e6 2.5782403919611094e6 634440.9917181997 3.723478949527528e6 1.4288230052870011e6 1.1721756006405377e6 1.841691416689001e6 2.459266138853846e6 3.823557024651702e6 3.303876135803945e6 996240.6986976373 2.32788361837789e6 3.661753455955842e6 4.1541691486723023e6 454368.4884707319 1.2995697044087467e6 535333.9001285452 410691.76348807383 3.601870807458255e6 1.977947021506456e6 486723.68713302835 2.8565389483553846e6 1.096149225021511e6 899257.2008407451 1.412889218372374e6 1.8866736203514657e6 2.933315780813351e6 2.5346325279114028e6 764285.335392506 1.7858809767082701e6 2.8091850411938163e6 3.1869512711343532e6 348577.58075594954 996990.0534061913 4.695013921728609e6 3.601870807458255e6 3.158931945319308e7 1.7347096457341038e7 4.268690039199701e6 2.5052570231902264e7 9.613506393920226e6 7.886713462659845e6 1.2391396376216218e7 1.654660560667139e7 2.572592250264361e7 2.222936937517451e7 6.702976009886912e6 1.5662628587844443e7 2.4637264469800476e7 2.7950370006931357e7 3.057113689341707e6 8.743855338589685e6 2.5782403919611094e6 1.977947021506456e6 1.7347096457341038e7 9.526060095918797e6 2.344127038450748e6 1.3757477522143664e7 5.279202768381959e6 4.330944177853804e6 6.804665371087667e6 9.08647506401075e6 1.412724512057602e7 1.2207132708521735e7 3.680901437811691e6 8.601044074135032e6 1.3529414707269028e7 1.5348787910643015e7 1.6787967252237778e6 4.80163880049083e6 634440.9917181997 486723.68713302835 4.268690039199701e6 2.344127038450748e6 576831.5040076266 3.3853738813123545e6 1.2990808189557826e6 1.0657379070784405e6 1.6744593172165584e6 2.235956068645996e6 3.4763645129796523e6 3.0038724882978355e6 905778.5169698106 2.116503546069837e6 3.32925328104007e6 3.7769558859069953e6 413110.2214383064 1.1815641753012848e6 3.723478949527528e6 2.8565389483553846e6 2.5052570231902264e7 1.3757477522143664e7 3.3853738813123545e6 1.9868464597801074e7 7.6241922357774405e6 6.254722999491623e6 9.827255963727854e6 1.3122631517116182e7 2.0402480693923503e7 1.7629466133565743e7 5.315935264109454e6 1.2421575060981886e7 1.9539097680347048e7 2.2166625293838758e7 2.424507926567608e6 6.934497284507637e6 1.4288230052870011e6 1.096149225021511e6 9.613506393920226e6 5.279202768381959e6 1.2990808189557826e6 7.6241922357774405e6 2.925656734165674e6 2.4001457332007606e6 3.7710457317342833e6 5.035591191925239e6 7.829112014746541e6 6.765013881913604e6 2.039901582078184e6 4.766572458072383e6 7.497803169203426e6 8.506073110318625e6 930364.5190259655 2.660997788496158e6 1.1721756006405377e6 899257.2008407451 7.886713462659845e6 4.330944177853804e6 1.0657379070784405e6 6.254722999491623e6 2.4001457332007606e6 1.9690278334189558e6 3.0936846476311306e6 4.1310904906584565e6 6.422834769884054e6 5.549871594334272e6 1.6734912955434844e6 3.910393319090878e6 6.151036133114471e6 6.978199063345365e6 763251.0009067584 2.1830252378999847e6 1.841691416689001e6 1.412889218372374e6 1.2391396376216218e7 6.804665371087667e6 1.6744593172165584e6 9.827255963727854e6 3.7710457317342833e6 3.0936846476311306e6 4.860715799212437e6 6.490660523946856e6 1.0091388747593125e7 8.719812008905629e6 2.629345426761994e6 6.143906943389949e6 9.664345891443608e6 1.0963962491530752e7 1.1991998608238671e6 3.4299117306817155e6 2.459266138853846e6 1.8866736203514657e6 1.654660560667139e7 9.08647506401075e6 2.235956068645996e6 1.3122631517116182e7 5.035591191925239e6 4.1310904906584565e6 6.490660523946856e6 8.667174913610052e6 1.34753359960722e7 1.1643828176831845e7 3.511044313281892e6 8.204144390981553e6 1.2905092780270055e7 1.464051005437162e7 1.6013277711552656e6 4.580064663431904e6 3.823557024651702e6 2.933315780813351e6 2.572592250264361e7 1.412724512057602e7 3.4763645129796523e6 2.0402480693923503e7 7.829112014746541e6 6.422834769884054e6 1.0091388747593125e7 1.34753359960722e7 2.095084984634347e7 1.810330338631507e7 5.45881469915616e6 1.2755436844266912e7 2.0064261193292506e7 2.2762410370504145e7 2.489672813949334e6 7.120879737475552e6 3.303876135803945e6 2.5346325279114028e6 2.222936937517451e7 1.2207132708521735e7 3.0038724882978355e6 1.7629466133565743e7 6.765013881913604e6 5.549871594334272e6 8.719812008905629e6 1.1643828176831845e7 1.810330338631507e7 1.5642782794043316e7 4.716876850021795e6 1.1021774520380454e7 1.7337215925292708e7 1.966864464989519e7 2.151287542708049e6 6.153041390227056e6 996240.6986976373 764285.335392506 6.702976009886912e6 3.680901437811691e6 905778.5169698106 5.315935264109454e6 2.039901582078184e6 1.6734912955434844e6 2.629345426761994e6 3.511044313281892e6 5.45881469915616e6 4.716876850021795e6 1.4223126096683894e6 3.323472157469291e6 5.2278110307190865e6 5.930822913153515e6 648692.6617560609 1.8553692698360404e6 2.32788361837789e6 1.7858809767082701e6 1.5662628587844443e7 8.601044074135032e6 2.116503546069837e6 1.2421575060981886e7 4.766572458072383e6 3.910393319090878e6 6.143906943389949e6 8.204144390981553e6 1.2755436844266912e7 1.1021774520380454e7 3.323472157469291e6 7.765850563645652e6 1.2215657997405056e7 1.3858363266105188e7 1.5157792917293764e6 4.335381735497561e6 3.661753455955842e6 2.8091850411938163e6 2.4637264469800476e7 1.3529414707269028e7 3.32925328104007e6 1.9539097680347048e7 7.497803169203426e6 6.151036133114471e6 9.664345891443608e6 1.2905092780270055e7 2.0064261193292506e7 1.7337215925292708e7 5.2278110307190865e6 1.2215657997405056e7 1.921519080062161e7 2.17991609129123e7 2.384315958125074e6 6.819541547316733e6 4.1541691486723023e6 3.1869512711343532e6 2.7950370006931357e7 1.5348787910643015e7 3.7769558859069953e6 2.2166625293838758e7 8.506073110318625e6 6.978199063345365e6 1.0963962491530752e7 1.464051005437162e7 2.2762410370504145e7 1.966864464989519e7 5.930822913153515e6 1.3858363266105188e7 2.17991609129123e7 2.4730611391674068e7 2.7049477560593225e6 7.736601998114911e6 454368.4884707319 348577.58075594954 3.057113689341707e6 1.6787967252237778e6 413110.2214383064 2.424507926567608e6 930364.5190259655 763251.0009067584 1.1991998608238671e6 1.6013277711552656e6 2.489672813949334e6 2.151287542708049e6 648692.6617560609 1.5157792917293764e6 2.384315958125074e6 2.7049477560593225e6 295857.72252576234 846202.4607030306 1.2995697044087467e6 996990.0534061913 8.743855338589685e6 4.80163880049083e6 1.1815641753012848e6 6.934497284507637e6 2.660997788496158e6 2.1830252378999847e6 3.4299117306817155e6 4.580064663431904e6 7.120879737475552e6 6.153041390227056e6 1.8553692698360404e6 4.335381735497561e6 6.819541547316733e6 7.736601998114911e6 846202.4607030306 2.4202802562894467e6
6.282081157741996e7 1.6141947433667233e7 3.0021554262370877e7 2.9451682875975966e7 2.454813902088075e6 3.981439352352114e7 2.753508023497392e7 3.2199007855804343e7 4.62931893602894e7 2.2041264097723965e7 3.0974120766452663e7 2.185793508131632e7 7.896591877180015e6 3.1332892864096012e7 6.579006563612986e6 1.5850474164476909e7 4.613007012744762e7 6.0589995056058176e7 1.6141947433667233e7 4.147709340401639e6 7.714105224236932e6 7.5676755024272865e6 630769.898891024 1.0230397080559561e7 7.075200185642252e6 8.273606774151425e6 1.1895138098775972e7 5.663551894718284e6 7.958869308779372e6 5.616445095687661e6 2.02904686816207e6 8.051056598236598e6 1.6904903876435095e6 4.0728146347865895e6 1.1853224248638788e7 1.556873416058495e7 3.0021554262370877e7 7.714105224236932e6 1.434705629706376e7 1.4074719402336717e7 1.1731355726714137e6 1.9026974430546954e7 1.3158790608336098e7 1.5387643636953427e7 2.2123138199915897e7 1.0533340616040535e7 1.4802280071999632e7 1.0445729172066012e7 3.7737169510520557e6 1.4973734335750276e7 3.144053659647312e6 7.574812522546124e6 2.204518484692617e7 2.8955465213793088e7 2.9451682875975966e7 7.5676755024272865e6 1.4074719402336717e7 1.3807552026895989e7 1.1508670255673954e6 1.86658029800992e7 1.290900946170666e7 1.5095554235581806e7 2.1703195137434475e7 1.0333395957353873e7 1.4521302085559765e7 1.0247447560355715e7 3.7020839738929253e6 1.4689501791663826e7 3.08437299813776e6 7.431026865208741e6 2.1626721500816327e7 2.8405830409382705e7 2.454813902088075e6 630769.898891024 1.1731355726714137e6 1.1508670255673954e6 95925.39705505622 1.555804903989417e6 1.0759730105145613e6 1.2582227152614878e6 1.808973204263424e6 861294.2139406494 1.210358483967324e6 854130.367966151 308570.7273190468 1.2243780216151434e6 257084.1790921852 619380.1601192846 1.8025990847571127e6 2.36764152605314e6 3.981439352352114e7 1.0230397080559561e7 1.9026974430546954e7 1.86658029800992e7 1.555804903989417e6 2.523345196984966e7 1.745110406327554e7 2.040699471476955e7 2.933956458645836e7 1.3969249051504873e7 1.963068929348051e7 1.3853059314055545e7 5.004679318814969e6 1.9858070843036387e7 4.1696238832365903e6 1.0045667989200575e7 2.9236183347589552e7 3.84005530361086e7 2.753508023497392e7 7.075200185642252e6 1.3158790608336098e7 1.290900946170666e7 1.0759730105145613e6 1.745110406327554e7 1.206894060278216e7 1.4113193423225442e7 2.0290834380537953e7 9.660938153642444e6 1.3576311402169142e7 9.580582948903289e6 3.46116653798768e6 1.3733565316065256e7 2.8836538250107015e6 6.947444117995547e6 2.021933735508755e7 2.6557287838428684e7 3.2199007855804343e7 8.273606774151425e6 1.5387643636953427e7 1.5095554235581806e7 1.2582227152614878e6 2.040699471476955e7 1.4113193423225442e7 1.650370443910031e7 2.372772223811845e7 1.1297320394529354e7 1.5875884644637732e7 1.1203354520939328e7 4.047423417541315e6 1.6059774430528589e7 3.372090851836509e6 8.124211217985297e6 2.3644114953719832e7 3.105559571430943e7 4.62931893602894e7 1.1895138098775972e7 2.2123138199915897e7 2.1703195137434475e7 1.808973204263424e6 2.933956458645836e7 2.0290834380537953e7 2.372772223811845e7 3.411384423944475e7 1.6242394629980199e7 2.2825092543459862e7 1.6107297921442207e7 5.819065591355911e6 2.3089474747961048e7 4.848125788323845e6 1.1680348972286236e7 3.39936402919847e7 4.4649281727479026e7 2.2041264097723965e7 5.663551894718284e6 1.0533340616040535e7 1.0333395957353873e7 861294.2139406494 1.3969249051504873e7 9.660938153642444e6 1.1297320394529354e7 1.6242394629980199e7 7.733381833612534e6 1.0867557404393185e7 7.669059148725902e6 2.770592462377972e6 1.0993435920707894e7 2.308305440953184e6 5.561285796233811e6 1.6185162735004552e7 2.1258561441291325e7 3.0974120766452663e7 7.958869308779372e6 1.4802280071999632e7 1.4521302085559765e7 1.210358483967324e6 1.963068929348051e7 1.3576311402169142e7 1.5875884644637732e7 2.2825092543459862e7 1.0867557404393185e7 1.5271947833281977e7 1.077716610011646e7 3.893454801132771e6 1.5448842241377031e7 3.2438126586998566e6 7.815156930454433e6 2.2744665775793135e7 2.9874205330700893e7 2.185793508131632e7 5.616445095687661e6 1.0445729172066012e7 1.0247447560355715e7 854130.367966151 1.3853059314055545e7 9.580582948903289e6 1.1203354520939328e7 1.6107297921442207e7 7.669059148725902e6 1.077716610011646e7 7.60527147011208e6 2.7475479587259945e6 1.0901997617289897e7 2.2891060264285845e6 5.515029599199693e6 1.6050542054836191e7 2.108174258271797e7 7.896591877180015e6 2.02904686816207e6 3.7737169510520557e6 3.7020839738929253e6 308570.7273190468 5.004679318814969e6 3.46116653798768e6 4.047423417541315e6 5.819065591355911e6 2.770592462377972e6 3.893454801132771e6 2.7475479587259945e6 992603.5928061525 3.9385525443944586e6 826982.7862079645 1.9924086046295e6 5.798561462601019e6 7.61617767717633e6 3.1332892864096012e7 8.051056598236598e6 1.4973734335750276e7 1.4689501791663826e7 1.2243780216151434e6 1.9858070843036387e7 1.3733565316065256e7 1.6059774430528589e7 2.3089474747961048e7 1.0993435920707894e7 1.5448842241377031e7 1.0901997617289897e7 3.9385525443944586e6 1.5627785610872224e7 3.28138562100277e6 7.9056796047376655e6 2.3008116400012832e7 3.0220237148447666e7 6.579006563612986e6 1.6904903876435095e6 3.144053659647312e6 3.08437299813776e6 257084.1790921852 4.1696238832365903e6 2.8836538250107015e6 3.372090851836509e6 4.848125788323845e6 2.308305440953184e6 3.2438126586998566e6 2.2891060264285845e6 826982.7862079645 3.28138562100277e6 688996.6283024006 1.659965399140971e6 4.831042874611483e6 6.345380856339718e6 1.5850474164476909e7 4.0728146347865895e6 7.574812522546124e6 7.431026865208741e6 619380.1601192846 1.0045667989200575e7 6.947444117995547e6 8.124211217985297e6 1.1680348972286236e7 5.561285796233811e6 7.815156930454433e6 5.515029599199693e6 1.9924086046295e6 7.9056796047376655e6 1.659965399140971e6 3.9992722941684136e6 1.1639191955670785e7 1.528761133686195e7 4.613007012744762e7 1.1853224248638788e7 2.204518484692617e7 2.1626721500816327e7 1.8025990847571127e6 2.9236183347589552e7 2.021933735508755e7 2.3644114953719832e7 3.39936402919847e7 1.6185162735004552e7 2.2744665775793135e7 1.6050542054836191e7 5.798561462601019e6 2.3008116400012832e7 4.831042874611483e6 1.1639191955670785e7 3.3873859896584146e7 4.4491954987131976e7 6.0589995056058176e7 1.556873416058495e7 2.8955465213793088e7 2.8405830409382705e7 2.36764152605314e6 3.84005530361086e7 2.6557287838428684e7 3.105559571430943e7 4.4649281727479026e7 2.1258561441291325e7 2.9874205330700893e7 2.108174258271797e7 7.61617767717633e6 3.0220237148447666e7 6.345380856339718e6 1.528761133686195e7 4.4491954987131976e7 5.843839658723377e7
4.920160466655358e7 3.4837190358949695e6 3.614929593026528e7 6.287919097012864e7 4.632056205230918e7 4.404104960781358e7 2.5222923444267638e7 7.005886796014114e7 7.974773630371194e7 6.881229648789953e7 7.286553319023514e7 4.157854317664996e7 7.79603431244622e7 3.2672610587890804e7 7.840446483901925e7 1.1643773829440994e7 4.2208716686857246e7 2.550891507173413e7 3.4837190358949695e6 246664.68509119636 2.5595504703543438e6 4.4521603721843865e6 3.279726847703379e6 3.1183259960590615e6 1.7859087958456147e6 4.960517316458734e6 5.64653752481431e6 4.872253838125397e6 5.159243214846143e6 2.943968257355264e6 5.519981171919299e6 2.3133838058495913e6 5.551427204660351e6 824437.2681375926 2.9885876852845782e6 1.8061584296423937e6 3.614929593026528e7 2.5595504703543438e6 2.6559532054087963e7 4.619846238023244e7 3.403254256915338e7 3.235774414558063e7 1.8531731434220415e7 5.147349903715898e7 5.859208330600116e7 5.0557620757300325e7 5.353560600841441e7 3.0548496778272137e7 5.727885367826181e7 2.4005149363733448e7 5.760515781808377e7 8.554888174036955e6 3.101149648859222e7 1.874185458050658e7 6.287919097012864e7 4.4521603721843865e6 4.619846238023244e7 8.035901844773832e7 5.919724543274456e7 5.6284049830942184e7 3.223466045112902e7 8.953457854620244e7 1.0191686174587956e8 8.794147185400793e7 9.31214704817061e7 5.313698962427447e7 9.963258996615954e7 4.175529100263671e7 1.0020017336700332e8 1.488063414183949e7 5.394234548128734e7 3.2600155078411937e7 4.632056205230918e7 3.279726847703379e6 3.403254256915338e7 5.919724543274456e7 4.360822138592492e7 4.146218776873181e7 2.3745973296173017e7 6.595651021252692e7 7.507803847093569e7 6.478293281349834e7 6.859882872696763e7 3.9143875536397964e7 7.339530764879254e7 3.075943755094888e7 7.381342343134348e7 1.0961962558841372e7 3.9737148690416075e7 2.401521843596635e7 4.404104960781358e7 3.1183259960590615e6 3.235774414558063e7 5.6284049830942184e7 4.146218776873181e7 3.94217640603989e7 2.257739417629621e7 6.2710679869294696e7 7.138332244375212e7 6.159485617978811e7 6.52229654638156e7 3.7217539856139146e7 6.978340162390299e7 2.924571410769939e7 7.018094122846006e7 1.0422506020279616e7 3.778161704452881e7 2.283338931178075e7 2.5222923444267638e7 1.7859087958456147e6 1.8531731434220415e7 3.223466045112902e7 2.3745973296173017e7 2.257739417629621e7 1.2930388579538774e7 3.5915281119925186e7 4.088222449804637e7 3.527623332818656e7 3.735410212407979e7 2.1315004227529373e7 3.996592752703174e7 1.6749428421446312e7 4.01936040038891e7 5.969114582598212e6 2.1638059101700354e7 1.3077000564537557e7 7.005886796014114e7 4.960517316458734e6 5.147349903715898e7 8.953457854620244e7 6.595651021252692e7 6.2710679869294696e7 3.5915281119925186e7 9.97578232076043e7 1.1355394129289205e8 9.798281227516572e7 1.0375427393509737e8 5.9204281773519434e7 1.1100884660367273e8 4.652299709741335e7 1.1164123785938996e8 1.6579735941602051e7 6.01015948396846e7 3.632250868500502e7 7.974773630371194e7 5.64653752481431e6 5.859208330600116e7 1.0191686174587956e8 7.507803847093569e7 7.138332244375212e7 4.088222449804637e7 1.1355394129289205e8 1.2925800873095493e8 1.1153345326763803e8 1.1810308557749881e8 6.739200315956369e7 1.2636093736720817e8 5.2956946245458595e7 1.2708078586847718e8 1.8872648793130625e7 6.841341112497824e7 4.134577004796969e7 6.881229648789953e7 4.872253838125397e6 5.0557620757300325e7 8.794147185400793e7 6.478293281349834e7 6.159485617978811e7 3.527623332818656e7 9.798281227516572e7 1.1153345326763803e8 9.623938446782921e7 1.0190815335427071e8 5.815084812775438e7 1.0903364395807314e8 4.569520409028383e7 1.0965478294949284e8 1.6284729378637621e7 5.9032195122777954e7 3.567621501162257e7 7.286553319023514e7 5.159243214846143e6 5.353560600841441e7 9.31214704817061e7 6.859882872696763e7 6.52229654638156e7 3.735410212407979e7 1.0375427393509737e8 1.1810308557749881e8 1.0190815335427071e8 1.0791082858129807e8 6.157609570606773e7 1.1545603050867996e8 4.838677940156594e7 1.1611375632376014e8 1.7243945480613e7 6.2509356503856935e7 3.777764384725158e7 4.157854317664996e7 2.943968257355264e6 3.0548496778272137e7 5.313698962427447e7 3.9143875536397964e7 3.7217539856139146e7 2.1315004227529373e7 5.9204281773519434e7 6.739200315956369e7 5.815084812775438e7 6.157609570606773e7 3.5136562402968474e7 6.588154013745814e7 2.7610472447577707e7 6.625685175604344e7 9.839743158532863e6 3.5669099841137566e7 2.1556685679005675e7 7.79603431244622e7 5.519981171919299e6 5.727885367826181e7 9.963258996615954e7 7.339530764879254e7 6.978340162390299e7 3.996592752703174e7 1.1100884660367273e8 1.2636093736720817e8 1.0903364395807314e8 1.1545603050867996e8 6.588154013745814e7 1.2352879832424404e8 5.177001745098419e7 1.2423251279637444e8 1.8449654419989437e7 6.6880055194368556e7 4.041908358889424e7 3.2672610587890804e7 2.3133838058495913e6 2.4005149363733448e7 4.175529100263671e7 3.075943755094888e7 2.924571410769939e7 1.6749428421446312e7 4.652299709741335e7 5.2956946245458595e7 4.569520409028383e7 4.838677940156594e7 2.7610472447577707e7 5.177001745098419e7 2.169643632281007e7 5.2064939048190005e7 7.732115460075864e6 2.8028942817423258e7 1.6939342818322923e7 7.840446483901925e7 5.551427204660351e6 5.760515781808377e7 1.0020017336700332e8 7.381342343134348e7 7.018094122846006e7 4.01936040038891e7 1.1164123785938996e8 1.2708078586847718e8 1.0965478294949284e8 1.1611375632376014e8 6.625685175604344e7 1.2423251279637444e8 5.2064939048190005e7 1.2494023616412275e8 1.8554757756193455e7 6.726105511807558e7 4.064934158911452e7 1.1643773829440994e7 824437.2681375926 8.554888174036955e6 1.488063414183949e7 1.0961962558841372e7 1.0422506020279616e7 5.969114582598212e6 1.6579735941602051e7 1.8872648793130625e7 1.6284729378637621e7 1.7243945480613e7 9.839743158532863e6 1.8449654419989437e7 7.732115460075864e6 1.8554757756193455e7 2.7555497409079075e6 9.9888764617226e6 6.036795745639573e6 4.2208716686857246e7 2.9885876852845782e6 3.101149648859222e7 5.394234548128734e7 3.9737148690416075e7 3.778161704452881e7 2.1638059101700354e7 6.01015948396846e7 6.841341112497824e7 5.9032195122777954e7 6.2509356503856935e7 3.5669099841137566e7 6.6880055194368556e7 2.8028942817423258e7 6.726105511807558e7 9.9888764617226e6 3.620970853339803e7 2.1883403530207425e7 2.550891507173413e7 1.8061584296423937e6 1.874185458050658e7 3.2600155078411937e7 2.401521843596635e7 2.283338931178075e7 1.3077000564537557e7 3.632250868500502e7 4.134577004796969e7 3.567621501162257e7 3.777764384725158e7 2.1556685679005675e7 4.041908358889424e7 1.6939342818322923e7 4.064934158911452e7 6.036795745639573e6 2.1883403530207425e7 1.3225274918305313e7
1.3136472417852364e8 1.7410170642203042e8 8.63845762461815e7 5.623697475566107e7 1.2205933935073657e7 5.96899746682313e7 5.8591195503606364e7 1.690461374568649e8 4.369867565981996e7 1.8115866904232907e8 1.1995653579067166e8 6.816146546467699e7 1.3199074538437048e8 1.2181797162278119e8 3.629774022931819e7 1.0472911296630818e8 1.7542726842616746e8 1.5026650485652384e8 1.7410170642203042e8 2.307423425018569e8 1.1448813391154657e8 7.453259107572448e7 1.6176899391064327e7 7.910895798710786e7 7.7652712189475e7 2.2404204157043326e8 5.791519792191905e7 2.400951519568578e8 1.5898208372324705e8 9.033648510919385e7 1.7493139156677437e8 1.6144910184239566e8 4.810651072962121e7 1.3880071224235693e8 2.3249915056681988e8 1.9915281729699087e8 8.63845762461815e7 1.1448813391154657e8 5.68059276179132e7 3.698106370651679e7 8.02654165540893e6 3.9251733675877154e7 3.8529183743862934e7 1.1116362510242622e8 2.873596091339426e7 1.1912874598873699e8 7.888262680135241e7 4.482253015263805e7 8.679624366242568e7 8.010669472804874e7 2.3869154584775884e7 6.886917397960071e7 1.1535981474315096e8 9.881426255944408e7 5.623697475566107e7 7.453259107572448e7 3.698106370651679e7 2.407493601837062e7 5.225335818793774e6 2.5553158350346245e7 2.508277319535529e7 7.23683121488861e7 1.870731534135007e7 7.755366260928206e7 5.135315220445943e7 2.9179786556980256e7 5.6504973177382514e7 5.215002914805476e7 1.5538989738140304e7 4.483432305666065e7 7.510006150912951e7 6.432878912571341e7 1.2205933935073657e7 1.6176899391064327e7 8.02654165540893e6 5.225335818793774e6 1.1341311311620728e6 5.54617605253392e6 5.444081475953215e6 1.570715425073915e7 4.060322521814229e6 1.683260677418638e7 1.1145926428098198e7 6.333316265704675e6 1.2264101556010745e7 1.131888429736781e7 3.372654432170273e6 9.73104950312537e6 1.630006580693829e7 1.396221887118317e7 5.96899746682313e7 7.910895798710786e7 3.9251733675877154e7 2.5553158350346245e7 5.54617605253392e6 2.7122144838915434e7 2.6622877620013412e7 7.681179042289841e7 1.985596102363943e7 8.231552598071803e7 5.450628109950822e7 3.0971451220092814e7 5.997442842971442e7 5.535208699115808e7 1.6493097430461127e7 4.7587190085291326e7 7.971127160625406e7 6.827863358644299e7 5.8591195503606364e7 7.7652712189475e7 3.8529183743862934e7 2.508277319535529e7 5.444081475953215e6 2.6622877620013412e7 2.6132800963190846e7 7.539783112096663e7 1.9490450460305385e7 8.080025335117722e7 5.350292389679181e7 3.040132557524231e7 5.8870413011126325e7 5.433316010699639e7 1.6189490804433106e7 4.671120021832638e7 7.824393835785638e7 6.702175350916305e7 1.690461374568649e8 2.2404204157043326e8 1.1116362510242622e8 7.23683121488861e7 1.570715425073915e7 7.681179042289841e7 7.539783112096663e7 2.175363041165442e8 5.623345520243228e7 2.3312326395032996e8 1.5436555867586884e8 8.771329237934713e7 1.6985173018715283e8 1.5676093947166213e8 4.670959287243759e7 1.347702142789749e8 2.257478354063372e8 1.933698136542159e8 4.369867565981996e7 5.791519792191905e7 2.873596091339426e7 1.870731534135007e7 4.060322521814229e6 1.985596102363943e7 1.9490450460305385e7 5.623345520243228e7 1.4536431042378204e7 6.026270729033076e7 3.990372440982244e7 2.2674015345178142e7 4.390692256782011e7 4.052293387566334e7 1.2074498594537383e7 3.483829900511104e7 5.835614814236823e7 4.998638180320194e7 1.8115866904232907e8 2.400951519568578e8 1.1912874598873699e8 7.755366260928206e7 1.683260677418638e7 8.231552598071803e7 8.080025335117722e7 2.3312326395032996e8 6.026270729033076e7 2.498270641103626e8 1.6542619415265626e8 9.399814478942361e7 1.820219842827993e8 1.6799320930806732e8 5.0056439050191514e7 1.4442679976381272e8 2.4192316971355942e8 2.0722519071753192e8 1.1995653579067166e8 1.5898208372324705e8 7.888262680135241e7 5.135315220445943e7 1.1145926428098198e7 5.450628109950822e7 5.350292389679181e7 1.5436555867586884e8 3.990372440982244e7 1.6542619415265626e8 1.0953907579742166e8 6.2242076955503464e7 1.2052819104785343e8 1.1123885780064067e8 3.3145513014753126e7 9.563405751756692e7 1.6019252912239337e8 1.372168173813869e8 6.816146546467699e7 9.033648510919385e7 4.482253015263805e7 2.9179786556980256e7 6.333316265704675e6 3.0971451220092814e7 3.040132557524231e7 8.771329237934713e7 2.2674015345178142e7 9.399814478942361e7 6.2242076955503464e7 3.53670698381591e7 6.848629028404398e7 6.3207923722803175e7 1.883387783560673e7 5.434099497592761e7 9.102428199935049e7 7.796906852524841e7 1.3199074538437048e8 1.7493139156677437e8 8.679624366242568e7 5.6504973177382514e7 1.2264101556010745e7 5.997442842971442e7 5.8870413011126325e7 1.6985173018715283e8 4.390692256782011e7 1.820219842827993e8 1.2052819104785343e8 6.848629028404398e7 1.3261974990672499e8 1.2239849758944382e8 3.647071783232363e7 1.0522820163715515e8 1.7626327056300685e8 1.5098260287413797e8 1.2181797162278119e8 1.6144910184239566e8 8.010669472804874e7 5.215002914805476e7 1.131888429736781e7 5.535208699115808e7 5.433316010699639e7 1.5676093947166213e8 4.052293387566334e7 1.6799320930806732e8 1.1123885780064067e8 6.3207923722803175e7 1.2239849758944382e8 1.1296501631687512e8 3.365985135565837e7 9.711806720707534e7 1.6267833043183616e8 1.393460911133948e8 3.629774022931819e7 4.810651072962121e7 2.3869154584775884e7 1.5538989738140304e7 3.372654432170273e6 1.6493097430461127e7 1.6189490804433106e7 4.670959287243759e7 1.2074498594537383e7 5.0056439050191514e7 3.3145513014753126e7 1.883387783560673e7 3.647071783232363e7 3.365985135565837e7 1.0029526221701318e7 2.8937982861607958e7 4.847278033194331e7 4.152054208279906e7 1.0472911296630818e8 1.3880071224235693e8 6.886917397960071e7 4.483432305666065e7 9.73104950312537e6 4.7587190085291326e7 4.671120021832638e7 1.347702142789749e8 3.483829900511104e7 1.4442679976381272e8 9.563405751756692e7 5.434099497592761e7 1.0522820163715515e8 9.711806720707534e7 2.8937982861607958e7 8.349415850638913e7 1.3985750228811115e8 1.1979835424298798e8 1.7542726842616746e8 2.3249915056681988e8 1.1535981474315096e8 7.510006150912951e7 1.630006580693829e7 7.971127160625406e7 7.824393835785638e7 2.257478354063372e8 5.835614814236823e7 2.4192316971355942e8 1.6019252912239337e8 9.102428199935049e7 1.7626327056300685e8 1.6267833043183616e8 4.847278033194331e7 1.3985750228811115e8 2.3426933448011503e8 2.0066911149680656e8 1.5026650485652384e8 1.9915281729699087e8 9.881426255944408e7 6.432878912571341e7 1.396221887118317e7 6.827863358644299e7 6.702175350916305e7 1.933698136542159e8 4.998638180320194e7 2.0722519071753192e8 1.372168173813869e8 7.796906852524841e7 1.5098260287413797e8 1.393460911133948e8 4.152054208279906e7 1.1979835424298798e8 2.0066911149680656e8 1.718880211030598e8
