194860.66459708617 786705.4301109614 364232.0877967961 806849.842439258 1.0768098084774062e6 567623.5538412513 89745.70397396642 151715.37409888697 1.1118536957111193e6 958393.2364614147 62755.80099384178 310474.453530958 537141.741683113 1.2034479067968987e6 121020.47283991189 28234.250324476838 1.1742064582068494e6 240223.26574342567 786705.4301109614 3.17614350256777e6 1.4705038694334654e6 3.2574719666671483e6 4.3473736748129055e6 2.2916504620834156e6 362327.7832467478 612516.1734498931 4.4888553660303885e6 3.869293809834866e6 253362.21404613054 1.2534696985077942e6 2.1685871070752945e6 4.858646074570288e6 488592.51986343926 113989.3374135102 4.740590404188231e6 969846.572114008 364232.0877967961 1.4705038694334654e6 680819.8773986772 1.508157653356179e6 2.0127647902298009e6 1.0609976750604166e6 167751.99446651075 283585.2354972204 2.078268560516345e6 1.79142142498825e6 117302.67093469127 580336.5119942282 1.0040213011722076e6 2.2494757705648975e6 226210.5570653776 52775.248223264774 2.1948178749235235e6 449023.520473002 806849.842439258 3.2574719666671483e6 1.508157653356179e6 3.340882930838522e6 4.458692707958846e6 2.3503305601908215e6 371605.563702249 628200.288346602 4.603797185311653e6 3.968371109852543e6 259849.81755413674 1.2855660963224187e6 2.224116039738936e6 4.983056770285963e6 501103.4404748076 116908.15318113902 4.8619781614432745e6 994680.5042264303 1.0768098084774062e6 4.3473736748129055e6 2.0127647902298009e6 4.458692707958846e6 5.9505050238368455e6 3.1367162354849232e6 495939.26258897624 838386.7686395204 6.144159302797993e6 5.296129106066331e6 346791.70467139763 1.7156974063240336e6 2.9682722122649597e6 6.650313508424118e6 668765.204357921 156023.8837698066 6.4887237965088915e6 1.327485818196595e6 567623.5538412513 2.2916504620834156e6 1.0609976750604166e6 2.3503305601908215e6 3.1367162354849232e6 1.6534712100134643e6 261426.67396223935 441942.55416520266 3.238798078699112e6 2.791772141301532e6 182805.85698470142 904403.2209094604 1.5646785612739166e6 3.505609401114017e6 352529.1829573624 82245.56527281132 3.4204298960432014e6 699763.5161441073 89745.70397396642 362327.7832467478 167751.99446651075 371605.563702249 495939.26258897624 261426.67396223935 41333.592895398804 69874.55924124915 512079.19691731746 441400.91520248196 28903.029507201478 142993.1918567674 247387.8647639296 554264.1446635968 55737.608987106905 13003.664319767766 540796.6016150356 110638.06099423171 151715.37409888697 612516.1734498931 283585.2354972204 628200.288346602 838386.7686395204 441942.55416520266 69874.55924124915 118123.14602107444 865671.3746554927 746189.5334506666 48860.65560918948 241730.4075350113 418209.9063045061 936985.1517531165 94224.59041949699 21982.732426971706 914218.2309833152 187033.96452474763 1.1118536957111193e6 4.4888553660303885e6 2.078268560516345e6 4.603797185311653e6 6.144159302797993e6 3.238798078699112e6 512079.19691731746 865671.3746554927 6.344115900572372e6 5.468487260409861e6 358077.7547207334 1.771533363575769e6 3.064872183649563e6 6.866742477424307e6 690529.6164415076 161101.55240316194 6.69989396158855e6 1.370687749448516e6 958393.2364614147 3.869293809834866e6 1.79142142498825e6 3.968371109852543e6 5.296129106066331e6 2.791772141301532e6 441400.91520248196 746189.5334506666 5.468487260409861e6 4.713714784839752e6 308655.08616414655 1.527022485391715e6 2.6418518756191176e6 5.918979783285833e6 595221.2206755877 138865.96663050554 5.7751600615837425e6 1.1815024525612488e6 62755.80099384178 253362.21404613054 117302.67093469127 259849.81755413674 346791.70467139763 182805.85698470142 28903.029507201478 48860.65560918948 358077.7547207334 308655.08616414655 20210.803275878614 99989.76991969025 172989.04484520102 387576.10470826115 38975.21711437144 9092.974193826476 378158.75753722916 77365.0417864305 310474.453530958 1.2534696985077942e6 580336.5119942282 1.2855660963224187e6 1.7156974063240336e6 904403.2209094604 142993.1918567674 241730.4075350113 1.771533363575769e6 1.527022485391715e6 99989.76991969025 494683.657651799 855836.0870961809 1.917471809861258e6 192823.75562415918 44986.059441364036 1.870880966141099e6 382751.37422592705 537141.741683113 2.1685871070752945e6 1.0040213011722076e6 2.224116039738936e6 2.9682722122649597e6 1.5646785612739166e6 247387.8647639296 418209.9063045061 3.064872183649563e6 2.6418518756191176e6 172989.04484520102 855836.0870961809 1.4806541446163296e6 3.3173555371905933e6 333598.1004424646 77828.91650177234 3.2367502356666904e6 662185.6885330487 1.2034479067968987e6 4.858646074570288e6 2.2494757705648975e6 4.983056770285963e6 6.650313508424118e6 3.505609401114017e6 554264.1446635968 936985.1517531165 6.866742477424307e6 5.918979783285833e6 387576.10470826115 1.917471809861258e6 3.3173555371905933e6 7.432422892370108e6 747415.2621818612 174373.05534818233 7.251829440273619e6 1.4836046408884295e6 121020.47283991189 488592.51986343926 226210.5570653776 501103.4404748076 668765.204357921 352529.1829573624 55737.608987106905 94224.59041949699 690529.6164415076 595221.2206755877 38975.21711437144 192823.75562415918 333598.1004424646 747415.2621818612 75161.16645029065 17535.20820435361 729254.5218281888 149193.4417217004 28234.250324476838 113989.3374135102 52775.248223264774 116908.15318113902 156023.8837698066 82245.56527281132 13003.664319767766 21982.732426971706 161101.55240316194 138865.96663050554 9092.974193826476 44986.059441364036 77828.91650177234 174373.05534818233 17535.20820435361 4090.989287312226 170136.12851100418 34807.04447348284 1.1742064582068494e6 4.740590404188231e6 2.1948178749235235e6 4.8619781614432745e6 6.4887237965088915e6 3.4204298960432014e6 540796.6016150356 914218.2309833152 6.69989396158855e6 5.7751600615837425e6 378158.75753722916 1.870880966141099e6 3.2367502356666904e6 7.251829440273619e6 729254.5218281888 170136.12851100418 7.075624058583298e6 1.4475559273633338e6 240223.26574342567 969846.572114008 449023.520473002 994680.5042264303 1.327485818196595e6 699763.5161441073 110638.06099423171 187033.96452474763 1.370687749448516e6 1.1815024525612488e6 77365.0417864305 382751.37422592705 662185.6885330487 1.4836046408884295e6 149193.4417217004 34807.04447348284 1.4475559273633338e6 296146.0565874485
111819.63751155754 1.0378022137913944e6 939846.7027494091 314098.6544356162 1.2505071983065594e6 143505.27432530985 1.1928166154794479e6 647558.3491850387 126049.78014709927 858073.1586238057 666756.5224299093 13124.80608427356 1.0932899784920714e6 1.080512160293589e6 447811.484834627 820030.2387136092 952617.1080188868 58540.8437941432 1.0378022137913944e6 9.631880937183313e6 8.722752196697704e6 2.915161291669262e6 1.1606003807966959e7 1.3318777872997012e6 1.1070575363506977e7 6.010013118437028e6 1.1698726967439626e6 7.963808892894309e6 6.18819207821248e6 121811.8133179784 1.0146864944699405e7 1.0028273538852302e7 4.1561550427540285e6 7.610731138570431e6 8.84127480287506e6 543319.7481122096 939846.7027494091 8.722752196697704e6 7.899433805422937e6 2.6400066328137405e6 1.0510542631399117e7 1.2061652309313882e6 1.0025651915811272e7 5.44274326820729e6 1.059451388771445e6 7.21212522949737e6 5.60410436921371e6 110314.30611868088 9.18912817373909e6 9.081730309022048e6 3.7638661405215184e6 6.892373586259726e6 8.006769364296053e6 492037.1791619067 314098.6544356162 2.915161291669262e6 2.6400066328137405e6 882295.515473009 3.512644443240528e6 403102.8410849118 3.350592992861525e6 1.8189757244253873e6 354070.78056407534 2.4103067272347338e6 1.872902928251392e6 36867.26251793313 3.071025079264901e6 3.035132497317017e6 1.2578916186598584e6 2.303445086287636e6 2.675878392023529e6 164439.81284920062 1.2505071983065594e6 1.1606003807966959e7 1.0510542631399117e7 3.512644443240528e6 1.3984737277071675e7 1.6048556633910506e6 1.3339568944341682e7 7.241808281624111e6 1.4096464711094673e6 9.596048470661594e6 7.456506293273145e6 146778.01547215195 1.2226537470213586e7 1.2083639907750972e7 5.007988737328627e6 9.170604905908633e6 1.0653357293207722e7 654677.0154924666 143505.27432530985 1.3318777872997012e6 1.2061652309313882e6 403102.8410849118 1.6048556633910506e6 184169.47342593462 1.530817658092241e6 831052.9403374147 161767.724178008 1.1012200250315333e6 855691.1808053757 16843.90094177777 1.403088775568608e6 1.386690186316674e6 574705.0465136351 1.052397118971904e6 1.222554306698624e6 75129.19943999393 1.1928166154794479e6 1.1070575363506977e7 1.0025651915811272e7 3.350592992861525e6 1.3339568944341682e7 1.530817658092241e6 1.2724164644307535e7 6.90771652984942e6 1.3446141973179893e6 9.153346797405038e6 7.112509717727246e6 140006.59562725842 1.1662481482715605e7 1.1526176320260128e7 4.7769514514662605e6 8.747530538471572e6 1.0161878002130546e7 624474.3116308488 647558.3491850387 6.010013118437028e6 5.44274326820729e6 1.8189757244253873e6 7.241808281624111e6 831052.9403374147 6.90771652984942e6 3.750073108186484e6 729966.4832016296 4.969184755414647e6 3.861251588554316e6 76007.0230099564 6.331348137125713e6 6.257350554563879e6 2.593319673707936e6 4.74887452222614e6 5.516697921779406e6 339015.6953720799 126049.78014709927 1.1698726967439626e6 1.059451388771445e6 354070.78056407534 1.4096464711094673e6 161767.724178008 1.3446141973179893e6 729966.4832016296 142090.84762495177 967271.3612890982 751607.8117785689 14795.066038601659 1.2324218222555832e6 1.2180179017052967e6 504799.87654151156 924387.1077040483 1.0738469530250013e6 65990.73878337999 858073.1586238057 7.963808892894309e6 7.21212522949737e6 2.4103067272347338e6 9.596048470661594e6 1.1012200250315333e6 9.153346797405038e6 4.969184755414647e6 967271.3612890982 6.584617531733038e6 5.116506259245587e6 100716.15383204517 8.389606745411612e6 8.291553281226851e6 3.4363822295555985e6 6.292686622484285e6 7.310121808902792e6 449226.34217761015 666756.5224299093 6.18819207821248e6 5.60410436921371e6 1.872902928251392e6 7.456506293273145e6 855691.1808053757 7.112509717727246e6 3.861251588554316e6 751607.8117785689 5.116506259245587e6 3.975726179195283e6 78260.4044965953 6.5190537215925045e6 6.442862331458718e6 2.6702038655924727e6 4.889664484876746e6 5.6802515576413e6 349066.49938174867 13124.80608427356 121811.8133179784 110314.30611868088 36867.26251793313 146778.01547215195 16843.90094177777 140006.59562725842 76007.0230099564 14795.066038601659 100716.15383204517 78260.4044965953 1540.5213125644377 128324.67785548788 126824.88417195131 52561.77744412384 96250.87422810018 111813.22971125785 6871.2190444050075 1.0932899784920714e6 1.0146864944699405e7 9.18912817373909e6 3.071025079264901e6 1.2226537470213586e7 1.403088775568608e6 1.1662481482715605e7 6.331348137125713e6 1.2324218222555832e6 8.389606745411612e6 6.5190537215925045e6 128324.67785548788 1.0689383400546718e7 1.0564451314427672e7 4.378370557432265e6 8.017651121015177e6 9.313987781703383e6 572369.2123934077 1.080512160293589e6 1.0028273538852302e7 9.081730309022048e6 3.035132497317017e6 1.2083639907750972e7 1.386690186316674e6 1.1526176320260128e7 6.257350554563879e6 1.2180179017052967e6 8.291553281226851e6 6.442862331458718e6 126824.88417195131 1.0564451314427672e7 1.0440979371102387e7 4.3271983852830045e6 7.923944885324174e6 9.205130621280454e6 565679.6516343683 447811.484834627 4.1561550427540285e6 3.7638661405215184e6 1.2578916186598584e6 5.007988737328627e6 574705.0465136351 4.7769514514662605e6 2.593319673707936e6 504799.87654151156 3.4363822295555985e6 2.6702038655924727e6 52561.77744412384 4.378370557432265e6 4.3271983852830045e6 1.7933802184707166e6 3.2840292365433546e6 3.8150086256245812e6 234442.3820924804 820030.2387136092 7.610731138570431e6 6.892373586259726e6 2.303445086287636e6 9.170604905908633e6 1.052397118971904e6 8.747530538471572e6 4.74887452222614e6 924387.1077040483 6.292686622484285e6 4.889664484876746e6 96250.87422810018 8.017651121015177e6 7.923944885324174e6 3.2840292365433546e6 6.0136985539341895e6 6.986025459174418e6 429309.76328773727 952617.1080188868 8.84127480287506e6 8.006769364296053e6 2.675878392023529e6 1.0653357293207722e7 1.222554306698624e6 1.0161878002130546e7 5.516697921779406e6 1.0738469530250013e6 7.310121808902792e6 5.6802515576413e6 111813.22971125785 9.313987781703383e6 9.205130621280454e6 3.8150086256245812e6 6.986025459174418e6 8.115563372278608e6 498722.859036259 58540.8437941432 543319.7481122096 492037.1791619067 164439.81284920062 654677.0154924666 75129.19943999393 624474.3116308488 339015.6953720799 65990.73878337999 449226.34217761015 349066.49938174867 6871.2190444050075 572369.2123934077 565679.6516343683 234442.3820924804 429309.76328773727 498722.859036259 30647.84029349103
2.447676803947254e7 2.813372565763384e7 1.8608572548144702e7 1.8540979100834258e7 1.3820793450402075e7 7.95099846938763e6 2.497292553330264e7 2.6821895988634605e7 1.0573261447415225e7 1.9670354902878866e7 1.2794846521913985e7 630191.8971723905 399351.2749855209 8.94693965188747e6 4.835341535811463e6 2.389740945976168e7 1.6748304888467347e7 2.5611107681484483e6 2.813372565763384e7 3.233705193849854e7 2.1388790959060013e7 2.131109869593855e7 1.5885692534136288e7 9.13891937372131e6 2.870401168526153e7 3.08292280314512e7 1.2152962204336297e7 2.2609209170648832e7 1.4706463749566818e7 724345.874345831 459016.4515736061 1.0283659396358456e7 5.557766940884614e6 2.7467807865190968e7 1.9250589546899267e7 2.943754159605666e6 1.8608572548144702e7 2.1388790959060013e7 1.4147250638692852e7 1.4095862417583464e7 1.0507320132297678e7 6.044782203646507e6 1.898577850541626e7 2.0391466576730862e7 8.0383693793818215e6 1.4954475430239977e7 9.727339384082511e6 479106.21283307654 303608.595741805 6.80195094906036e6 3.6760900629977146e6 1.8168112592624694e7 1.2732973817167709e7 1.9470959342372403e6 1.8540979100834258e7 2.131109869593855e7 1.4095862417583464e7 1.4044660858132673e7 1.0469153529894464e7 6.022825244490818e6 1.891681490190861e7 2.0317396976922985e7 8.009170949695644e6 1.4900155060182896e7 9.692005969849491e6 477365.9159634777 302505.77328907914 6.77724366364693e6 3.6627370989625202e6 1.810211906420748e7 1.2686722789981756e7 1.940023337663874e6 1.3820793450402075e7 1.5885692534136288e7 1.0507320132297678e7 1.0469153529894464e7 7.8039033295015525e6 4.489526860435842e6 1.4100948503145825e7 1.514496864166366e7 5.970186191500721e6 1.1106854947939891e7 7.2246029673441835e6 355837.50399116514 225493.4751527982 5.051884494821305e6 2.7302729069797695e6 1.3493658950823158e7 9.45692103363393e6 1.4461297697922327e6 7.95099846938763e6 9.13891937372131e6 6.044782203646507e6 6.022825244490818e6 4.489526860435842e6 2.5827910187429613e6 8.112169563040865e6 8.71278649239116e6 3.4346031898190635e6 6.389690071535753e6 4.156259721370469e6 204710.63833908606 129724.69939811139 2.906311134016603e6 1.5707054578530814e6 7.762800453494396e6 5.440495506526478e6 831947.5743137904 2.497292553330264e7 2.870401168526153e7 1.898577850541626e7 1.891681490190861e7 1.4100948503145825e7 8.112169563040865e6 2.5479140411272947e7 2.7365590510396287e7 1.07875872478191e7 2.006908377000798e7 1.3054205068516873e7 642966.2320775894 407446.3440499962 9.128299018776553e6 4.933356557008376e6 2.43818230378724e7 1.7087802201428093e7 2.613025886112413e6 2.6821895988634605e7 3.08292280314512e7 2.0391466576730862e7 2.0317396976922985e7 1.514496864166366e7 8.71278649239116e6 2.7365590510396287e7 2.939171149005325e7 1.158628942946516e7 2.1554978680752132e7 1.4020725368965646e7 690570.8094949296 437613.2642723317 9.804149157785939e6 5.298617347433694e6 2.6187028855029877e7 1.835296600351703e7 2.806491711972365e6 1.0573261447415225e7 1.2152962204336297e7 8.0383693793818215e6 8.009170949695644e6 5.970186191500721e6 3.4346031898190635e6 1.07875872478191e7 1.158628942946516e7 4.567345552121602e6 8.497028889442628e6 5.527006557302946e6 272224.8166138965 172508.2916572639 3.864821202746134e6 2.0887287963522573e6 1.0322995165314278e7 7.234787129624807e6 1.1063263623593797e6 1.9670354902878866e7 2.2609209170648832e7 1.4954475430239977e7 1.4900155060182896e7 1.1106854947939891e7 6.389690071535753e6 2.006908377000798e7 2.1554978680752132e7 8.497028889442628e6 1.5807759479570106e7 1.0282369453681225e7 506443.42644865764 320932.1303047184 7.190061938057183e6 3.885843258908151e6 1.9204762841845218e7 1.3459501705719197e7 2.058194843119096e6 1.2794846521913985e7 1.4706463749566818e7 9.727339384082511e6 9.692005969849491e6 7.2246029673441835e6 4.156259721370469e6 1.3054205068516873e7 1.4020725368965646e7 5.527006557302946e6 1.0282369453681225e7 6.688305304659912e6 329422.9283323426 208754.61431551471 4.676872351044006e6 2.527598935119734e6 1.2491995912854804e7 8.75491364728312e6 1.3387804775220144e6 630191.8971723905 724345.874345831 479106.21283307654 477365.9159634777 355837.50399116514 204710.63833908606 642966.2320775894 690570.8094949296 272224.8166138965 506443.42644865764 329422.9283323426 16225.255990549273 10281.910471819047 230352.67009178858 124493.2766865062 615275.4228281348 431210.7715799682 65939.72093232656 399351.2749855209 459016.4515736061 303608.595741805 302505.77328907914 225493.4751527982 129724.69939811139 407446.3440499962 437613.2642723317 172508.2916572639 320932.1303047184 208754.61431551471 10281.910471819047 6515.624962224297 145974.00079282565 78891.12664722408 389898.73668029136 273257.3557207188 41785.86196469385 8.94693965188747e6 1.0283659396358456e7 6.80195094906036e6 6.77724366364693e6 5.051884494821305e6 2.906311134016603e6 9.128299018776553e6 9.804149157785939e6 3.864821202746134e6 7.190061938057183e6 4.676872351044006e6 230352.67009178858 145974.00079282565 3.2703553428878793e6 1.76745184852037e6 8.735167973489525e6 6.12197136757923e6 936157.234789774 4.835341535811463e6 5.557766940884614e6 3.6760900629977146e6 3.6627370989625202e6 2.7302729069797695e6 1.5707054578530814e6 4.933356557008376e6 5.298617347433694e6 2.0887287963522573e6 3.885843258908151e6 2.527598935119734e6 124493.2766865062 78891.12664722408 1.76745184852037e6 955213.0301777949 4.720890289630311e6 3.308597530157642e6 505942.8293421479 2.389740945976168e7 2.7467807865190968e7 1.8168112592624694e7 1.810211906420748e7 1.3493658950823158e7 7.762800453494396e6 2.43818230378724e7 2.6187028855029877e7 1.0322995165314278e7 1.9204762841845218e7 1.2491995912854804e7 615275.4228281348 389898.73668029136 8.735167973489525e6 4.720890289630311e6 2.3331764143311035e7 1.6351876972939493e7 2.5004899584596925e6 1.6748304888467347e7 1.9250589546899267e7 1.2732973817167709e7 1.2686722789981756e7 9.45692103363393e6 5.440495506526478e6 1.7087802201428093e7 1.835296600351703e7 7.234787129624807e6 1.3459501705719197e7 8.75491364728312e6 431210.7715799682 273257.3557207188 6.12197136757923e6 3.308597530157642e6 1.6351876972939493e7 1.1460079867762804e7 1.7524480327187579e6 2.5611107681484483e6 2.943754159605666e6 1.9470959342372403e6 1.940023337663874e6 1.4461297697922327e6 831947.5743137904 2.613025886112413e6 2.806491711972365e6 1.1063263623593797e6 2.058194843119096e6 1.3387804775220144e6 65939.72093232656 41785.86196469385 936157.234789774 505942.8293421479 2.5004899584596925e6 1.7524480327187579e6 267980.1661783156
9.478127785211971e6 1.7690808914695695e7 2.3369759345015094e7 3.3482476852736697e6 7.198081218328266e6 1.0858523483243275e6 1.279424545615196e7 1.2101440620803574e7 5.8055781732683135e6 1.2357946880367825e7 9.497435533086501e6 1.4580755061465168e7 8.881626197048072e6 5.796071201323841e6 7.022714845742677e6 2.5051589255066153e7 2.0525707858649283e6 1.3313574128915433e7 1.7690808914695695e7 3.3019677213528667e7 4.361936833138402e7 6.249463115665723e6 1.343513004589202e7 2.0267300503956708e6 2.3880301753859088e7 2.2587190051308706e7 1.083604024234211e7 2.306595582934079e7 1.772684658858677e7 2.721479995519955e7 1.6577446038328437e7 1.0818295596158987e7 1.3107810868752902e7 4.675848316924836e7 3.8310981218545726e6 2.4849622332983952e7 2.3369759345015094e7 4.361936833138402e7 5.762168059139605e7 8.2556116994364355e6 1.7747959262657546e7 2.677333397440739e6 3.154614962860382e7 2.983793439432351e7 1.4314532135727959e7 3.047038942050065e7 2.341736552120803e7 3.595105959498637e7 2.1898994350048542e7 1.4291091256740361e7 1.731556691499077e7 6.176848691726821e7 5.060924097173808e6 3.282663311421205e7 3.3482476852736697e6 6.249463115665723e6 8.2556116994364355e6 1.182803483556301e6 2.5427974093451723e6 383588.68905507145 4.519700905512314e6 4.2749603577091e6 2.0508811572101254e6 4.365573874355732e6 3.355068348973689e6 5.150804092371844e6 3.1375272658942244e6 2.0475227200241755e6 2.480847405674547e6 8.849735690056019e6 725092.0791926108 4.703159186080079e6 7.198081218328266e6 1.343513004589202e7 1.7747959262657546e7 2.5427974093451723e6 5.466519802200726e6 824641.0653532019 9.716477769406818e6 9.190333198844172e6 4.408995548228367e6 9.38513463338843e6 7.212744318519922e6 1.107322685823338e7 6.745073306242018e6 4.401775561565659e6 5.333339344895205e6 1.902521027280422e7 1.5588069245147035e6 1.0110877386110708e7 1.0858523483243275e6 2.0267300503956708e6 2.677333397440739e6 383588.68905507145 824641.0653532019 124399.60180755121 1.4657600940215392e6 1.3863895923316139e6 665110.3293479043 1.4157759786116448e6 1.0880643213896328e6 1.6704298024485533e6 1.0175147330309845e6 664021.1724969633 804550.3900843706 2.8700105799704315e6 235150.74479273835 1.5252564704844316e6 1.279424545615196e7 2.3880301753859088e7 3.154614962860382e7 4.519700905512314e6 9.716477769406818e6 1.4657600940215392e6 1.7270575001917873e7 1.6335378165841669e7 7.836778934291605e6 1.6681628408534622e7 1.282030841617004e7 1.968213168464297e7 1.198904553619934e7 7.823945752954663e6 9.479755869632931e6 3.3816402274729125e7 2.770704831755474e6 1.7971601477011435e7 1.2101440620803574e7 2.2587190051308706e7 2.983793439432351e7 4.2749603577091e6 9.190333198844172e6 1.3863895923316139e6 1.6335378165841669e7 1.545082197850529e7 7.412419533196719e6 1.5778322866795097e7 1.2126092278780755e7 1.8616349724478398e7 1.1339842052714739e7 7.400281265062249e6 8.96642972414727e6 3.1985253490667507e7 2.6206719352207016e6 1.6998444252156027e7 5.8055781732683135e6 1.083604024234211e7 1.4314532135727959e7 2.0508811572101254e6 4.408995548228367e6 665110.3293479043 7.836778934291605e6 7.412419533196719e6 3.5560543906694823e6 7.56953570377171e6 5.817404626991614e6 8.931058459317928e6 5.44020679623673e6 3.550231144764229e6 4.301579483781905e6 1.5344692863480153e7 1.2572483114331758e6 8.154880069417901e6 1.2357946880367825e7 2.306595582934079e7 3.047038942050065e7 4.365573874355732e6 9.38513463338843e6 1.4157759786116448e6 1.6681628408534622e7 1.5778322866795097e7 7.56953570377171e6 1.6112765575525256e7 1.2383121063288767e7 1.9010948217682328e7 1.1580205209477318e7 7.557140148769145e6 9.156485224335644e6 3.2663223824216172e7 2.676220590683495e6 1.7358749069587134e7 9.497435533086501e6 1.772684658858677e7 2.341736552120803e7 3.355068348973689e6 7.212744318519922e6 1.0880643213896328e6 1.282030841617004e7 1.2126092278780755e7 5.817404626991614e6 1.2383121063288767e7 9.516782612476328e6 1.4610457292636422e7 8.899718820740694e6 5.807878288541275e6 7.037020709802441e6 2.5102621461020134e7 2.0567520461439823e6 1.3340695005360149e7 1.4580755061465168e7 2.721479995519955e7 3.595105959498637e7 5.150804092371844e6 1.107322685823338e7 1.6704298024485533e6 1.968213168464297e7 1.8616349724478398e7 8.931058459317928e6 1.9010948217682328e7 1.4610457292636422e7 2.243042328403125e7 1.3663121985831523e7 8.916433331609178e6 1.0803450570908198e7 3.853831633273166e7 3.1575889831017167e6 2.048104517742942e7 8.881626197048072e6 1.6577446038328437e7 2.1898994350048542e7 3.1375272658942244e6 6.745073306242018e6 1.0175147330309845e6 1.198904553619934e7 1.1339842052714739e7 5.44020679623673e6 1.1580205209477318e7 8.899718820740694e6 1.3663121985831523e7 8.322665160430357e6 5.431298141174243e6 6.5807435352014145e6 2.3474979072621517e7 1.9233931928494035e6 1.2475690499151915e7 5.796071201323841e6 1.0818295596158987e7 1.4291091256740361e7 2.0475227200241755e6 4.401775561565659e6 664021.1724969633 7.823945752954663e6 7.400281265062249e6 3.550231144764229e6 7.557140148769145e6 5.807878288541275e6 8.916433331609178e6 5.431298141174243e6 3.5444174347628593e6 4.2945353971726615e6 1.5319565036380801e7 1.2551894941944266e6 8.141525978969602e6 7.022714845742677e6 1.3107810868752902e7 1.731556691499077e7 2.480847405674547e6 5.333339344895205e6 804550.3900843706 9.479755869632931e6 8.96642972414727e6 4.301579483781905e6 9.156485224335644e6 7.037020709802441e6 1.0803450570908198e7 6.5807435352014145e6 4.2945353971726615e6 5.203403554187429e6 1.8561700343974236e7 1.5208298153904846e6 9.864546754782863e6 2.5051589255066153e7 4.675848316924836e7 6.176848691726821e7 8.849735690056019e6 1.902521027280422e7 2.8700105799704315e6 3.3816402274729125e7 3.1985253490667507e7 1.5344692863480153e7 3.2663223824216172e7 2.5102621461020134e7 3.853831633273166e7 2.3474979072621517e7 1.5319565036380801e7 1.8561700343974236e7 6.621372262818786e7 5.42513895251166e6 3.518903713398347e7 2.0525707858649283e6 3.8310981218545726e6 5.060924097173808e6 725092.0791926108 1.5588069245147035e6 235150.74479273835 2.770704831755474e6 2.6206719352207016e6 1.2572483114331758e6 2.676220590683495e6 2.0567520461439823e6 3.1575889831017167e6 1.9233931928494035e6 1.2551894941944266e6 1.5208298153904846e6 5.42513895251166e6 444502.00782895944 2.8831699605374946e6 1.3313574128915433e7 2.4849622332983952e7 3.282663311421205e7 4.703159186080079e6 1.0110877386110708e7 1.5252564704844316e6 1.7971601477011435e7 1.6998444252156027e7 8.154880069417901e6 1.7358749069587134e7 1.3340695005360149e7 2.048104517742942e7 1.2475690499151915e7 8.141525978969602e6 9.864546754782863e6 3.518903713398347e7 2.8831699605374946e6 1.8701083178333856e7
7.577327662482521e7 9.614036707252598e7 1.007235339540823e8 8.391233561790289e7 8.928667964066935e7 6.084557033236509e7 8.100914461971804e7 8.497532223587088e7 8.131182373415138e7 2.2857592578516252e7 5.374473870755502e7 5.862536337608614e7 5.486397813982643e7 3.1231379222712205e6 3.2433151948575996e7 1.7359403148430735e7 2.9661138576669976e7 2.7853825929006627e6 9.614036707252598e7 1.2198192545644528e8 1.2779700124535616e8 1.0646712281114566e8 1.1328603615550436e8 7.72002442952858e7 1.027835834331521e8 1.0781582948184471e8 1.0316761963249566e8 2.90014823005929e7 6.819078094174014e7 7.438326816251947e7 6.961086061433233e7 3.962605810910765e6 4.1150855189935505e7 2.2025435155899115e7 3.763375265754109e7 3.5340652647870313e6 1.007235339540823e8 1.2779700124535616e8 1.338892911076164e8 1.1154258285047056e8 1.186865648289493e8 8.088050487339756e7 1.0768344318928488e8 1.1295558455076335e8 1.0808578701573394e8 3.0384029894735623e7 7.144154582184383e7 7.792923892969167e7 7.29293229905324e7 4.151509642571075e6 4.311258305094893e7 2.3075423293371398e7 3.942781454913558e7 3.7025398751097866e6 8.391233561790289e7 1.0646712281114566e8 1.1154258285047056e8 9.29256379358508e7 9.887725807757103e7 6.738119487523101e7 8.97106055622508e7 9.41028034725335e7 9.004579644439535e7 2.531280241928124e7 5.951763937112514e7 6.4922508125033855e7 6.0757100023494236e7 3.458604526397925e6 3.591690438478023e7 1.922403422422885e7 3.2847139861432627e7 3.0845697767168996e6 8.928667964066935e7 1.1328603615550436e8 1.186865648289493e8 9.887725807757103e7 1.0521006239083049e8 7.16967668261004e7 9.545631211697786e7 1.0012981768497398e8 9.581297101214665e7 2.6934014692539763e7 6.332957318333488e7 6.908060825316735e7 6.464841772961495e7 3.680118210014115e6 3.821727892417554e7 2.045527838714784e7 3.495090480230028e7 3.282127609188526e6 6.084557033236509e7 7.72002442952858e7 8.088050487339756e7 6.738119487523101e7 7.16967668261004e7 4.8858695228415914e7 6.504994671048593e7 6.82347679277225e7 6.529299655821229e7 1.8354534986665756e7 4.3156762181691736e7 4.707587990713128e7 4.4055505968795106e7 2.507864468473729e6 2.604366230271775e7 1.3939515779758042e7 2.3817749129955396e7 2.236648591798621e6 8.100914461971804e7 1.027835834331521e8 1.0768344318928488e8 8.97106055622508e7 9.545631211697786e7 6.504994671048593e7 8.660680657260056e7 9.084704363777651e7 8.693040055251913e7 2.4437032491280213e7 5.745845375100045e7 6.267632537037379e7 5.8655031661731325e7 3.3389440562968217e6 3.4674254746622466e7 1.8558922918511946e7 3.1710697643972956e7 2.977850125272387e6 8.497532223587088e7 1.0781582948184471e8 1.1295558455076335e8 9.41028034725335e7 1.0012981768497398e8 6.82347679277225e7 9.084704363777651e7 9.52948811339165e7 9.118648065869865e7 2.563346052082052e7 6.027159829407345e7 6.5744934968878075e7 6.152676021464422e7 3.5024175164825455e6 3.637189337345178e7 1.946756088777883e7 3.3263241616366696e7 3.1236445607840354e6 8.131182373415138e7 1.0316761963249566e8 1.0808578701573394e8 9.004579644439535e7 9.581297101214665e7 6.529299655821229e7 8.693040055251913e7 9.118648065869865e7 8.725520359518903e7 2.4528337977698576e7 5.767313906806807e7 6.291050652051547e7 5.887418782149295e7 3.351419544525299e6 3.480381015384977e7 1.8628265686913975e7 3.1829180142782163e7 2.9889764375308827e6 2.2857592578516252e7 2.90014823005929e7 3.0384029894735623e7 2.531280241928124e7 2.6934014692539763e7 1.8354534986665756e7 2.4437032491280213e7 2.563346052082052e7 2.4528337977698576e7 6.895168874276545e6 1.6212514429046424e7 1.768479245595955e7 1.6550141625338051e7 942118.611911802 9.783710119179113e6 5.236597679914008e6 8.947510932611695e6 840232.115064107 5.374473870755502e7 6.819078094174014e7 7.144154582184383e7 5.951763937112514e7 6.332957318333488e7 4.3156762181691736e7 5.745845375100045e7 6.027159829407345e7 5.767313906806807e7 1.6212514429046424e7 3.81202591125249e7 4.158200590801603e7 3.891411723135028e7 2.215190355449542e6 2.300430118086723e7 1.2312739106571134e7 2.103815769330782e7 1.9756260560992141e6 5.862536337608614e7 7.438326816251947e7 7.792923892969167e7 6.4922508125033855e7 6.908060825316735e7 4.707587990713128e7 6.267632537037379e7 6.5744934968878075e7 6.291050652051547e7 1.768479245595955e7 4.158200590801603e7 4.5358118113267876e7 4.244795524193013e7 2.4163544685198218e6 2.5093349570079647e7 1.3430873823863404e7 2.294865821647758e7 2.155035045649948e6 5.486397813982643e7 6.961086061433233e7 7.29293229905324e7 6.0757100023494236e7 6.464841772961495e7 4.4055505968795106e7 5.8655031661731325e7 6.152676021464422e7 5.887418782149295e7 1.6550141625338051e7 3.891411723135028e7 4.244795524193013e7 3.972450752302802e7 2.2613219109362545e6 2.348336799954831e7 1.2569153100921942e7 2.1476279381847806e7 2.0167686616562165e6 3.1231379222712205e6 3.962605810910765e6 4.151509642571075e6 3.458604526397925e6 3.680118210014115e6 2.507864468473729e6 3.3389440562968217e6 3.5024175164825455e6 3.351419544525299e6 942118.611911802 2.215190355449542e6 2.4163544685198218e6 2.2613219109362545e6 128725.99570721146 1.3367932772778661e6 715500.4072121121 1.2225395394369157e6 114804.77539587021 3.2433151948575996e7 4.1150855189935505e7 4.311258305094893e7 3.591690438478023e7 3.821727892417554e7 2.604366230271775e7 3.4674254746622466e7 3.637189337345178e7 3.480381015384977e7 9.783710119179113e6 2.300430118086723e7 2.5093349570079647e7 2.348336799954831e7 1.3367932772778661e6 1.3882326226008644e7 7.430326166800383e6 1.269582440242171e7 1.1922242364911612e6 1.7359403148430735e7 2.2025435155899115e7 2.3075423293371398e7 1.922403422422885e7 2.045527838714784e7 1.3939515779758042e7 1.8558922918511946e7 1.946756088777883e7 1.8628265686913975e7 5.236597679914008e6 1.2312739106571134e7 1.3430873823863404e7 1.2569153100921942e7 715500.4072121121 7.430326166800383e6 3.9769809501812877e6 6.795267214631592e6 638121.7957907659 2.9661138576669976e7 3.763375265754109e7 3.942781454913558e7 3.2847139861432627e7 3.495090480230028e7 2.3817749129955396e7 3.1710697643972956e7 3.3263241616366696e7 3.1829180142782163e7 8.947510932611695e6 2.103815769330782e7 2.294865821647758e7 2.1476279381847806e7 1.2225395394369157e6 1.269582440242171e7 6.795267214631592e6 1.1610731129135055e7 1.090326600051017e6 2.7853825929006627e6 3.5340652647870313e6 3.7025398751097866e6 3.0845697767168996e6 3.282127609188526e6 2.236648591798621e6 2.977850125272387e6 3.1236445607840354e6 2.9889764375308827e6 840232.115064107 1.9756260560992141e6 2.155035045649948e6 2.0167686616562165e6 114804.77539587021 1.1922242364911612e6 638121.7957907659 1.090326600051017e6 102389.08140725945
1.4208089324026437e7 1.7479197804696005e7 3.6927866310005955e7 2.2104232239751115e7 1.887250879250781e7 1.3040261410113025e7 3.9840470059371606e7 5.1767994970326215e7 5.876126507145805e7 2.6662199192613225e7 4.153136933742646e7 4.898102563843976e7 1.507084084927862e7 2.7400989305071805e7 1.8625112795886822e7 2.0378172460165373e6 5.103559068229361e6 3.975848374459634e7 1.7479197804696005e7 2.1503409003703214e7 4.5429717185578875e7 2.719325863092592e7 2.321750002635996e7 1.6042502507840054e7 4.901288561173528e7 6.3686467856637195e7 7.228978872629435e7 3.2800599923580933e7 5.1093078259381354e7 6.025785848371556e7 1.8540579403746404e7 3.3709480647604816e7 2.2913146396367252e7 2.506981052878806e6 6.278544315644187e6 4.8912023702681005e7 3.6927866310005955e7 4.5429717185578875e7 9.597823318182959e7 5.745052092645008e7 4.905103464162621e7 3.389259590210101e7 1.0354830396458536e8 1.3454881608665976e8 1.527248380326686e8 6.929701136173247e7 1.0794307521493952e8 1.2730527837015955e8 3.9170220806566626e7 7.121718105392957e7 4.8408034300024934e7 5.296436495361041e6 1.326452436205431e7 1.0333521551882571e8 2.2104232239751115e7 2.719325863092592e7 5.745052092645008e7 3.4388655065858565e7 2.9360901932879858e7 2.0287384186751217e7 6.1981803650685035e7 8.053804824237107e7 9.141782686040969e7 4.1479711278237656e7 6.46124198780864e7 7.620222123902391e7 2.3446457759626254e7 4.2629083853943594e7 2.8976015658604577e7 3.1703337894946756e6 7.93986104117906e6 6.185425345720411e7 1.887250879250781e7 2.321750002635996e7 4.905103464162621e7 2.9360901932879858e7 2.5068225572103094e7 1.7321290886227004e7 5.291982646967596e7 6.876307700260933e7 7.805219030011712e7 3.541521855716983e7 5.516583652525548e7 6.506116452015239e7 2.0018495798553538e7 3.6396548458412394e7 2.4739611145843446e7 2.706818842132132e6 6.779022934868928e6 5.281092460319874e7 1.3040261410113025e7 1.6042502507840054e7 3.389259590210101e7 2.0287384186751217e7 1.7321290886227004e7 1.1968422619396431e7 3.656579941381992e7 4.751294644163754e7 5.393140765415778e7 2.447071096690228e7 3.811771593835357e7 4.4955050879402414e7 1.3832099437358333e7 2.5148776537434354e7 1.709422949928192e7 1.8703197163291434e6 4.684074181538409e6 3.6490551929634035e7 3.9840470059371606e7 4.901288561173528e7 1.0354830396458536e8 6.1981803650685035e7 5.291982646967596e7 3.656579941381992e7 1.1171544733094837e8 1.4516105625555706e8 1.647706717166657e8 7.47626598077497e7 1.164568464398939e8 1.3734620052857018e8 4.2259685305461146e7 7.683427863589095e7 5.222611089882019e7 5.714181205146391e6 1.4310734372298066e7 1.1148555200550452e8 5.1767994970326215e7 6.3686467856637195e7 1.3454881608665976e8 8.053804824237107e7 6.876307700260933e7 4.751294644163754e7 1.4516105625555706e8 1.8861968292357662e8 2.141000668911325e8 9.714526437886216e7 1.5132194554372108e8 1.7846519901900434e8 5.491148003727111e7 9.983708887078786e7 6.786167538437088e7 7.424904963388295e6 1.8595112555217825e7 1.448623343771871e8 5.876126507145805e7 7.228978872629435e7 1.527248380326686e8 9.141782686040969e7 7.805219030011712e7 5.393140765415778e7 1.647706717166657e8 2.141000668911325e8 2.430225622919747e8 1.1026848990143956e8 1.717638274057208e8 2.0257382716091982e8 6.2329399386352785e7 1.1332394941047707e8 7.702901952721946e7 8.427925573206622e6 2.1107101762721926e7 1.6443159589409223e8 2.6662199192613225e7 3.2800599923580933e7 6.929701136173247e7 4.1479711278237656e7 3.541521855716983e7 2.447071096690228e7 7.47626598077497e7 9.714526437886216e7 1.1026848990143956e8 5.003296710589167e7 7.79357179394935e7 9.191537528006509e7 2.8281196124248914e7 5.14193441683299e7 3.495096744001156e7 3.8240672684649243e6 9.577087063937267e6 7.460880833583434e7 4.153136933742646e7 5.1093078259381354e7 1.0794307521493952e8 6.46124198780864e7 5.516583652525548e7 3.811771593835357e7 1.164568464398939e8 1.5132194554372108e8 1.717638274057208e8 7.79357179394935e7 1.2139947882541321e8 1.4317541366213128e8 4.405326031266719e7 8.009525989644545e7 5.444267845143257e7 5.956701056444779e6 1.4918106985685732e7 1.1621719395447575e8 4.898102563843976e7 6.025785848371556e7 1.2730527837015955e8 7.620222123902391e7 6.506116452015239e7 4.4955050879402414e7 1.3734620052857018e8 1.7846519901900434e8 2.0257382716091982e8 9.191537528006509e7 1.4317541366213128e8 1.688573894687199e8 5.195527879903325e7 9.446228335577421e7 6.420829054273107e7 7.025179564770943e6 1.759403054607154e7 1.370635605694296e8 1.507084084927862e7 1.8540579403746404e7 3.9170220806566626e7 2.3446457759626254e7 2.0018495798553538e7 1.3832099437358333e7 4.2259685305461146e7 5.491148003727111e7 6.2329399386352785e7 2.8281196124248914e7 4.405326031266719e7 5.195527879903325e7 1.5985980853892786e7 2.906484746201574e7 1.975607728422744e7 2.161558721530272e6 5.413460228752309e6 4.217272057194786e7 2.7400989305071805e7 3.3709480647604816e7 7.121718105392957e7 4.2629083853943594e7 3.6396548458412394e7 2.5148776537434354e7 7.683427863589095e7 9.983708887078786e7 1.1332394941047707e8 5.14193441683299e7 8.009525989644545e7 9.446228335577421e7 2.906484746201574e7 5.284413672899727e7 3.5919433281070024e7 3.930029386102283e6 9.842461168221662e6 7.667616405179128e7 1.8625112795886822e7 2.2913146396367252e7 4.8408034300024934e7 2.8976015658604577e7 2.4739611145843446e7 1.709422949928192e7 5.222611089882019e7 6.786167538437088e7 7.702901952721946e7 3.495096744001156e7 5.444267845143257e7 6.420829054273107e7 1.975607728422744e7 3.5919433281070024e7 2.4415304461303905e7 2.6713356876408975e6 6.690158059852724e6 5.2118636605438165e7 2.0378172460165373e6 2.506981052878806e6 5.296436495361041e6 3.1703337894946756e6 2.706818842132132e6 1.8703197163291434e6 5.714181205146391e6 7.424904963388295e6 8.427925573206622e6 3.8240672684649243e6 5.956701056444779e6 7.025179564770943e6 2.161558721530272e6 3.930029386102283e6 2.6713356876408975e6 292277.0988735303 731985.8742522734 5.702422190800679e6 5.103559068229361e6 6.278544315644187e6 1.326452436205431e7 7.93986104117906e6 6.779022934868928e6 4.684074181538409e6 1.4310734372298066e7 1.8595112555217825e7 2.1107101762721926e7 9.577087063937267e6 1.4918106985685732e7 1.759403054607154e7 5.413460228752309e6 9.842461168221662e6 6.690158059852724e6 731985.8742522734 1.833203224508225e6 1.4281284810805343e7 3.975848374459634e7 4.8912023702681005e7 1.0333521551882571e8 6.185425345720411e7 5.281092460319874e7 3.6490551929634035e7 1.1148555200550452e8 1.448623343771871e8 1.6443159589409223e8 7.460880833583434e7 1.1621719395447575e8 1.370635605694296e8 4.217272057194786e7 7.667616405179128e7 5.2118636605438165e7 5.702422190800679e6 1.4281284810805343e7 1.1125612977363837e8
