2.5480027562238593e7 2.6200989292519554e7 3.642868449582215e7 2.3820577331252094e7 7.59244171315398e6 3.0843946481373396e7 1.436682349488964e7 1.0617186622827318e7 2.5874421819050465e7 3.189858543689991e7 2.853564961473855e7 3.109527183774845e7 1.864253237223778e7 1.0331742038567014e7 1.0689490730634579e6 8.594243494850269e6 7.301602829991974e6 8.892972730698355e6 2.6200989292519554e7 2.6942350758054335e7 3.745944034338999e7 2.449458463391618e7 7.80727114774553e6 3.1716681213295743e7 1.4773335218639392e7 1.091760173107679e7 2.660654300216598e7 3.2801161358135764e7 2.9343070692705613e7 3.1975117863540202e7 1.9170026008697823e7 1.062408044356862e7 1.0991951695959512e6 8.837419081900489e6 7.508202928727224e6 9.14460091248131e6 3.642868449582215e7 3.745944034338999e7 5.208193165626083e7 3.405617572386479e7 1.085488086878294e7 4.4097456026348926e7 2.054018501448271e7 1.5179345499980275e7 3.699254824805985e7 4.560526875041427e7 4.079729404371613e7 4.445677479438493e7 2.6653147385046832e7 1.4771246620351508e7 1.5282718368185728e6 1.2287152515413778e7 1.0439069783494806e7 1.2714244403591935e7 2.3820577331252094e7 2.449458463391618e7 3.405617572386479e7 2.2269202927985746e7 7.097965044168071e6 2.8835157676572222e7 1.3431148346622953e7 9.9257159110849e6 2.418928568019093e7 2.982111064445289e7 2.667719439019611e7 2.9070114843404677e7 1.7428391038374744e7 9.658861616027683e6 999331.1033860298 8.034521990709537e6 6.826067767354965e6 8.3137957413459355e6 7.59244171315398e6 7.80727114774553e6 1.085488086878294e7 7.097965044168071e6 2.262366907839248e6 9.190761873842098e6 4.2809714283738155e6 3.163668893002264e6 7.709961813928303e6 9.505019179047037e6 8.50294435191155e6 9.26565084775134e6 5.555030899243112e6 3.0786132013222585e6 318521.3796076145 2.56087999292457e6 2.1757038434868823e6 2.64989419456354e6 3.0843946481373396e7 3.1716681213295743e7 4.4097456026348926e7 2.8835157676572222e7 9.190761873842098e6 3.7337048879638016e7 1.7391250221425664e7 1.285225987991311e7 3.1321366504564207e7 3.861370477892911e7 3.4542821720986076e7 3.76412819038178e7 2.2567058428882428e7 1.2506725030752642e7 1.2939785061200422e6 1.0403457600489505e7 8.838697146869598e6 1.076507371493104e7 1.436682349488964e7 1.4773335218639392e7 2.054018501448271e7 1.3431148346622953e7 4.2809714283738155e6 1.7391250221425664e7 8.100682655430332e6 5.986463156284837e6 1.4589201302808955e7 1.7985904669419244e7 1.6089725190664038e7 1.753295913543727e7 1.0511525995624762e7 5.825516236207031e6 602723.1571950206 4.845833822629093e6 4.116982951923664e6 5.014271246556889e6 1.0617186622827318e7 1.091760173107679e7 1.5179345499980275e7 9.9257159110849e6 3.163668893002264e6 1.285225987991311e7 5.986463156284837e6 4.424039632947701e6 1.0781525433580749e7 1.3291713824112255e7 1.1890423455125643e7 1.29569837937772e7 7.768093846628419e6 4.305098693258202e6 445416.7787413452 3.5811062937024673e6 3.0424802211233554e6 3.705582769991454e6 2.5874421819050465e7 2.660654300216598e7 3.699254824805985e7 2.418928568019093e7 7.709961813928303e6 3.1321366504564207e7 1.4589201302808955e7 1.0781525433580749e7 2.627492073290897e7 3.239232975746653e7 2.8977340515384503e7 3.157658201674476e7 1.8931092016927347e7 1.0491662576836426e7 1.0854948705203412e6 8.727270049383318e6 7.414621162277371e6 9.030623185055394e6 3.189858543689991e7 3.2801161358135764e7 4.560526875041427e7 2.982111064445289e7 9.505019179047037e6 3.861370477892911e7 1.7985904669419244e7 1.3291713824112255e7 3.239232975746653e7 3.99340130378496e7 3.572393534542968e7 3.892834036294511e7 2.3338687926590033e7 1.2934364192669092e7 1.3382231730919657e6 1.0759180291950876e7 9.140916395396017e6 1.113316105115233e7 2.853564961473855e7 2.9343070692705613e7 4.079729404371613e7 2.667719439019611e7 8.50294435191155e6 3.4542821720986076e7 1.6089725190664038e7 1.1890423455125643e7 2.8977340515384503e7 3.572393534542968e7 3.195770871699905e7 3.482428657777636e7 2.0878186666249435e7 1.1570747716118667e7 1.1971398433706593e6 9.624884450134683e6 8.177227417580112e6 9.959437965942994e6 3.109527183774845e7 3.1975117863540202e7 4.445677479438493e7 2.9070114843404677e7 9.26565084775134e6 3.76412819038178e7 1.753295913543727e7 1.29569837937772e7 3.157658201674476e7 3.892834036294511e7 3.482428657777636e7 3.7947993906271964e7 2.2750941318362884e7 1.2608633427180996e7 1.304522215544148e6 1.0488227968333151e7 8.910717396018637e6 1.0852790634989975e7 1.864253237223778e7 1.9170026008697823e7 2.6653147385046832e7 1.7428391038374744e7 5.555030899243112e6 2.2567058428882428e7 1.0511525995624762e7 7.768093846628419e6 1.8931092016927347e7 2.3338687926590033e7 2.0878186666249435e7 2.2750941318362884e7 1.3639860176799566e7 7.559247530055396e6 782099.5346328532 6.288001933133066e6 5.34223782901549e6 6.506568001644121e6 1.0331742038567014e7 1.062408044356862e7 1.4771246620351508e7 9.658861616027683e6 3.0786132013222585e6 1.2506725030752642e7 5.825516236207031e6 4.305098693258202e6 1.0491662576836426e7 1.2934364192669092e7 1.1570747716118667e7 1.2608633427180996e7 7.559247530055396e6 4.1893554977816762e6 433441.68479724636 3.484827737667663e6 2.9606827042584326e6 3.6059576460487163e6 1.0689490730634579e6 1.0991951695959512e6 1.5282718368185728e6 999331.1033860298 318521.3796076145 1.2939785061200422e6 602723.1571950206 445416.7787413452 1.0854948705203412e6 1.3382231730919657e6 1.1971398433706593e6 1.304522215544148e6 782099.5346328532 433441.68479724636 44845.0111763865 360549.39874227997 306319.98171636654 373081.81610237766 8.594243494850269e6 8.837419081900489e6 1.2287152515413778e7 8.034521990709537e6 2.56087999292457e6 1.0403457600489505e7 4.845833822629093e6 3.5811062937024673e6 8.727270049383318e6 1.0759180291950876e7 9.624884450134683e6 1.0488227968333151e7 6.288001933133066e6 3.484827737667663e6 360549.39874227997 2.8987810577661307e6 2.4627819758184617e6 2.999540438251018e6 7.301602829991974e6 7.508202928727224e6 1.0439069783494806e7 6.826067767354965e6 2.1757038434868823e6 8.838697146869598e6 4.116982951923664e6 3.0424802211233554e6 7.414621162277371e6 9.140916395396017e6 8.177227417580112e6 8.910717396018637e6 5.34223782901549e6 2.9606827042584326e6 306319.98171636654 2.4627819758184617e6 2.092360526562274e6 2.5483863664943287e6 8.892972730698355e6 9.14460091248131e6 1.2714244403591935e7 8.3137957413459355e6 2.64989419456354e6 1.076507371493104e7 5.014271246556889e6 3.705582769991454e6 9.030623185055394e6 1.113316105115233e7 9.959437965942994e6 1.0852790634989975e7 6.506568001644121e6 3.6059576460487163e6 373081.81610237766 2.999540438251018e6 2.5483863664943287e6 3.103802136625177e6
2.5480027562238593e7 2.6200989292519554e7 3.642868449582215e7 2.3820577331252094e7 7.59244171315398e6 3.0843946481373396e7 1.436682349488964e7 1.0617186622827318e7 2.5874421819050465e7 3.189858543689991e7 2.853564961473855e7 3.109527183774845e7 1.864253237223778e7 1.0331742038567014e7 1.0689490730634579e6 8.594243494850269e6 7.301602829991974e6 8.892972730698355e6 2.6200989292519554e7 2.6942350758054335e7 3.745944034338999e7 2.449458463391618e7 7.80727114774553e6 3.1716681213295743e7 1.4773335218639392e7 1.091760173107679e7 2.660654300216598e7 3.2801161358135764e7 2.9343070692705613e7 3.1975117863540202e7 1.9170026008697823e7 1.062408044356862e7 1.0991951695959512e6 8.837419081900489e6 7.508202928727224e6 9.14460091248131e6 3.642868449582215e7 3.745944034338999e7 5.208193165626083e7 3.405617572386479e7 1.085488086878294e7 4.4097456026348926e7 2.054018501448271e7 1.5179345499980275e7 3.699254824805985e7 4.560526875041427e7 4.079729404371613e7 4.445677479438493e7 2.6653147385046832e7 1.4771246620351508e7 1.5282718368185728e6 1.2287152515413778e7 1.0439069783494806e7 1.2714244403591935e7 2.3820577331252094e7 2.449458463391618e7 3.405617572386479e7 2.2269202927985746e7 7.097965044168071e6 2.8835157676572222e7 1.3431148346622953e7 9.9257159110849e6 2.418928568019093e7 2.982111064445289e7 2.667719439019611e7 2.9070114843404677e7 1.7428391038374744e7 9.658861616027683e6 999331.1033860298 8.034521990709537e6 6.826067767354965e6 8.3137957413459355e6 7.59244171315398e6 7.80727114774553e6 1.085488086878294e7 7.097965044168071e6 2.262366907839248e6 9.190761873842098e6 4.2809714283738155e6 3.163668893002264e6 7.709961813928303e6 9.505019179047037e6 8.50294435191155e6 9.26565084775134e6 5.555030899243112e6 3.0786132013222585e6 318521.3796076145 2.56087999292457e6 2.1757038434868823e6 2.64989419456354e6 3.0843946481373396e7 3.1716681213295743e7 4.4097456026348926e7 2.8835157676572222e7 9.190761873842098e6 3.7337048879638016e7 1.7391250221425664e7 1.285225987991311e7 3.1321366504564207e7 3.861370477892911e7 3.4542821720986076e7 3.76412819038178e7 2.2567058428882428e7 1.2506725030752642e7 1.2939785061200422e6 1.0403457600489505e7 8.838697146869598e6 1.076507371493104e7 1.436682349488964e7 1.4773335218639392e7 2.054018501448271e7 1.3431148346622953e7 4.2809714283738155e6 1.7391250221425664e7 8.100682655430332e6 5.986463156284837e6 1.4589201302808955e7 1.7985904669419244e7 1.6089725190664038e7 1.753295913543727e7 1.0511525995624762e7 5.825516236207031e6 602723.1571950206 4.845833822629093e6 4.116982951923664e6 5.014271246556889e6 1.0617186622827318e7 1.091760173107679e7 1.5179345499980275e7 9.9257159110849e6 3.163668893002264e6 1.285225987991311e7 5.986463156284837e6 4.424039632947701e6 1.0781525433580749e7 1.3291713824112255e7 1.1890423455125643e7 1.29569837937772e7 7.768093846628419e6 4.305098693258202e6 445416.7787413452 3.5811062937024673e6 3.0424802211233554e6 3.705582769991454e6 2.5874421819050465e7 2.660654300216598e7 3.699254824805985e7 2.418928568019093e7 7.709961813928303e6 3.1321366504564207e7 1.4589201302808955e7 1.0781525433580749e7 2.627492073290897e7 3.239232975746653e7 2.8977340515384503e7 3.157658201674476e7 1.8931092016927347e7 1.0491662576836426e7 1.0854948705203412e6 8.727270049383318e6 7.414621162277371e6 9.030623185055394e6 3.189858543689991e7 3.2801161358135764e7 4.560526875041427e7 2.982111064445289e7 9.505019179047037e6 3.861370477892911e7 1.7985904669419244e7 1.3291713824112255e7 3.239232975746653e7 3.99340130378496e7 3.572393534542968e7 3.892834036294511e7 2.3338687926590033e7 1.2934364192669092e7 1.3382231730919657e6 1.0759180291950876e7 9.140916395396017e6 1.113316105115233e7 2.853564961473855e7 2.9343070692705613e7 4.079729404371613e7 2.667719439019611e7 8.50294435191155e6 3.4542821720986076e7 1.6089725190664038e7 1.1890423455125643e7 2.8977340515384503e7 3.572393534542968e7 3.195770871699905e7 3.482428657777636e7 2.0878186666249435e7 1.1570747716118667e7 1.1971398433706593e6 9.624884450134683e6 8.177227417580112e6 9.959437965942994e6 3.109527183774845e7 3.1975117863540202e7 4.445677479438493e7 2.9070114843404677e7 9.26565084775134e6 3.76412819038178e7 1.753295913543727e7 1.29569837937772e7 3.157658201674476e7 3.892834036294511e7 3.482428657777636e7 3.7947993906271964e7 2.2750941318362884e7 1.2608633427180996e7 1.304522215544148e6 1.0488227968333151e7 8.910717396018637e6 1.0852790634989975e7 1.864253237223778e7 1.9170026008697823e7 2.6653147385046832e7 1.7428391038374744e7 5.555030899243112e6 2.2567058428882428e7 1.0511525995624762e7 7.768093846628419e6 1.8931092016927347e7 2.3338687926590033e7 2.0878186666249435e7 2.2750941318362884e7 1.3639860176799566e7 7.559247530055396e6 782099.5346328532 6.288001933133066e6 5.34223782901549e6 6.506568001644121e6 1.0331742038567014e7 1.062408044356862e7 1.4771246620351508e7 9.658861616027683e6 3.0786132013222585e6 1.2506725030752642e7 5.825516236207031e6 4.305098693258202e6 1.0491662576836426e7 1.2934364192669092e7 1.1570747716118667e7 1.2608633427180996e7 7.559247530055396e6 4.1893554977816762e6 433441.68479724636 3.484827737667663e6 2.9606827042584326e6 3.6059576460487163e6 1.0689490730634579e6 1.0991951695959512e6 1.5282718368185728e6 999331.1033860298 318521.3796076145 1.2939785061200422e6 602723.1571950206 445416.7787413452 1.0854948705203412e6 1.3382231730919657e6 1.1971398433706593e6 1.304522215544148e6 782099.5346328532 433441.68479724636 44845.0111763865 360549.39874227997 306319.98171636654 373081.81610237766 8.594243494850269e6 8.837419081900489e6 1.2287152515413778e7 8.034521990709537e6 2.56087999292457e6 1.0403457600489505e7 4.845833822629093e6 3.5811062937024673e6 8.727270049383318e6 1.0759180291950876e7 9.624884450134683e6 1.0488227968333151e7 6.288001933133066e6 3.484827737667663e6 360549.39874227997 2.8987810577661307e6 2.4627819758184617e6 2.999540438251018e6 7.301602829991974e6 7.508202928727224e6 1.0439069783494806e7 6.826067767354965e6 2.1757038434868823e6 8.838697146869598e6 4.116982951923664e6 3.0424802211233554e6 7.414621162277371e6 9.140916395396017e6 8.177227417580112e6 8.910717396018637e6 5.34223782901549e6 2.9606827042584326e6 306319.98171636654 2.4627819758184617e6 2.092360526562274e6 2.5483863664943287e6 8.892972730698355e6 9.14460091248131e6 1.2714244403591935e7 8.3137957413459355e6 2.64989419456354e6 1.076507371493104e7 5.014271246556889e6 3.705582769991454e6 9.030623185055394e6 1.113316105115233e7 9.959437965942994e6 1.0852790634989975e7 6.506568001644121e6 3.6059576460487163e6 373081.81610237766 2.999540438251018e6 2.5483863664943287e6 3.103802136625177e6
2.5480027562238593e7 2.6200989292519554e7 3.642868449582215e7 2.3820577331252094e7 7.59244171315398e6 3.0843946481373396e7 1.436682349488964e7 1.0617186622827318e7 2.5874421819050465e7 3.189858543689991e7 2.853564961473855e7 3.109527183774845e7 1.864253237223778e7 1.0331742038567014e7 1.0689490730634579e6 8.594243494850269e6 7.301602829991974e6 8.892972730698355e6 2.6200989292519554e7 2.6942350758054335e7 3.745944034338999e7 2.449458463391618e7 7.80727114774553e6 3.1716681213295743e7 1.4773335218639392e7 1.091760173107679e7 2.660654300216598e7 3.2801161358135764e7 2.9343070692705613e7 3.1975117863540202e7 1.9170026008697823e7 1.062408044356862e7 1.0991951695959512e6 8.837419081900489e6 7.508202928727224e6 9.14460091248131e6 3.642868449582215e7 3.745944034338999e7 5.208193165626083e7 3.405617572386479e7 1.085488086878294e7 4.4097456026348926e7 2.054018501448271e7 1.5179345499980275e7 3.699254824805985e7 4.560526875041427e7 4.079729404371613e7 4.445677479438493e7 2.6653147385046832e7 1.4771246620351508e7 1.5282718368185728e6 1.2287152515413778e7 1.0439069783494806e7 1.2714244403591935e7 2.3820577331252094e7 2.449458463391618e7 3.405617572386479e7 2.2269202927985746e7 7.097965044168071e6 2.8835157676572222e7 1.3431148346622953e7 9.9257159110849e6 2.418928568019093e7 2.982111064445289e7 2.667719439019611e7 2.9070114843404677e7 1.7428391038374744e7 9.658861616027683e6 999331.1033860298 8.034521990709537e6 6.826067767354965e6 8.3137957413459355e6 7.59244171315398e6 7.80727114774553e6 1.085488086878294e7 7.097965044168071e6 2.262366907839248e6 9.190761873842098e6 4.2809714283738155e6 3.163668893002264e6 7.709961813928303e6 9.505019179047037e6 8.50294435191155e6 9.26565084775134e6 5.555030899243112e6 3.0786132013222585e6 318521.3796076145 2.56087999292457e6 2.1757038434868823e6 2.64989419456354e6 3.0843946481373396e7 3.1716681213295743e7 4.4097456026348926e7 2.8835157676572222e7 9.190761873842098e6 3.7337048879638016e7 1.7391250221425664e7 1.285225987991311e7 3.1321366504564207e7 3.861370477892911e7 3.4542821720986076e7 3.76412819038178e7 2.2567058428882428e7 1.2506725030752642e7 1.2939785061200422e6 1.0403457600489505e7 8.838697146869598e6 1.076507371493104e7 1.436682349488964e7 1.4773335218639392e7 2.054018501448271e7 1.3431148346622953e7 4.2809714283738155e6 1.7391250221425664e7 8.100682655430332e6 5.986463156284837e6 1.4589201302808955e7 1.7985904669419244e7 1.6089725190664038e7 1.753295913543727e7 1.0511525995624762e7 5.825516236207031e6 602723.1571950206 4.845833822629093e6 4.116982951923664e6 5.014271246556889e6 1.0617186622827318e7 1.091760173107679e7 1.5179345499980275e7 9.9257159110849e6 3.163668893002264e6 1.285225987991311e7 5.986463156284837e6 4.424039632947701e6 1.0781525433580749e7 1.3291713824112255e7 1.1890423455125643e7 1.29569837937772e7 7.768093846628419e6 4.305098693258202e6 445416.7787413452 3.5811062937024673e6 3.0424802211233554e6 3.705582769991454e6 2.5874421819050465e7 2.660654300216598e7 3.699254824805985e7 2.418928568019093e7 7.709961813928303e6 3.1321366504564207e7 1.4589201302808955e7 1.0781525433580749e7 2.627492073290897e7 3.239232975746653e7 2.8977340515384503e7 3.157658201674476e7 1.8931092016927347e7 1.0491662576836426e7 1.0854948705203412e6 8.727270049383318e6 7.414621162277371e6 9.030623185055394e6 3.189858543689991e7 3.2801161358135764e7 4.560526875041427e7 2.982111064445289e7 9.505019179047037e6 3.861370477892911e7 1.7985904669419244e7 1.3291713824112255e7 3.239232975746653e7 3.99340130378496e7 3.572393534542968e7 3.892834036294511e7 2.3338687926590033e7 1.2934364192669092e7 1.3382231730919657e6 1.0759180291950876e7 9.140916395396017e6 1.113316105115233e7 2.853564961473855e7 2.9343070692705613e7 4.079729404371613e7 2.667719439019611e7 8.50294435191155e6 3.4542821720986076e7 1.6089725190664038e7 1.1890423455125643e7 2.8977340515384503e7 3.572393534542968e7 3.195770871699905e7 3.482428657777636e7 2.0878186666249435e7 1.1570747716118667e7 1.1971398433706593e6 9.624884450134683e6 8.177227417580112e6 9.959437965942994e6 3.109527183774845e7 3.1975117863540202e7 4.445677479438493e7 2.9070114843404677e7 9.26565084775134e6 3.76412819038178e7 1.753295913543727e7 1.29569837937772e7 3.157658201674476e7 3.892834036294511e7 3.482428657777636e7 3.7947993906271964e7 2.2750941318362884e7 1.2608633427180996e7 1.304522215544148e6 1.0488227968333151e7 8.910717396018637e6 1.0852790634989975e7 1.864253237223778e7 1.9170026008697823e7 2.6653147385046832e7 1.7428391038374744e7 5.555030899243112e6 2.2567058428882428e7 1.0511525995624762e7 7.768093846628419e6 1.8931092016927347e7 2.3338687926590033e7 2.0878186666249435e7 2.2750941318362884e7 1.3639860176799566e7 7.559247530055396e6 782099.5346328532 6.288001933133066e6 5.34223782901549e6 6.506568001644121e6 1.0331742038567014e7 1.062408044356862e7 1.4771246620351508e7 9.658861616027683e6 3.0786132013222585e6 1.2506725030752642e7 5.825516236207031e6 4.305098693258202e6 1.0491662576836426e7 1.2934364192669092e7 1.1570747716118667e7 1.2608633427180996e7 7.559247530055396e6 4.1893554977816762e6 433441.68479724636 3.484827737667663e6 2.9606827042584326e6 3.6059576460487163e6 1.0689490730634579e6 1.0991951695959512e6 1.5282718368185728e6 999331.1033860298 318521.3796076145 1.2939785061200422e6 602723.1571950206 445416.7787413452 1.0854948705203412e6 1.3382231730919657e6 1.1971398433706593e6 1.304522215544148e6 782099.5346328532 433441.68479724636 44845.0111763865 360549.39874227997 306319.98171636654 373081.81610237766 8.594243494850269e6 8.837419081900489e6 1.2287152515413778e7 8.034521990709537e6 2.56087999292457e6 1.0403457600489505e7 4.845833822629093e6 3.5811062937024673e6 8.727270049383318e6 1.0759180291950876e7 9.624884450134683e6 1.0488227968333151e7 6.288001933133066e6 3.484827737667663e6 360549.39874227997 2.8987810577661307e6 2.4627819758184617e6 2.999540438251018e6 7.301602829991974e6 7.508202928727224e6 1.0439069783494806e7 6.826067767354965e6 2.1757038434868823e6 8.838697146869598e6 4.116982951923664e6 3.0424802211233554e6 7.414621162277371e6 9.140916395396017e6 8.177227417580112e6 8.910717396018637e6 5.34223782901549e6 2.9606827042584326e6 306319.98171636654 2.4627819758184617e6 2.092360526562274e6 2.5483863664943287e6 8.892972730698355e6 9.14460091248131e6 1.2714244403591935e7 8.3137957413459355e6 2.64989419456354e6 1.076507371493104e7 5.014271246556889e6 3.705582769991454e6 9.030623185055394e6 1.113316105115233e7 9.959437965942994e6 1.0852790634989975e7 6.506568001644121e6 3.6059576460487163e6 373081.81610237766 2.999540438251018e6 2.5483863664943287e6 3.103802136625177e6
2.5480027562238593e7 2.6200989292519554e7 3.642868449582215e7 2.3820577331252094e7 7.59244171315398e6 3.0843946481373396e7 1.436682349488964e7 1.0617186622827318e7 2.5874421819050465e7 3.189858543689991e7 2.853564961473855e7 3.109527183774845e7 1.864253237223778e7 1.0331742038567014e7 1.0689490730634579e6 8.594243494850269e6 7.301602829991974e6 8.892972730698355e6 2.6200989292519554e7 2.6942350758054335e7 3.745944034338999e7 2.449458463391618e7 7.80727114774553e6 3.1716681213295743e7 1.4773335218639392e7 1.091760173107679e7 2.660654300216598e7 3.2801161358135764e7 2.9343070692705613e7 3.1975117863540202e7 1.9170026008697823e7 1.062408044356862e7 1.0991951695959512e6 8.837419081900489e6 7.508202928727224e6 9.14460091248131e6 3.642868449582215e7 3.745944034338999e7 5.208193165626083e7 3.405617572386479e7 1.085488086878294e7 4.4097456026348926e7 2.054018501448271e7 1.5179345499980275e7 3.699254824805985e7 4.560526875041427e7 4.079729404371613e7 4.445677479438493e7 2.6653147385046832e7 1.4771246620351508e7 1.5282718368185728e6 1.2287152515413778e7 1.0439069783494806e7 1.2714244403591935e7 2.3820577331252094e7 2.449458463391618e7 3.405617572386479e7 2.2269202927985746e7 7.097965044168071e6 2.8835157676572222e7 1.3431148346622953e7 9.9257159110849e6 2.418928568019093e7 2.982111064445289e7 2.667719439019611e7 2.9070114843404677e7 1.7428391038374744e7 9.658861616027683e6 999331.1033860298 8.034521990709537e6 6.826067767354965e6 8.3137957413459355e6 7.59244171315398e6 7.80727114774553e6 1.085488086878294e7 7.097965044168071e6 2.262366907839248e6 9.190761873842098e6 4.2809714283738155e6 3.163668893002264e6 7.709961813928303e6 9.505019179047037e6 8.50294435191155e6 9.26565084775134e6 5.555030899243112e6 3.0786132013222585e6 318521.3796076145 2.56087999292457e6 2.1757038434868823e6 2.64989419456354e6 3.0843946481373396e7 3.1716681213295743e7 4.4097456026348926e7 2.8835157676572222e7 9.190761873842098e6 3.7337048879638016e7 1.7391250221425664e7 1.285225987991311e7 3.1321366504564207e7 3.861370477892911e7 3.4542821720986076e7 3.76412819038178e7 2.2567058428882428e7 1.2506725030752642e7 1.2939785061200422e6 1.0403457600489505e7 8.838697146869598e6 1.076507371493104e7 1.436682349488964e7 1.4773335218639392e7 2.054018501448271e7 1.3431148346622953e7 4.2809714283738155e6 1.7391250221425664e7 8.100682655430332e6 5.986463156284837e6 1.4589201302808955e7 1.7985904669419244e7 1.6089725190664038e7 1.753295913543727e7 1.0511525995624762e7 5.825516236207031e6 602723.1571950206 4.845833822629093e6 4.116982951923664e6 5.014271246556889e6 1.0617186622827318e7 1.091760173107679e7 1.5179345499980275e7 9.9257159110849e6 3.163668893002264e6 1.285225987991311e7 5.986463156284837e6 4.424039632947701e6 1.0781525433580749e7 1.3291713824112255e7 1.1890423455125643e7 1.29569837937772e7 7.768093846628419e6 4.305098693258202e6 445416.7787413452 3.5811062937024673e6 3.0424802211233554e6 3.705582769991454e6 2.5874421819050465e7 2.660654300216598e7 3.699254824805985e7 2.418928568019093e7 7.709961813928303e6 3.1321366504564207e7 1.4589201302808955e7 1.0781525433580749e7 2.627492073290897e7 3.239232975746653e7 2.8977340515384503e7 3.157658201674476e7 1.8931092016927347e7 1.0491662576836426e7 1.0854948705203412e6 8.727270049383318e6 7.414621162277371e6 9.030623185055394e6 3.189858543689991e7 3.2801161358135764e7 4.560526875041427e7 2.982111064445289e7 9.505019179047037e6 3.861370477892911e7 1.7985904669419244e7 1.3291713824112255e7 3.239232975746653e7 3.99340130378496e7 3.572393534542968e7 3.892834036294511e7 2.3338687926590033e7 1.2934364192669092e7 1.3382231730919657e6 1.0759180291950876e7 9.140916395396017e6 1.113316105115233e7 2.853564961473855e7 2.9343070692705613e7 4.079729404371613e7 2.667719439019611e7 8.50294435191155e6 3.4542821720986076e7 1.6089725190664038e7 1.1890423455125643e7 2.8977340515384503e7 3.572393534542968e7 3.195770871699905e7 3.482428657777636e7 2.0878186666249435e7 1.1570747716118667e7 1.1971398433706593e6 9.624884450134683e6 8.177227417580112e6 9.959437965942994e6 3.109527183774845e7 3.1975117863540202e7 4.445677479438493e7 2.9070114843404677e7 9.26565084775134e6 3.76412819038178e7 1.753295913543727e7 1.29569837937772e7 3.157658201674476e7 3.892834036294511e7 3.482428657777636e7 3.7947993906271964e7 2.2750941318362884e7 1.2608633427180996e7 1.304522215544148e6 1.0488227968333151e7 8.910717396018637e6 1.0852790634989975e7 1.864253237223778e7 1.9170026008697823e7 2.6653147385046832e7 1.7428391038374744e7 5.555030899243112e6 2.2567058428882428e7 1.0511525995624762e7 7.768093846628419e6 1.8931092016927347e7 2.3338687926590033e7 2.0878186666249435e7 2.2750941318362884e7 1.3639860176799566e7 7.559247530055396e6 782099.5346328532 6.288001933133066e6 5.34223782901549e6 6.506568001644121e6 1.0331742038567014e7 1.062408044356862e7 1.4771246620351508e7 9.658861616027683e6 3.0786132013222585e6 1.2506725030752642e7 5.825516236207031e6 4.305098693258202e6 1.0491662576836426e7 1.2934364192669092e7 1.1570747716118667e7 1.2608633427180996e7 7.559247530055396e6 4.1893554977816762e6 433441.68479724636 3.484827737667663e6 2.9606827042584326e6 3.6059576460487163e6 1.0689490730634579e6 1.0991951695959512e6 1.5282718368185728e6 999331.1033860298 318521.3796076145 1.2939785061200422e6 602723.1571950206 445416.7787413452 1.0854948705203412e6 1.3382231730919657e6 1.1971398433706593e6 1.304522215544148e6 782099.5346328532 433441.68479724636 44845.0111763865 360549.39874227997 306319.98171636654 373081.81610237766 8.594243494850269e6 8.837419081900489e6 1.2287152515413778e7 8.034521990709537e6 2.56087999292457e6 1.0403457600489505e7 4.845833822629093e6 3.5811062937024673e6 8.727270049383318e6 1.0759180291950876e7 9.624884450134683e6 1.0488227968333151e7 6.288001933133066e6 3.484827737667663e6 360549.39874227997 2.8987810577661307e6 2.4627819758184617e6 2.999540438251018e6 7.301602829991974e6 7.508202928727224e6 1.0439069783494806e7 6.826067767354965e6 2.1757038434868823e6 8.838697146869598e6 4.116982951923664e6 3.0424802211233554e6 7.414621162277371e6 9.140916395396017e6 8.177227417580112e6 8.910717396018637e6 5.34223782901549e6 2.9606827042584326e6 306319.98171636654 2.4627819758184617e6 2.092360526562274e6 2.5483863664943287e6 8.892972730698355e6 9.14460091248131e6 1.2714244403591935e7 8.3137957413459355e6 2.64989419456354e6 1.076507371493104e7 5.014271246556889e6 3.705582769991454e6 9.030623185055394e6 1.113316105115233e7 9.959437965942994e6 1.0852790634989975e7 6.506568001644121e6 3.6059576460487163e6 373081.81610237766 2.999540438251018e6 2.5483863664943287e6 3.103802136625177e6
