4.672897892434169e6 7.328993774803125e6 3.128993199336194e6 5.420630203493398e6 3.2501639444750003e6 6.754225061502587e6 1.5969157370124783e6 5.753155707372696e6 4.9005775089421e6 5.913882326421191e6 5.655632278858826e6 4.361025295067466e6 2.7039032561933803e6 7.811288075866593e6 7.363201931976309e6 6.927626473861516e6 8.215375873271184e6 4.097409949244738e6 3.19447489159699e6 6.434942895080685e6 4.300622939254215e6 525624.1002772315 8.0636079266768815e6 8.113678141558639e6 1.974942036359823e6 1.2462878955808433e6 3.297085380173195e6 7.36711509988858e6 6.529126845507263e6 7.328993774803125e6 1.1494826334226321e7 4.907526808250144e6 8.501740447022317e6 5.097571542214567e6 1.0593356535677629e7 2.504609722887173e6 9.023274921773091e6 7.6860874948987225e6 9.275359263773972e6 8.870318744058859e6 6.8398514102047e6 4.240813856514277e6 1.2251258854577392e7 1.1548478559620691e7 1.0865320079708474e7 1.2885031947810858e7 6.426395932907523e6 5.01022858474733e6 1.009259297011792e7 6.74511608751436e6 824391.169568573 1.2646998427411191e7 1.272552877445036e7 3.0975078470071796e6 1.9546834616509154e6 5.1711633300200915e6 1.1554615989525853e7 1.0240311495592311e7 3.128993199336194e6 4.907526808250144e6 2.0951877543363378e6 3.6296780784165524e6 2.1763242238730867e6 4.522659123034842e6 1.0693018756337792e6 3.8523386338566313e6 3.281448482562956e6 3.9599618923851987e6 3.787036512641889e6 2.9201619218970463e6 1.810545638925764e6 5.230473215992019e6 4.930432742345135e6 4.638769479502262e6 5.501052201263849e6 2.7436439145903857e6 2.1390345865337187e6 4.308866365221542e6 2.8797162359620826e6 351960.2338920213 5.399427709631009e6 5.432954948072914e6 1.3224299659657325e6 834519.9145055817 2.207743025777672e6 4.93305301697283e6 4.371932357065389e6 5.420630203493398e6 8.501740447022317e6 3.6296780784165524e6 6.2880106690537585e6 3.77023792286397e6 7.835000295823126e6 1.8524457147884723e6 6.673745138595322e6 5.684741903421811e6 6.860190377882546e6 6.560616528829115e6 5.058853408912667e6 3.1365674994903537e6 9.06120892151011e6 8.541422411885926e6 8.0361484815523885e6 9.52995670284317e6 4.753055735057082e6 3.7056378034127755e6 7.4646282922864035e6 4.988785788814744e6 609731.6781220345 9.353903655212227e6 9.411985840042949e6 2.290961775512759e6 1.445712267749689e6 3.8246674775839043e6 8.545961744151443e6 7.57388305841199e6 3.2501639444750003e6 5.097571542214567e6 2.1763242238730867e6 3.77023792286397e6 2.260602715729918e6 4.697799796419243e6 1.1107107559970715e6 4.001521042719152e6 3.40852308210223e6 4.113312028564269e6 3.9336900867698328e6 3.033245643548247e6 1.880659298560113e6 5.433024099498182e6 5.12136451214683e6 4.818406544382327e6 5.714081297784742e6 2.8498919491329333e6 2.2218690314225587e6 4.475727881024196e6 2.991233692175752e6 365589.9483346644 5.608521382010323e6 5.643346967941548e6 1.373641270740683e6 866836.8271454896 2.2932382155931164e6 5.124086257314368e6 4.541236113147203e6 6.754225061502587e6 1.0593356535677629e7 4.522659123034842e6 7.835000295823126e6 4.697799796419243e6 9.762583568387335e6 2.308188310620037e6 8.315633971882414e6 7.083314078042195e6 8.547948861575507e6 8.174673223303138e6 6.303443178050644e6 3.9082324410359594e6 1.1290466622447759e7 1.064280114110353e7 1.0013218654369181e7 1.1874536720083842e7 5.922412516491496e6 4.617306619538791e6 9.301091864571333e6 6.216137374500304e6 759739.149612125 1.1655170730923302e7 1.1727542417181788e7 2.854589016077969e6 1.80138944439776e6 4.765620224814982e6 1.0648457249452425e7 9.437225718339566e6 1.5969157370124783e6 2.504609722887173e6 1.0693018756337792e6 1.8524457147884723e6 1.1107107559970715e6 2.308188310620037e6 545729.8511159437 1.966082952820704e6 1.6747229502167637e6 2.021009654243159e6 1.9327553044735482e6 1.490336421533703e6 924031.6738282597 2.6694289372095484e6 2.51630001567369e6 2.3674464948539576e6 2.8075218674776996e6 1.4002485351829464e6 1.091679583699427e6 2.1990768496287554e6 1.469694525483079e6 179626.7363009925 2.75565670203445e6 2.772767693102698e6 674916.527206121 425906.32175454724 1.1267456835290822e6 2.5176373013504846e6 2.231263265012178e6 5.753155707372696e6 9.023274921773091e6 3.8523386338566313e6 6.673745138595322e6 4.001521042719152e6 8.315633971882414e6 1.966082952820704e6 7.08314227170786e6 6.033469190636655e6 7.281024889088118e6 6.963073851153337e6 5.369185919284999e6 3.328978464464001e6 9.617063674420375e6 9.065391154400012e6 8.529121479665212e6 1.0114566524136376e7 5.044629259524342e6 3.93295806535942e6 7.922541706590986e6 5.294820040533743e6 647135.3241719041 9.927713601550812e6 9.989358805265354e6 2.4314995340707283e6 1.5343986717748395e6 4.059289547787979e6 9.070208949444246e6 8.038498644750685e6 4.9005775089421e6 7.6860874948987225e6 3.281448482562956e6 5.684741903421811e6 3.40852308210223e6 7.083314078042195e6 1.6747229502167637e6 6.033469190636655e6 5.139350457460802e6 6.202026961965799e6 5.931194086114514e6 4.573509408698532e6 2.8356466990452786e6 8.1918808289044425e6 7.721962390846414e6 7.2651642020949405e6 8.615657170092018e6 4.297049818849051e6 3.3501206675170264e6 6.748475389119243e6 4.510164042889277e6 551234.3096875869 8.456494568473319e6 8.50900437599869e6 2.0711679877532457e6 1.3070113174608178e6 3.4577306911197826e6 7.726066221724173e6 6.847248304725019e6 5.913882326421191e6 9.275359263773972e6 3.9599618923851987e6 6.860190377882546e6 4.113312028564269e6 8.547948861575507e6 2.021009654243159e6 7.281024889088118e6 6.202026961965799e6 7.484435777503912e6 7.157602102291519e6 5.519185527107809e6 3.421980545529332e6 9.885736765882656e6 9.318652102775114e6 8.767400596137539e6 1.0397138413939776e7 5.185561687999623e6 4.042833598867865e6 8.143874729290031e6 5.442742079649531e6 665214.4233674483 1.0205065358259602e7 1.0268432751617108e7 2.499428635803254e6 1.5772653563095252e6 4.1726944194688816e6 9.323604493152436e6 8.263071170702135e6 5.655632278858826e6 8.870318744058859e6 3.787036512641889e6 6.560616528829115e6 3.9336900867698328e6 8.174673223303138e6 1.9327553044735482e6 6.963073851153337e6 5.931194086114514e6 7.157602102291519e6 6.84504074558494e6 5.278171275181755e6 3.272547974865514e6 9.454042009534134e6 8.911721052083218e6 8.384541841773211e6 9.943111542637905e6 4.959116270480826e6 3.8662893405335643e6 7.788244380207007e6 5.205065994236148e6 636165.5436313214 9.759426018705402e6 9.82002625650498e6 2.3902824728518613e6 1.5083886301924698e6 3.9904793409786117e6 8.916457179271672e6 7.902235698323638e6 4.361025295067466e6 6.8398514102047e6 2.9201619218970463e6 5.058853408912667e6 3.033245643548247e6 6.303443178050644e6 1.490336421533703e6 5.369185919284999e6 4.573509408698532e6 5.519185527107809e6 5.278171275181755e6 4.0699673012352707e6 2.52344279012956e6 7.289957039520951e6 6.871776490136671e6 6.465271654277801e6 7.667075724002103e6 3.8239458349493863e6 2.9812733184836297e6 6.00547013518055e6 4.0135962424946665e6 490543.5662776743 7.525436880330852e6 7.572165372725763e6 1.843132971255818e6 1.1631097367576445e6 3.0770355085679847e6 6.875428490381934e6 6.093368180388153e6 2.7039032561933803e6 4.240813856514277e6 1.810545638925764e6 3.1365674994903537e6 1.880659298560113e6 3.9082324410359594e6 924031.6738282597 3.328978464464001e6 2.8356466990452786e6 3.421980545529332e6 3.272547974865514e6 2.52344279012956e6 1.564573630142971e6 4.519886320990858e6 4.260607900745098e6 4.008568603798036e6 4.7537057487509465e6 2.370905668976819e6 1.8484356517188295e6 3.7234845374212814e6 2.4884918602516283e6 304144.6119707493 4.66588747100802e6 4.694859860341904e6 1.1427710011709272e6 721146.058952306 1.9078096933879207e6 4.262872197484205e6 3.777982687413368e6 7.811288075866593e6 1.2251258854577392e7 5.230473215992019e6 9.06120892151011e6 5.433024099498182e6 1.1290466622447759e7 2.6694289372095484e6 9.617063674420375e6 8.1918808289044425e6 9.885736765882656e6 9.454042009534134e6 7.289957039520951e6 4.519886320990858e6 1.3057469435179876e7 1.2308441736886226e7 1.1580327093589397e7 1.3732948819948852e7 6.849293567979126e6 5.339933421140622e6 1.0756749636368034e7 7.188987531395765e6 878641.3402123118 1.347925118331736e7 1.356294932555479e7 3.301343520499898e6 2.0833140380853417e6 5.5114586939637e6 1.231498304862802e7 1.091418897825828e7 7.363201931976309e6 1.1548478559620691e7 4.930432742345135e6 8.541422411885926e6 5.12136451214683e6 1.064280114110353e7 2.51630001567369e6 9.065391154400012e6 7.721962390846414e6 9.318652102775114e6 8.911721052083218e6 6.871776490136671e6 4.260607900745098e6 1.2308441736886226e7 1.1602381207353432e7 1.091603407789762e7 1.2945172972840458e7 6.4563912049578e6 5.033613880487361e6 1.0139700256222285e7 6.776598989310011e6 828239.0242082836 1.270602842842733e7 1.2784925316704888e7 3.111965498157039e6 1.9638069677057113e6 5.195299790412472e6 1.1608547283778604e7 1.0288108259501146e7 6.927626473861516e6 1.0865320079708474e7 4.638769479502262e6 8.0361484815523885e6 4.818406544382327e6 1.0013218654369181e7 2.3674464948539576e6 8.529121479665212e6 7.2651642020949405e6 8.767400596137539e6 8.384541841773211e6 6.465271654277801e6 4.008568603798036e6 1.1580327093589397e7 1.091603407789762e7 1.0270288302051328e7 1.2179392039475944e7 6.074458781692995e6 4.73584686387944e6 9.539879060898192e6 6.375724446346513e6 779243.9544368855 1.1954394261028316e7 1.2028623947649203e7 2.9278749611841706e6 1.8476365669059264e6 4.887968128567742e6 1.0921835395677235e7 9.679507882971201e6 8.215375873271184e6 1.2885031947810858e7 5.501052201263849e6 9.52995670284317e6 5.714081297784742e6 1.1874536720083842e7 2.8075218674776996e6 1.0114566524136376e7 8.615657170092018e6 1.0397138413939776e7 9.943111542637905e6 7.667075724002103e6 4.7537057487509465e6 1.3732948819948852e7 1.2945172972840458e7 1.2179392039475944e7 1.4443371606386345e7 7.203616174542969e6 5.616174921067188e6 1.131320988025814e7 7.5608829357025e6 924094.5664186212 1.4176549870605329e7 1.4264577823446989e7 3.472126190236057e6 2.191086504389956e6 5.796573412880669e6 1.2952052674899982e7 1.1478793758141855e7 4.097409949244738e6 6.426395932907523e6 2.7436439145903857e6 4.753055735057082e6 2.8498919491329333e6 5.922412516491496e6 1.4002485351829464e6 5.044629259524342e6 4.297049818849051e6 5.185561687999623e6 4.959116270480826e6 3.8239458349493863e6 2.370905668976819e6 6.849293567979126e6 6.4563912049578e6 6.074458781692995e6 7.203616174542969e6 3.5927958792663235e6 2.801061248231931e6 5.642451354183272e6 3.7709822951151975e6 460891.17879630276 7.070539118577596e6 7.11444296611287e6 1.7317192318848434e6 1.0928020557102673e6 2.8910348035004362e6 6.459822449017886e6 5.725036136564642e6 3.19447489159699e6 5.01022858474733e6 2.1390345865337187e6 3.7056378034127755e6 2.2218690314225587e6 4.617306619538791e6 1.091679583699427e6 3.93295806535942e6 3.3501206675170264e6 4.042833598867865e6 3.8662893405335643e6 2.9812733184836297e6 1.8484356517188295e6 5.339933421140622e6 5.033613880487361e6 4.73584686387944e6 5.616174921067188e6 2.801061248231931e6 2.183799018926961e6 4.399039735166926e6 2.9399812095010765e6 359325.84648863686 5.512423693048768e6 5.546652569420239e6 1.3501049868274569e6 851984.2465593404 2.253945347161931e6 5.036288990650284e6 4.463425534248102e6 6.434942895080685e6 1.009259297011792e7 4.308866365221542e6 7.4646282922864035e6 4.475727881024196e6 9.301091864571333e6 2.1990768496287554e6 7.922541706590986e6 6.748475389119243e6 8.143874729290031e6 7.788244380207007e6 6.00547013518055e6 3.7234845374212814e6 1.0756749636368034e7 1.0139700256222285e7 9.539879060898192e6 1.131320988025814e7 5.642451354183272e6 4.399039735166926e6 8.861415553289395e6 5.922291405549858e6 723825.161050167 1.110421364449206e7 1.1173164214550566e7 2.719648388989244e6 1.7162351122368306e6 4.540342337882316e6 1.0145088991999092e7 8.991114159289202e6 4.300622939254215e6 6.74511608751436e6 2.8797162359620826e6 4.988785788814744e6 2.991233692175752e6 6.216137374500304e6 1.469694525483079e6 5.294820040533743e6 4.510164042889277e6 5.442742079649531e6 5.205065994236148e6 4.0135962424946665e6 2.4884918602516283e6 7.188987531395765e6 6.776598989310011e6 6.375724446346513e6 7.5608829357025e6 3.7709822951151975e6 2.9399812095010765e6 5.922291405549858e6 3.95800595077953e6 483749.2954290924 7.4212058600223875e6 7.467287139701645e6 1.817604668618627e6 1.1470000920259452e6 3.0344170459214263e6 6.7802004075468425e6 6.008972019386924e6 525624.1002772315 824391.169568573 351960.2338920213 609731.6781220345 365589.9483346644 759739.149612125 179626.7363009925 647135.3241719041 551234.3096875869 665214.4233674483 636165.5436313214 490543.5662776743 304144.6119707493 878641.3402123118 828239.0242082836 779243.9544368855 924094.5664186212 460891.17879630276 359325.84648863686 723825.161050167 483749.2954290924 59124.05987718496 907023.170420709 912655.2454742902 222148.4729298394 140186.87522826367 370867.8375567917 828679.191190415 734419.3052713964 8.0636079266768815e6 1.2646998427411191e7 5.399427709631009e6 9.353903655212227e6 5.608521382010323e6 1.1655170730923302e7 2.75565670203445e6 9.927713601550812e6 8.456494568473319e6 1.0205065358259602e7 9.759426018705402e6 7.525436880330852e6 4.66588747100802e6 1.347925118331736e7 1.270602842842733e7 1.1954394261028316e7 1.4176549870605329e7 7.070539118577596e6 5.512423693048768e6 1.110421364449206e7 7.4212058600223875e6 907023.170420709 1.3914657305147238e7 1.4001059060739769e7 3.4079833597268793e6 2.150609147697895e6 5.689489566964593e6 1.271278103730562e7 1.1266738584413204e7 8.113678141558639e6 1.272552877445036e7 5.432954948072914e6 9.411985840042949e6 5.643346967941548e6 1.1727542417181788e7 2.772767693102698e6 9.989358805265354e6 8.50900437599869e6 1.0268432751617108e7 9.82002625650498e6 7.572165372725763e6 4.694859860341904e6 1.356294932555479e7 1.2784925316704888e7 1.2028623947649203e7 1.4264577823446989e7 7.11444296611287e6 5.546652569420239e6 1.1173164214550566e7 7.467287139701645e6 912655.2454742902 1.4001059060739769e7 1.4087997319905888e7 3.429144911812076e6 2.163963152893964e6 5.72481791722366e6 1.2791719855272796e7 1.1336698337797523e7 1.974942036359823e6 3.0975078470071796e6 1.3224299659657325e6 2.290961775512759e6 1.373641270740683e6 2.854589016077969e6 674916.527206121 2.4314995340707283e6 2.0711679877532457e6 2.499428635803254e6 2.3902824728518613e6 1.843132971255818e6 1.1427710011709272e6 3.301343520499898e6 3.111965498157039e6 2.9278749611841706e6 3.472126190236057e6 1.7317192318848434e6 1.3501049868274569e6 2.719648388989244e6 1.817604668618627e6 222148.4729298394 3.4079833597268793e6 3.429144911812076e6 834684.6297018746 526728.0413668281 1.3934720305603566e6 3.113619349788976e6 2.7594540614284053e6 1.2462878955808433e6 1.9546834616509154e6 834519.9145055817 1.445712267749689e6 866836.8271454896 1.80138944439776e6 425906.32175454724 1.5343986717748395e6 1.3070113174608178e6 1.5772653563095252e6 1.5083886301924698e6 1.1631097367576445e6 721146.058952306 2.0833140380853417e6 1.9638069677057113e6 1.8476365669059264e6 2.191086504389956e6 1.0928020557102673e6 851984.2465593404 1.7162351122368306e6 1.1470000920259452e6 140186.87522826367 2.150609147697895e6 2.163963152893964e6 526728.0413668281 332391.923475612 879351.0353948537 1.964850631383947e6 1.741354496412693e6 3.297085380173195e6 5.1711633300200915e6 2.207743025777672e6 3.8246674775839043e6 2.2932382155931164e6 4.765620224814982e6 1.1267456835290822e6 4.059289547787979e6 3.4577306911197826e6 4.1726944194688816e6 3.9904793409786117e6 3.0770355085679847e6 1.9078096933879207e6 5.5114586939637e6 5.195299790412472e6 4.887968128567742e6 5.796573412880669e6 2.8910348035004362e6 2.253945347161931e6 4.540342337882316e6 3.0344170459214263e6 370867.8375567917 5.689489566964593e6 5.72481791722366e6 1.3934720305603566e6 879351.0353948537 2.326344862307511e6 5.198060828425863e6 4.606796288545609e6 7.36711509988858e6 1.1554615989525853e7 4.93305301697283e6 8.545961744151443e6 5.124086257314368e6 1.0648457249452425e7 2.5176373013504846e6 9.070208949444246e6 7.726066221724173e6 9.323604493152436e6 8.916457179271672e6 6.875428490381934e6 4.262872197484205e6 1.231498304862802e7 1.1608547283778604e7 1.0921835395677235e7 1.2952052674899982e7 6.459822449017886e6 5.036288990650284e6 1.0145088991999092e7 6.7802004075468425e6 828679.191190415 1.271278103730562e7 1.2791719855272796e7 3.113619349788976e6 1.964850631383947e6 5.198060828425863e6 1.1614716637160273e7 1.0293575866595311e7 6.529126845507263e6 1.0240311495592311e7 4.371932357065389e6 7.57388305841199e6 4.541236113147203e6 9.437225718339566e6 2.231263265012178e6 8.038498644750685e6 6.847248304725019e6 8.263071170702135e6 7.902235698323638e6 6.093368180388153e6 3.777982687413368e6 1.091418897825828e7 1.0288108259501146e7 9.679507882971201e6 1.1478793758141855e7 5.725036136564642e6 4.463425534248102e6 8.991114159289202e6 6.008972019386924e6 734419.3052713964 1.1266738584413204e7 1.1336698337797523e7 2.7594540614284053e6 1.741354496412693e6 4.606796288545609e6 1.0293575866595311e7 9.12271107694104e6
1.4435055804715753e7 1.0130756851639446e7 9.535012393049803e6 2.787930277270543e6 6.387934881525063e6 1.1797828232992266e6 1.4430761955701156e7 1.4240128345089136e7 6.024357025162033e6 2.626503572812366e6 1.5011106885395605e7 1.2231166375563007e7 1.240181900832888e7 1.0829907943931922e7 6.531293682390296e6 7.551354070229971e6 7.678743563814337e6 249239.98016286522 743091.828539483 1.1325464861143902e7 1.3212478852313373e6 1.1557734678068299e7 2.6258905784873315e6 6.026313269764593e6 1.0386922841929317e7 3.33679249649425e6 991877.2817320663 4.1127521498056054e6 3.1060405675447164e6 1.0130756851639446e7 7.109929866257318e6 6.691826719492094e6 1.9566147952905525e6 4.483156556117725e6 827990.7665255143 1.0127743358590787e7 9.993953591305677e6 4.22799170540403e6 1.8433229095956597e6 1.0535038865608886e7 8.584031419005444e6 8.70379821118358e6 7.600605469759959e6 4.5837680933196675e6 5.299663057841855e6 5.389067075562042e6 174920.67026942453 521513.9265976597 7.948395371118186e6 927273.2469554228 8.1114061049227035e6 1.8428927002121722e6 4.229364629671104e6 7.289711323038267e6 2.3418152242483743e6 696115.6024495543 2.886396324642297e6 2.1798697689027283e6 9.535012393049803e6 6.691826719492094e6 6.298310347086573e6 1.841555038259643e6 4.219522188576395e6 779300.3361712273 9.53217611003698e6 9.406253920035912e6 3.979362440449377e6 1.7349253411943174e6 9.91552039160688e6 8.0792429589602e6 8.19196680224438e6 7.153647887335812e6 4.314217211678155e6 4.98801359814817e6 5.072160165816751e6 164634.36870954334 490846.02720990527 7.4809858215289125e6 872744.4583799945 7.63441062382043e6 1.734520430498776e6 3.9806546291864067e6 6.86103603361846e6 2.2041035543980547e6 655180.1601355871 2.716660278176934e6 2.0516813863081217e6 2.787930277270543e6 1.9566147952905525e6 1.841555038259643e6 538449.9607117978 1.2337407839890944e6 227858.64482803814 2.787100980048851e6 2.750282749341559e6 1.1635207773876325e6 507272.63774142653 2.8991865322381975e6 2.362279683991633e6 2.395238866707676e6 2.0916461055229793e6 1.2614285426546906e6 1.4584390203678084e6 1.483042529420679e6 48137.23593471375 143517.85234531347 2.1873560322663723e6 255180.65415533425 2.2322157171792677e6 507154.2464125895 1.1638985988267045e6 2.0060896937597923e6 644455.0652105127 191567.30271692114 794320.8808106403 599888.5392503693 6.387934881525063e6 4.483156556117725e6 4.219522188576395e6 1.2337407839890944e6 2.8268482368647237e6 522088.4457623787 6.386034727603429e6 6.301673772765847e6 2.6659543891213173e6 1.162304740362498e6 6.642854352678954e6 5.41264927473787e6 5.48816806179466e6 4.792551387030151e6 2.8902887040862953e6 3.341695295158449e6 3.39806887629428e6 110295.98947811847 328839.8933762956 5.011849833815876e6 584690.878053497 5.114636029139906e6 1.1620334724239437e6 2.6668200846407907e6 4.596517507884775e6 1.4766283878032048e6 438934.7413605856 1.8200132560781431e6 1.3745139023549138e6 1.1797828232992266e6 827990.7665255143 779300.3361712273 227858.64482803814 522088.4457623787 96424.11702330808 1.1794318853200602e6 1.1638513248853649e6 492373.08368328464 214665.17639133552 1.2268637060836926e6 999658.0681101456 1.0136055753184097e6 885132.6619734064 533805.2172884245 617175.1564547175 627586.7501771695 20370.482210365008 60733.189210012846 925634.7249237148 107986.11251694115 944618.2289770027 214615.07612257043 492532.9683287959 848927.314284387 272717.37120625423 81066.5227512269 336136.8607416455 253857.92473782517 1.4430761955701156e7 1.0127743358590787e7 9.53217611003698e6 2.787100980048851e6 6.386034727603429e6 1.1794318853200602e6 1.442646938393409e7 1.423589247916042e7 6.022565021041923e6 2.6257222935481546e6 1.5006641684333703e7 1.222752809508806e7 1.2398129965553533e7 1.08266864815294e7 6.529350884986423e6 7.549107845852873e6 7.676459446182174e6 249165.8412847273 742870.7885823887 1.1322095990472965e7 1.3208548670811628e6 1.1554296716460824e7 2.6251094815642987e6 6.024520683740327e6 1.0383833149792835e7 3.3357999348189216e6 991582.2381003421 4.11152877131614e6 3.1051166452952516e6 1.4240128345089136e7 9.993953591305677e6 9.406253920035912e6 2.750282749341559e6 6.301673772765847e6 1.1638513248853649e6 1.423589247916042e7 1.4047833138155581e7 5.943005582764771e6 2.5910359115802357e6 1.4808400573003111e7 1.2065999699236052e7 1.2234347880627876e7 1.0683663518412547e7 6.443096691480999e6 7.4493824335723445e6 7.575051690622577e6 245874.30448915815 733057.2984090779 1.1172528556335708e7 1.3034060772543256e6 1.140166185851617e7 2.590431194980495e6 5.944935410719141e6 1.0246660378776696e7 3.291733267528173e6 978483.2137488845 4.0572145516500366e6 3.0640973561349683e6 6.024357025162033e6 4.22799170540403e6 3.979362440449377e6 1.1635207773876325e6 2.6659543891213173e6 492373.08368328464 6.022565021041923e6 5.943005582764771e6 2.514218029885462e6 1.0961506117154171e6 6.264767413711562e6 5.104581102933921e6 5.17580163723415e6 4.519776915761575e6 2.7257840573120792e6 3.15149823858763e6 3.2046632419647626e6 104018.34573821863 310123.53108741494 4.726593698180825e6 551412.4148223634 4.823529679742078e6 1.095894783354352e6 2.5150344531867504e6 4.334900567003734e6 1.3925841084172332e6 413952.18356891273 1.7164247677059495e6 1.2962816054658645e6 2.626503572812366e6 1.8433229095956597e6 1.7349253411943174e6 507272.63774142653 1.162304740362498e6 214665.17639133552 2.6257222935481546e6 2.5910359115802357e6 1.0961506117154171e6 477900.54374036164 2.7313178694799114e6 2.225498994924828e6 2.256549775450593e6 1.9705356385718756e6 1.1883893227680349e6 1.3739925022354822e6 1.397171419211251e6 45349.994294555436 135207.8834325683 2.0607037703198623e6 240405.1870722383 2.102965990311357e6 477789.0075047837 1.0965065565421935e6 1.8899331131051993e6 607139.8359895858 180475.17512260764 748328.1229870431 565153.8004647838 1.5011106885395605e7 1.0535038865608886e7 9.91552039160688e6 2.8991865322381975e6 6.642854352678954e6 1.2268637060836926e6 1.5006641684333703e7 1.4808400573003111e7 6.264767413711562e6 2.7313178694799114e6 1.5610146089712916e7 1.2719268167751186e7 1.289673093238323e7 1.126209055958397e7 6.791934086894262e6 7.852701410455085e6 7.985174559858957e6 259186.24998431889 772745.9467268679 1.1777423368317274e7 1.37397412906649e6 1.2018962236976469e7 2.730680412759431e6 6.266801724989626e6 1.080142751783621e7 3.4699518655755934e6 1.0314595312067716e6 4.276877273567852e6 3.2299914583327575e6 1.2231166375563007e7 8.584031419005444e6 8.0792429589602e6 2.362279683991633e6 5.41264927473787e6 999658.0681101456 1.222752809508806e7 1.2065999699236052e7 5.104581102933921e6 2.225498994924828e6 1.2719268167751186e7 1.0363758403887166e7 1.0508356441610398e7 9.176438781136476e6 5.534120599026831e6 6.398442045758784e6 6.506382195877226e6 211186.96775790243 629639.3938580087 9.5963359526459e6 1.1195247823251132e6 9.793143697157407e6 2.2249795902423523e6 5.106238675549428e6 8.801086960001184e6 2.8273437067017336e6 840441.2300950559 3.4848327908294736e6 2.631822104801046e6 1.240181900832888e7 8.70379821118358e6 8.19196680224438e6 2.395238866707676e6 5.48816806179466e6 1.0136055753184097e6 1.2398129965553533e7 1.2234347880627876e7 5.17580163723415e6 2.256549775450593e6 1.289673093238323e7 1.0508356441610398e7 1.0654971951345092e7 9.304471005483003e6 5.611334187761479e6 6.487714887545169e6 6.597161048638628e6 214133.50702873862 638424.2976812167 9.730226699034298e6 1.1351447032455027e6 9.92978035989739e6 2.2560231238896255e6 5.17748233676349e6 8.923882171415063e6 2.86679159192114e6 852167.2997270789 3.5334541464911913e6 2.668542018288042e6 1.0829907943931922e7 7.600605469759959e6 7.153647887335812e6 2.0916461055229793e6 4.792551387030151e6 885132.6619734064 1.08266864815294e7 1.0683663518412547e7 4.519776915761575e6 1.9705356385718756e6 1.126209055958397e7 9.176438781136476e6 9.304471005483003e6 8.125143931603202e6 4.900106400140369e6 5.665407223843885e6 5.760981256061487e6 186992.42161775634 557505.021514471 8.496935760259047e6 991266.8964878919 8.671196308294017e6 1.9700757392683965e6 4.521244589267529e6 7.792794133990764e6 2.503430264067975e6 744156.4340420803 3.085594387799451e6 2.330308512256543e6 6.531293682390296e6 4.5837680933196675e6 4.314217211678155e6 1.2614285426546906e6 2.8902887040862953e6 533805.2172884245 6.529350884986423e6 6.443096691480999e6 2.7257840573120792e6 1.1883893227680349e6 6.791934086894262e6 5.534120599026831e6 5.611334187761479e6 4.900106400140369e6 2.955152909883149e6 3.4166900218198667e6 3.4743287456257464e6 112771.2653043574 336219.757708886 5.124326368974439e6 597812.5808743903 5.2294193044234775e6 1.1881119670018642e6 2.7266691808742434e6 4.699673105164298e6 1.5097670592087735e6 448785.3674778828 1.8608582118876958e6 1.4053609082290796e6 7.551354070229971e6 5.299663057841855e6 4.98801359814817e6 1.4584390203678084e6 3.341695295158449e6 617175.1564547175 7.549107845852873e6 7.4493824335723445e6 3.15149823858763e6 1.3739925022354822e6 7.852701410455085e6 6.398442045758784e6 6.487714887545169e6 5.665407223843885e6 3.4166900218198667e6 3.9503102076924476e6 4.016950973332479e6 130383.9322915559 388730.71084097226 5.924645968358942e6 691179.2189029828 6.046152365781432e6 1.3736718289208794e6 3.152521601146234e6 5.433670166619222e6 1.7455631582444618e6 518876.8682230646 2.151487885217301e6 1.6248508075989434e6 7.678743563814337e6 5.389067075562042e6 5.072160165816751e6 1.483042529420679e6 3.39806887629428e6 627586.7501771695 7.676459446182174e6 7.575051690622577e6 3.2046632419647626e6 1.397171419211251e6 7.985174559858957e6 6.506382195877226e6 6.597161048638628e6 5.760981256061487e6 3.4743287456257464e6 4.016950973332479e6 4.0847159523662943e6 132583.47729390723 395288.50271964306 6.024593294700232e6 702839.2430328547 6.148149475286239e6 1.3968453362163745e6 3.2057038683990748e6 5.525334851441638e6 1.77501038117696e6 527630.1938996032 2.1877829588692226e6 1.6522616427425635e6 249239.98016286522 174920.67026942453 164634.36870954334 48137.23593471375 110295.98947811847 20370.482210365008 249165.8412847273 245874.30448915815 104018.34573821863 45349.994294555436 259186.24998431889 211186.96775790243 214133.50702873862 186992.42161775634 112771.2653043574 130383.9322915559 132583.47729390723 4303.45185719971 12830.445209907868 195548.85519767602 22813.06017519554 199559.29515342298 45339.4101516551 104052.12284116384 179343.7086838233 57614.054762582266 17126.049068832468 71012.00564097961 53629.82311346485 743091.828539483 521513.9265976597 490846.02720990527 143517.85234531347 328839.8933762956 60733.189210012846 742870.7885823887 733057.2984090779 310123.53108741494 135207.8834325683 772745.9467268679 629639.3938580087 638424.2976812167 557505.021514471 336219.757708886 388730.71084097226 395288.50271964306 12830.445209907868 38253.088392062906 583015.4387056632 68015.56712165497 594972.2891195352 135176.32753974487 310224.23519264685 534700.9108884956 171772.33473989778 51060.13533583058 211717.40218214676 159893.6225865229 1.1325464861143902e7 7.948395371118186e6 7.4809858215289125e6 2.1873560322663723e6 5.011849833815876e6 925634.7249237148 1.1322095990472965e7 1.1172528556335708e7 4.726593698180825e6 2.0607037703198623e6 1.1777423368317274e7 9.5963359526459e6 9.730226699034298e6 8.496935760259047e6 5.124326368974439e6 5.924645968358942e6 6.024593294700232e6 195548.85519767602 583015.4387056632 8.885740107710725e6 1.0366254692385556e6 9.067974501915298e6 2.0602228268595685e6 4.728128529760684e6 8.149378239552977e6 2.61798268598508e6 778207.6808566 3.226785582637007e6 2.436939197250845e6 1.3212478852313373e6 927273.2469554228 872744.4583799945 255180.65415533425 584690.878053497 107986.11251694115 1.3208548670811628e6 1.3034060772543256e6 551412.4148223634 240405.1870722383 1.37397412906649e6 1.1195247823251132e6 1.1351447032455027e6 991266.8964878919 597812.5808743903 691179.2189029828 702839.2430328547 22813.06017519554 68015.56712165497 1.0366254692385556e6 120934.48046511771 1.0578852418758164e6 240349.07939475047 551591.4708702993 950720.2483052971 305418.2878883326 90787.02421568547 376442.26346780616 284297.4482973958 1.1557734678068299e7 8.1114061049227035e6 7.63441062382043e6 2.2322157171792677e6 5.114636029139906e6 944618.2289770027 1.1554296716460824e7 1.140166185851617e7 4.823529679742078e6 2.102965990311357e6 1.2018962236976469e7 9.793143697157407e6 9.92978035989739e6 8.671196308294017e6 5.2294193044234775e6 6.046152365781432e6 6.148149475286239e6 199559.29515342298 594972.2891195352 9.067974501915298e6 1.0578852418758164e6 9.253946274664434e6 2.102475183357525e6 4.825095988621495e6 8.31651085750341e6 2.671673935451689e6 794167.6575796629 3.2929625480616014e6 2.4869174920176496e6 2.6258905784873315e6 1.8428927002121722e6 1.734520430498776e6 507154.2464125895 1.1620334724239437e6 214615.07612257043 2.6251094815642987e6 2.590431194980495e6 1.095894783354352e6 477789.0075047837 2.730680412759431e6 2.2249795902423523e6 2.2560231238896255e6 1.9700757392683965e6 1.1881119670018642e6 1.3736718289208794e6 1.3968453362163745e6 45339.4101516551 135176.32753974487 2.0602228268595685e6 240349.07939475047 2.102475183357525e6 477677.49730042083 1.0962506451078895e6 1.8894920254611466e6 606998.1368585371 180433.05438867648 748153.4722089506 565021.9003691425 6.026313269764593e6 4.229364629671104e6 3.9806546291864067e6 1.1638985988267045e6 2.6668200846407907e6 492532.9683287959 6.024520683740327e6 5.944935410719141e6 2.5150344531867504e6 1.0965065565421935e6 6.266801724989626e6 5.106238675549428e6 5.17748233676349e6 4.521244589267529e6 2.7266691808742434e6 3.152521601146234e6 3.2057038683990748e6 104052.12284116384 310224.23519264685 4.728128529760684e6 551591.4708702993 4.825095988621495e6 1.0962506451078895e6 2.5158511415990987e6 4.3363082069894485e6 1.3930363118863043e6 414086.603179411 1.7169821295411629e6 1.2967025373401705e6 1.0386922841929317e7 7.289711323038267e6 6.86103603361846e6 2.0060896937597923e6 4.596517507884775e6 848927.314284387 1.0383833149792835e7 1.0246660378776696e7 4.334900567003734e6 1.8899331131051993e6 1.080142751783621e7 8.801086960001184e6 8.923882171415063e6 7.792794133990764e6 4.699673105164298e6 5.433670166619222e6 5.525334851441638e6 179343.7086838233 534700.9108884956 8.149378239552977e6 950720.2483052971 8.31651085750341e6 1.8894920254611466e6 4.3363082069894485e6 7.474038727924229e6 2.401030288313247e6 713717.5590722582 2.959381648809008e6 2.2349898854183615e6 3.33679249649425e6 2.3418152242483743e6 2.2041035543980547e6 644455.0652105127 1.4766283878032048e6 272717.37120625423 3.3357999348189216e6 3.291733267528173e6 1.3925841084172332e6 607139.8359895858 3.4699518655755934e6 2.8273437067017336e6 2.86679159192114e6 2.503430264067975e6 1.5097670592087735e6 1.7455631582444618e6 1.77501038117696e6 57614.054762582266 171772.33473989778 2.61798268598508e6 305418.2878883326 2.671673935451689e6 606998.1368585371 1.3930363118863043e6 2.401030288313247e6 771329.4853368651 229281.3215204501 950699.5122892892 717989.1092768823 991877.2817320663 696115.6024495543 655180.1601355871 191567.30271692114 438934.7413605856 81066.5227512269 991582.2381003421 978483.2137488845 413952.18356891273 180475.17512260764 1.0314595312067716e6 840441.2300950559 852167.2997270789 744156.4340420803 448785.3674778828 518876.8682230646 527630.1938996032 17126.049068832468 51060.13533583058 778207.6808566 90787.02421568547 794167.6575796629 180433.05438867648 414086.603179411 713717.5590722582 229281.3215204501 68154.95245226493 282599.9066421499 213425.6435696851 4.1127521498056054e6 2.886396324642297e6 2.716660278176934e6 794320.8808106403 1.8200132560781431e6 336136.8607416455 4.11152877131614e6 4.0572145516500366e6 1.7164247677059495e6 748328.1229870431 4.276877273567852e6 3.4848327908294736e6 3.5334541464911913e6 3.085594387799451e6 1.8608582118876958e6 2.151487885217301e6 2.1877829588692226e6 71012.00564097961 211717.40218214676 3.226785582637007e6 376442.26346780616 3.2929625480616014e6 748153.4722089506 1.7169821295411629e6 2.959381648809008e6 950699.5122892892 282599.9066421499 1.1717814239557562e6 884955.0146788991 3.1060405675447164e6 2.1798697689027283e6 2.0516813863081217e6 599888.5392503693 1.3745139023549138e6 253857.92473782517 3.1051166452952516e6 3.0640973561349683e6 1.2962816054658645e6 565153.8004647838 3.2299914583327575e6 2.631822104801046e6 2.668542018288042e6 2.330308512256543e6 1.4053609082290796e6 1.6248508075989434e6 1.6522616427425635e6 53629.82311346485 159893.6225865229 2.436939197250845e6 284297.4482973958 2.4869174920176496e6 565021.9003691425 1.2967025373401705e6 2.2349898854183615e6 717989.1092768823 213425.6435696851 884955.0146788991 668337.4236822688
