462486.4016020283 678358.814473284 110115.18611801976 492107.30368410936 367453.1167897745 320232.28234279336 163622.03290013954 232579.9162328935 238645.9444924887 927.6484835702269 312269.1324734867 9380.843075955565 638243.9260724811 62808.14086804416 360040.04135284334 481885.8402147079 678358.814473284 994992.8896927402 161513.08849682144 721805.7135614011 538967.3292373217 469705.46734703943 239995.05255801784 341140.0544957113 350037.49174897204 1360.6422229558564 458025.3987307425 13759.491232006038 936153.7799501946 92124.77562784756 528094.090483537 706813.2298531953 110115.18611801976 161513.08849682144 26217.75293674484 117167.74190010027 87488.34172160235 76245.34959088037 38957.40619269399 55375.85683510872 56820.14109619986 220.8674353810154 74349.37226720777 2233.5214131153252 151961.97869757793 14954.23454063596 85723.33375895307 114734.07390806229 492107.30368410936 721805.7135614011 117167.74190010027 523625.3379567089 390987.4147809864 340742.2239236479 174101.54580736798 247475.97998985858 253930.51962726333 987.0616572402919 332269.05758309667 9981.658652884367 679121.5838223929 66830.81868984703 383099.5535322264 512749.21963148046 367453.1167897745 538967.3292373217 87488.34172160235 390987.4147809864 291947.59580132813 254429.85963686428 130000.4189450132 184788.60097603913 189608.1610383502 737.0321060088286 248103.0049903168 7453.235412836689 507095.38506450015 49902.1096442824 286057.7844147394 382866.292523177 320232.28234279336 469705.46734703943 76245.34959088037 340742.2239236479 254429.85963686428 221733.46999879618 113294.26520580647 161041.70229516333 165241.90811223644 642.3172445211678 216219.66970444692 6495.431602111923 441929.33766189107 43489.26634428693 249296.93884584281 333664.7345869851 163622.03290013954 239995.05255801784 38957.40619269399 174101.54580736798 130000.4189450132 113294.26520580647 57887.47422115975 82283.93002248071 84430.01663611208 328.19068879154383 110477.00016754569 3318.827557065877 225802.8956276403 22220.752125704556 127377.76351378064 170485.31703548477 232579.9162328935 341140.0544957113 55375.85683510872 247475.97998985858 184788.60097603913 161041.70229516333 82283.93002248071 116962.17931494428 120012.72596798305 466.50540611568084 157037.1116236585 4717.534805871135 320966.6670152745 31585.603579332186 181060.63739013206 242335.7053585265 238645.9444924887 350037.49174897204 56820.14109619986 253930.51962726333 189608.1610383502 165241.90811223644 84430.01663611208 120012.72596798305 123142.83539025944 478.67255718610255 161132.87179222112 4840.575092029734 329337.95248152735 32409.402843739612 185782.9666475261 248656.179029786 927.6484835702269 1360.6422229558564 220.8674353810154 987.0616572402919 737.0321060088286 642.3172445211678 328.19068879154383 466.50540611568084 478.67255718610255 1.8606638078207391 626.344874576632 18.815958315480728 1280.1803644780905 125.97965352123519 722.1630673433884 966.5595947917228 312269.1324734867 458025.3987307425 74349.37226720777 332269.05758309667 248103.0049903168 216219.66970444692 110477.00016754569 157037.1116236585 161132.87179222112 626.344874576632 210842.97994052924 6333.911049171294 430939.97231215413 42407.82776141776 243097.72347796877 325367.56270855974 9380.843075955565 13759.491232006038 2233.5214131153252 9981.658652884367 7453.235412836689 6495.431602111923 3318.827557065877 4717.534805871135 4840.575092029734 18.815958315480728 6333.911049171294 190.27633355461998 12945.820880199199 1273.9689455402354 7302.872294822439 9774.331595308353 638243.9260724811 936153.7799501946 151961.97869757793 679121.5838223929 507095.38506450015 441929.33766189107 225802.8956276403 320966.6670152745 329337.95248152735 1280.1803644780905 430939.97231215413 12945.820880199199 880794.1330974436 86676.95802098184 496865.13752695255 665015.6837303702 62808.14086804416 92124.77562784756 14954.23454063596 66830.81868984703 49902.1096442824 43489.26634428693 22220.752125704556 31585.603579332186 32409.402843739612 125.97965352123519 42407.82776141776 1273.9689455402354 86676.95802098184 8529.683349900202 48895.37412796151 65442.688973513934 360040.04135284334 528094.090483537 85723.33375895307 383099.5535322264 286057.7844147394 249296.93884584281 127377.76351378064 181060.63739013206 185782.9666475261 722.1630673433884 243097.72347796877 7302.872294822439 496865.13752695255 48895.37412796151 280286.79530539666 375142.2684802506 481885.8402147079 706813.2298531953 114734.07390806229 512749.21963148046 382866.292523177 333664.7345869851 170485.31703548477 242335.7053585265 248656.179029786 966.5595947917228 325367.56270855974 9774.331595308353 665015.6837303702 65442.688973513934 375142.2684802506 502099.0070087643
462486.4016020283 678358.814473284 110115.18611801976 492107.30368410936 367453.1167897745 320232.28234279336 163622.03290013954 232579.9162328935 238645.9444924887 927.6484835702269 312269.1324734867 9380.843075955565 638243.9260724811 62808.14086804416 360040.04135284334 481885.8402147079 678358.814473284 994992.8896927402 161513.08849682144 721805.7135614011 538967.3292373217 469705.46734703943 239995.05255801784 341140.0544957113 350037.49174897204 1360.6422229558564 458025.3987307425 13759.491232006038 936153.7799501946 92124.77562784756 528094.090483537 706813.2298531953 110115.18611801976 161513.08849682144 26217.75293674484 117167.74190010027 87488.34172160235 76245.34959088037 38957.40619269399 55375.85683510872 56820.14109619986 220.8674353810154 74349.37226720777 2233.5214131153252 151961.97869757793 14954.23454063596 85723.33375895307 114734.07390806229 492107.30368410936 721805.7135614011 117167.74190010027 523625.3379567089 390987.4147809864 340742.2239236479 174101.54580736798 247475.97998985858 253930.51962726333 987.0616572402919 332269.05758309667 9981.658652884367 679121.5838223929 66830.81868984703 383099.5535322264 512749.21963148046 367453.1167897745 538967.3292373217 87488.34172160235 390987.4147809864 291947.59580132813 254429.85963686428 130000.4189450132 184788.60097603913 189608.1610383502 737.0321060088286 248103.0049903168 7453.235412836689 507095.38506450015 49902.1096442824 286057.7844147394 382866.292523177 320232.28234279336 469705.46734703943 76245.34959088037 340742.2239236479 254429.85963686428 221733.46999879618 113294.26520580647 161041.70229516333 165241.90811223644 642.3172445211678 216219.66970444692 6495.431602111923 441929.33766189107 43489.26634428693 249296.93884584281 333664.7345869851 163622.03290013954 239995.05255801784 38957.40619269399 174101.54580736798 130000.4189450132 113294.26520580647 57887.47422115975 82283.93002248071 84430.01663611208 328.19068879154383 110477.00016754569 3318.827557065877 225802.8956276403 22220.752125704556 127377.76351378064 170485.31703548477 232579.9162328935 341140.0544957113 55375.85683510872 247475.97998985858 184788.60097603913 161041.70229516333 82283.93002248071 116962.17931494428 120012.72596798305 466.50540611568084 157037.1116236585 4717.534805871135 320966.6670152745 31585.603579332186 181060.63739013206 242335.7053585265 238645.9444924887 350037.49174897204 56820.14109619986 253930.51962726333 189608.1610383502 165241.90811223644 84430.01663611208 120012.72596798305 123142.83539025944 478.67255718610255 161132.87179222112 4840.575092029734 329337.95248152735 32409.402843739612 185782.9666475261 248656.179029786 927.6484835702269 1360.6422229558564 220.8674353810154 987.0616572402919 737.0321060088286 642.3172445211678 328.19068879154383 466.50540611568084 478.67255718610255 1.8606638078207391 626.344874576632 18.815958315480728 1280.1803644780905 125.97965352123519 722.1630673433884 966.5595947917228 312269.1324734867 458025.3987307425 74349.37226720777 332269.05758309667 248103.0049903168 216219.66970444692 110477.00016754569 157037.1116236585 161132.87179222112 626.344874576632 210842.97994052924 6333.911049171294 430939.97231215413 42407.82776141776 243097.72347796877 325367.56270855974 9380.843075955565 13759.491232006038 2233.5214131153252 9981.658652884367 7453.235412836689 6495.431602111923 3318.827557065877 4717.534805871135 4840.575092029734 18.815958315480728 6333.911049171294 190.27633355461998 12945.820880199199 1273.9689455402354 7302.872294822439 9774.331595308353 638243.9260724811 936153.7799501946 151961.97869757793 679121.5838223929 507095.38506450015 441929.33766189107 225802.8956276403 320966.6670152745 329337.95248152735 1280.1803644780905 430939.97231215413 12945.820880199199 880794.1330974436 86676.95802098184 496865.13752695255 665015.6837303702 62808.14086804416 92124.77562784756 14954.23454063596 66830.81868984703 49902.1096442824 43489.26634428693 22220.752125704556 31585.603579332186 32409.402843739612 125.97965352123519 42407.82776141776 1273.9689455402354 86676.95802098184 8529.683349900202 48895.37412796151 65442.688973513934 360040.04135284334 528094.090483537 85723.33375895307 383099.5535322264 286057.7844147394 249296.93884584281 127377.76351378064 181060.63739013206 185782.9666475261 722.1630673433884 243097.72347796877 7302.872294822439 496865.13752695255 48895.37412796151 280286.79530539666 375142.2684802506 481885.8402147079 706813.2298531953 114734.07390806229 512749.21963148046 382866.292523177 333664.7345869851 170485.31703548477 242335.7053585265 248656.179029786 966.5595947917228 325367.56270855974 9774.331595308353 665015.6837303702 65442.688973513934 375142.2684802506 502099.0070087643
462486.4016020283 678358.814473284 110115.18611801976 492107.30368410936 367453.1167897745 320232.28234279336 163622.03290013954 232579.9162328935 238645.9444924887 927.6484835702269 312269.1324734867 9380.843075955565 638243.9260724811 62808.14086804416 360040.04135284334 481885.8402147079 678358.814473284 994992.8896927402 161513.08849682144 721805.7135614011 538967.3292373217 469705.46734703943 239995.05255801784 341140.0544957113 350037.49174897204 1360.6422229558564 458025.3987307425 13759.491232006038 936153.7799501946 92124.77562784756 528094.090483537 706813.2298531953 110115.18611801976 161513.08849682144 26217.75293674484 117167.74190010027 87488.34172160235 76245.34959088037 38957.40619269399 55375.85683510872 56820.14109619986 220.8674353810154 74349.37226720777 2233.5214131153252 151961.97869757793 14954.23454063596 85723.33375895307 114734.07390806229 492107.30368410936 721805.7135614011 117167.74190010027 523625.3379567089 390987.4147809864 340742.2239236479 174101.54580736798 247475.97998985858 253930.51962726333 987.0616572402919 332269.05758309667 9981.658652884367 679121.5838223929 66830.81868984703 383099.5535322264 512749.21963148046 367453.1167897745 538967.3292373217 87488.34172160235 390987.4147809864 291947.59580132813 254429.85963686428 130000.4189450132 184788.60097603913 189608.1610383502 737.0321060088286 248103.0049903168 7453.235412836689 507095.38506450015 49902.1096442824 286057.7844147394 382866.292523177 320232.28234279336 469705.46734703943 76245.34959088037 340742.2239236479 254429.85963686428 221733.46999879618 113294.26520580647 161041.70229516333 165241.90811223644 642.3172445211678 216219.66970444692 6495.431602111923 441929.33766189107 43489.26634428693 249296.93884584281 333664.7345869851 163622.03290013954 239995.05255801784 38957.40619269399 174101.54580736798 130000.4189450132 113294.26520580647 57887.47422115975 82283.93002248071 84430.01663611208 328.19068879154383 110477.00016754569 3318.827557065877 225802.8956276403 22220.752125704556 127377.76351378064 170485.31703548477 232579.9162328935 341140.0544957113 55375.85683510872 247475.97998985858 184788.60097603913 161041.70229516333 82283.93002248071 116962.17931494428 120012.72596798305 466.50540611568084 157037.1116236585 4717.534805871135 320966.6670152745 31585.603579332186 181060.63739013206 242335.7053585265 238645.9444924887 350037.49174897204 56820.14109619986 253930.51962726333 189608.1610383502 165241.90811223644 84430.01663611208 120012.72596798305 123142.83539025944 478.67255718610255 161132.87179222112 4840.575092029734 329337.95248152735 32409.402843739612 185782.9666475261 248656.179029786 927.6484835702269 1360.6422229558564 220.8674353810154 987.0616572402919 737.0321060088286 642.3172445211678 328.19068879154383 466.50540611568084 478.67255718610255 1.8606638078207391 626.344874576632 18.815958315480728 1280.1803644780905 125.97965352123519 722.1630673433884 966.5595947917228 312269.1324734867 458025.3987307425 74349.37226720777 332269.05758309667 248103.0049903168 216219.66970444692 110477.00016754569 157037.1116236585 161132.87179222112 626.344874576632 210842.97994052924 6333.911049171294 430939.97231215413 42407.82776141776 243097.72347796877 325367.56270855974 9380.843075955565 13759.491232006038 2233.5214131153252 9981.658652884367 7453.235412836689 6495.431602111923 3318.827557065877 4717.534805871135 4840.575092029734 18.815958315480728 6333.911049171294 190.27633355461998 12945.820880199199 1273.9689455402354 7302.872294822439 9774.331595308353 638243.9260724811 936153.7799501946 151961.97869757793 679121.5838223929 507095.38506450015 441929.33766189107 225802.8956276403 320966.6670152745 329337.95248152735 1280.1803644780905 430939.97231215413 12945.820880199199 880794.1330974436 86676.95802098184 496865.13752695255 665015.6837303702 62808.14086804416 92124.77562784756 14954.23454063596 66830.81868984703 49902.1096442824 43489.26634428693 22220.752125704556 31585.603579332186 32409.402843739612 125.97965352123519 42407.82776141776 1273.9689455402354 86676.95802098184 8529.683349900202 48895.37412796151 65442.688973513934 360040.04135284334 528094.090483537 85723.33375895307 383099.5535322264 286057.7844147394 249296.93884584281 127377.76351378064 181060.63739013206 185782.9666475261 722.1630673433884 243097.72347796877 7302.872294822439 496865.13752695255 48895.37412796151 280286.79530539666 375142.2684802506 481885.8402147079 706813.2298531953 114734.07390806229 512749.21963148046 382866.292523177 333664.7345869851 170485.31703548477 242335.7053585265 248656.179029786 966.5595947917228 325367.56270855974 9774.331595308353 665015.6837303702 65442.688973513934 375142.2684802506 502099.0070087643
462486.4016020283 678358.814473284 110115.18611801976 492107.30368410936 367453.1167897745 320232.28234279336 163622.03290013954 232579.9162328935 238645.9444924887 927.6484835702269 312269.1324734867 9380.843075955565 638243.9260724811 62808.14086804416 360040.04135284334 481885.8402147079 678358.814473284 994992.8896927402 161513.08849682144 721805.7135614011 538967.3292373217 469705.46734703943 239995.05255801784 341140.0544957113 350037.49174897204 1360.6422229558564 458025.3987307425 13759.491232006038 936153.7799501946 92124.77562784756 528094.090483537 706813.2298531953 110115.18611801976 161513.08849682144 26217.75293674484 117167.74190010027 87488.34172160235 76245.34959088037 38957.40619269399 55375.85683510872 56820.14109619986 220.8674353810154 74349.37226720777 2233.5214131153252 151961.97869757793 14954.23454063596 85723.33375895307 114734.07390806229 492107.30368410936 721805.7135614011 117167.74190010027 523625.3379567089 390987.4147809864 340742.2239236479 174101.54580736798 247475.97998985858 253930.51962726333 987.0616572402919 332269.05758309667 9981.658652884367 679121.5838223929 66830.81868984703 383099.5535322264 512749.21963148046 367453.1167897745 538967.3292373217 87488.34172160235 390987.4147809864 291947.59580132813 254429.85963686428 130000.4189450132 184788.60097603913 189608.1610383502 737.0321060088286 248103.0049903168 7453.235412836689 507095.38506450015 49902.1096442824 286057.7844147394 382866.292523177 320232.28234279336 469705.46734703943 76245.34959088037 340742.2239236479 254429.85963686428 221733.46999879618 113294.26520580647 161041.70229516333 165241.90811223644 642.3172445211678 216219.66970444692 6495.431602111923 441929.33766189107 43489.26634428693 249296.93884584281 333664.7345869851 163622.03290013954 239995.05255801784 38957.40619269399 174101.54580736798 130000.4189450132 113294.26520580647 57887.47422115975 82283.93002248071 84430.01663611208 328.19068879154383 110477.00016754569 3318.827557065877 225802.8956276403 22220.752125704556 127377.76351378064 170485.31703548477 232579.9162328935 341140.0544957113 55375.85683510872 247475.97998985858 184788.60097603913 161041.70229516333 82283.93002248071 116962.17931494428 120012.72596798305 466.50540611568084 157037.1116236585 4717.534805871135 320966.6670152745 31585.603579332186 181060.63739013206 242335.7053585265 238645.9444924887 350037.49174897204 56820.14109619986 253930.51962726333 189608.1610383502 165241.90811223644 84430.01663611208 120012.72596798305 123142.83539025944 478.67255718610255 161132.87179222112 4840.575092029734 329337.95248152735 32409.402843739612 185782.9666475261 248656.179029786 927.6484835702269 1360.6422229558564 220.8674353810154 987.0616572402919 737.0321060088286 642.3172445211678 328.19068879154383 466.50540611568084 478.67255718610255 1.8606638078207391 626.344874576632 18.815958315480728 1280.1803644780905 125.97965352123519 722.1630673433884 966.5595947917228 312269.1324734867 458025.3987307425 74349.37226720777 332269.05758309667 248103.0049903168 216219.66970444692 110477.00016754569 157037.1116236585 161132.87179222112 626.344874576632 210842.97994052924 6333.911049171294 430939.97231215413 42407.82776141776 243097.72347796877 325367.56270855974 9380.843075955565 13759.491232006038 2233.5214131153252 9981.658652884367 7453.235412836689 6495.431602111923 3318.827557065877 4717.534805871135 4840.575092029734 18.815958315480728 6333.911049171294 190.27633355461998 12945.820880199199 1273.9689455402354 7302.872294822439 9774.331595308353 638243.9260724811 936153.7799501946 151961.97869757793 679121.5838223929 507095.38506450015 441929.33766189107 225802.8956276403 320966.6670152745 329337.95248152735 1280.1803644780905 430939.97231215413 12945.820880199199 880794.1330974436 86676.95802098184 496865.13752695255 665015.6837303702 62808.14086804416 92124.77562784756 14954.23454063596 66830.81868984703 49902.1096442824 43489.26634428693 22220.752125704556 31585.603579332186 32409.402843739612 125.97965352123519 42407.82776141776 1273.9689455402354 86676.95802098184 8529.683349900202 48895.37412796151 65442.688973513934 360040.04135284334 528094.090483537 85723.33375895307 383099.5535322264 286057.7844147394 249296.93884584281 127377.76351378064 181060.63739013206 185782.9666475261 722.1630673433884 243097.72347796877 7302.872294822439 496865.13752695255 48895.37412796151 280286.79530539666 375142.2684802506 481885.8402147079 706813.2298531953 114734.07390806229 512749.21963148046 382866.292523177 333664.7345869851 170485.31703548477 242335.7053585265 248656.179029786 966.5595947917228 325367.56270855974 9774.331595308353 665015.6837303702 65442.688973513934 375142.2684802506 502099.0070087643
