534391.4509805548 1.4396492269116289e6 2.414684701006975e6 3.3480280891254623e6 2.7480850408785087e6 779039.5387121065 6.1036643811522e6 2.0059911213294968e6 6.389716780513834e6 6.576223349557131e6 5.026931818071967e6 5.659066559736599e6 7.897215051598596e6 7.79552478202854e6 5.64995750814017e6 1.386473860851599e6 1.4396492269116289e6 3.878411401874517e6 6.505154520457558e6 9.019579264121272e6 7.403334198795252e6 2.0987305608698567e6 1.6443256514546212e7 5.404135043168358e6 1.721388096005625e7 1.77163291886805e7 1.354254169363221e7 1.524551110018169e7 2.1275077516542267e7 2.100112418569773e7 1.5220971338056687e7 3.73515709924936e6 2.414684701006975e6 6.505154520457558e6 1.0910919691133512e7 1.512829629014227e7 1.2417412166866647e7 3.520143992116567e6 2.75798293071603e7 9.0642095081091e6 2.88723768416642e7 2.9715119662642706e7 2.2714538812008888e7 2.5570883326637223e7 3.568411195700626e7 3.522461744652797e7 2.552972344750701e7 6.26487795416894e6 3.3480280891254623e6 9.019579264121272e6 1.512829629014227e7 2.0975807275743593e7 1.7217090376884665e7 4.880778413205536e6 3.824020716872534e7 1.2567780806418296e7 4.003236059159014e7 4.120084715853953e7 3.149434538696595e7 3.545474719976042e7 4.9477022452551514e7 4.883992042128478e7 3.539767787248324e7 8.686429063286588e6 2.7480850408785087e6 7.403334198795252e6 1.2417412166866647e7 1.7217090376884665e7 1.4131909067862377e7 4.006177304407392e6 3.13878314288334e7 1.0315723020167267e7 3.2858843583220795e7 3.38179455888255e7 2.5850780556858968e7 2.910150626401739e7 4.061108857201459e7 4.008815073665887e7 2.9054663358161002e7 7.129882167059578e6 779039.5387121065 2.0987305608698567e6 3.520143992116567e6 4.880778413205536e6 4.006177304407392e6 1.1356892064107058e6 8.89796398355809e6 2.9243476761344695e6 9.314973141989198e6 9.586863703201702e6 7.328295835388461e6 8.249826216622482e6 1.1512614506873054e7 1.1364369731340054e7 8.2365469784520995e6 2.021211145897478e6 6.1036643811522e6 1.6443256514546212e7 2.75798293071603e7 3.824020716872534e7 3.13878314288334e7 8.89796398355809e6 6.97142868011593e7 2.2911849607062552e7 7.298149445937139e7 7.51117184744294e7 5.741615931195539e7 6.4636219250615716e7 9.019970310583307e7 8.903822629862437e7 6.453217830147032e7 1.5835902884206895e7 2.0059911213294968e6 5.404135043168358e6 9.0642095081091e6 1.2567780806418296e7 1.0315723020167267e7 2.9243476761344695e6 2.2911849607062552e7 7.530061290219248e6 2.3985629085198924e7 2.4685734823949024e7 1.8870026038174856e7 2.1242924550934393e7 2.964445491721179e7 2.9262731411888424e7 2.1208731121019598e7 5.204526101082667e6 6.389716780513834e6 1.721388096005625e7 2.88723768416642e7 4.003236059159014e7 3.2858843583220795e7 9.314973141989198e6 7.298149445937139e7 2.3985629085198924e7 7.640182203563307e7 7.863188045386809e7 6.01070068271024e7 6.766543980530372e7 9.442697378847502e7 9.321106357753414e7 6.755652290602797e7 1.6578063287074607e7 6.576223349557131e6 1.77163291886805e7 2.9715119662642706e7 4.120084715853953e7 3.38179455888255e7 9.586863703201702e6 7.51117184744294e7 2.4685734823949024e7 7.863188045386809e7 8.092703104420368e7 6.186144321354321e7 6.964049589219934e7 9.718316025359932e7 9.59317593864217e7 6.952839986654091e7 1.706195291962985e7 5.026931818071967e6 1.354254169363221e7 2.2714538812008888e7 3.149434538696595e7 2.5850780556858968e7 7.328295835388461e6 5.741615931195539e7 1.8870026038174856e7 6.01070068271024e7 6.186144321354321e7 4.728751453111073e7 5.323390128627286e7 7.428779323507999e7 7.333120972171716e7 5.3148213947490536e7 1.3042329837521294e7 5.659066559736599e6 1.524551110018169e7 2.5570883326637223e7 3.545474719976042e7 2.910150626401739e7 8.249826216622482e6 6.4636219250615716e7 2.1242924550934393e7 6.766543980530372e7 6.964049589219934e7 5.323390128627286e7 5.992804388761517e7 8.362945464705116e7 8.25525811249943e7 5.983158139895506e7 1.4682397795655757e7 7.897215051598596e6 2.1275077516542267e7 3.568411195700626e7 4.9477022452551514e7 4.061108857201459e7 1.1512614506873054e7 9.019970310583307e7 2.964445491721179e7 9.442697378847502e7 9.718316025359932e7 7.428779323507999e7 8.362945464705116e7 1.1670472171057388e8 1.1520194705731882e8 8.349484145434174e7 2.04892541272403e7 7.79552478202854e6 2.100112418569773e7 3.522461744652797e7 4.883992042128478e7 4.008815073665887e7 1.1364369731340054e7 8.903822629862437e7 2.9262731411888424e7 9.321106357753414e7 9.59317593864217e7 7.333120972171716e7 8.25525811249943e7 1.1520194705731882e8 1.137185232205977e8 8.241970130940135e7 2.0225419628385328e7 5.64995750814017e6 1.5220971338056687e7 2.552972344750701e7 3.539767787248324e7 2.9054663358161002e7 8.2365469784520995e6 6.453217830147032e7 2.1208731121019598e7 6.755652290602797e7 6.952839986654091e7 5.3148213947490536e7 5.983158139895506e7 8.349484145434174e7 8.241970130940135e7 5.9735274180033706e7 1.465876444240427e7 1.386473860851599e6 3.73515709924936e6 6.26487795416894e6 8.686429063286588e6 7.129882167059578e6 2.021211145897478e6 1.5835902884206895e7 5.204526101082667e6 1.6578063287074607e7 1.706195291962985e7 1.3042329837521294e7 1.4682397795655757e7 2.04892541272403e7 2.0225419628385328e7 1.465876444240427e7 3.5971940855294243e6
189656.54443703475 618132.571023672 614482.9921595305 4.601176484279485e6 1.1233018642809968e6 3.953390100185786e6 1.277380431688927e6 3.4794896904653907e6 770507.2259548963 4.0766578772267736e6 3.26370856388084e6 1.9883195596967558e6 3.339499405219576e6 3.531715377430085e6 2.3886196857886524e6 4.766971325395302e6 618132.571023672 2.0146305865400105e6 2.002735802876511e6 1.4996250503264764e7 3.6610888986971807e6 1.2884971589781746e7 4.163264983863214e6 1.1340425475967612e7 2.511253244572001e6 1.3286728503432648e7 1.063714712113934e7 6.480372639395259e6 1.0884166214289136e7 1.15106405257714e7 7.785039171503424e6 1.5536612512419712e7 614482.9921595305 2.002735802876511e6 1.990911248405076e6 1.4907709627983838e7 3.6394730944332173e6 1.2808896129300423e7 4.138684231119891e6 1.1273469325996544e7 2.496426300978463e6 1.3208280989431875e7 1.0574343267843304e7 6.44211121761428e6 1.0819903910648206e7 1.1442679391955048e7 7.739074736447397e6 1.5444881231293755e7 4.601176484279485e6 1.4996250503264764e7 1.4907709627983838e7 1.1162717902684957e8 2.7251947134326044e7 9.591151002014197e7 3.098998150162522e7 8.441441442785242e7 1.869294697715056e7 9.890205695156462e7 7.917944060536042e7 4.8237772276542544e7 8.101816986158878e7 8.568143953078565e7 5.794928279834073e7 1.1564945691038556e8 1.1233018642809968e6 3.6610888986971807e6 3.6394730944332173e6 2.7251947134326044e7 6.653116463988293e6 2.3415223993196163e7 7.565696320005516e6 2.060839644446804e7 4.563576785215872e6 2.4145317036739334e7 1.9330363342638794e7 1.177646189233003e7 1.9779258969330404e7 2.0917719867527e7 1.4147368096730638e7 2.8233920388486e7 3.953390100185786e6 1.2884971589781746e7 1.2808896129300423e7 9.591151002014197e7 2.3415223993196163e7 8.24084047858198e7 2.6626991268875644e7 7.252995216598627e7 1.6061220814992748e7 8.497792122867337e7 6.803199522925892e7 4.1446515260751285e7 6.961185508973838e7 7.36185964541889e7 4.979077018900779e7 9.936750298613608e7 1.277380431688927e6 4.163264983863214e6 4.138684231119891e6 3.098998150162522e7 7.565696320005516e6 2.6626991268875644e7 8.603450896488879e6 2.3435163052543394e7 5.189543318060738e6 2.7457228088371355e7 2.198182755365474e7 1.3391789379270256e7 2.249229629553084e7 2.3786915061725236e7 1.6087902763547169e7 3.210664787527957e7 3.4794896904653907e6 1.1340425475967612e7 1.1273469325996544e7 8.441441442785242e7 2.060839644446804e7 7.252995216598627e7 2.3435163052543394e7 6.383564849814274e7 1.4135931650010746e7 7.479145577322456e7 5.987687023622403e7 3.647824244531888e7 6.126734928271633e7 6.479379491966766e7 4.3822255624316595e7 8.745613092704949e7 770507.2259548963 2.511253244572001e6 2.496426300978463e6 1.869294697715056e7 4.563576785215872e6 1.6061220814992748e7 5.189543318060738e6 1.4135931650010746e7 3.130297385787336e6 1.6562014042136094e7 1.3259289519091384e7 8.077836664172858e6 1.3567200807288904e7 1.4348106079879234e7 9.704113999447526e6 1.936651257165706e7 4.0766578772267736e6 1.3286728503432648e7 1.3208280989431875e7 9.890205695156462e7 2.4145317036739334e7 8.497792122867337e7 2.7457228088371355e7 7.479145577322456e7 1.6562014042136094e7 8.762755589208046e7 7.015325131759174e7 4.273882886320809e7 7.17823716376015e7 7.591404428600264e7 5.134325992637756e7 1.0246580871686552e8 3.26370856388084e6 1.063714712113934e7 1.0574343267843304e7 7.917944060536042e7 1.9330363342638794e7 6.803199522925892e7 2.198182755365474e7 5.987687023622403e7 1.3259289519091384e7 7.015325131759174e7 5.6163596260636754e7 3.4216038228348635e7 5.746784451990571e7 6.0775597049512684e7 4.110461121973541e7 8.203252455457577e7 1.9883195596967558e6 6.480372639395259e6 6.44211121761428e6 4.8237772276542544e7 1.177646189233003e7 4.1446515260751285e7 1.3391789379270256e7 3.647824244531888e7 8.077836664172858e6 4.273882886320809e7 3.4216038228348635e7 2.084512655868419e7 3.501061356307806e7 3.702576562844308e7 2.5041789388433464e7 4.997593072747244e7 3.339499405219576e6 1.0884166214289136e7 1.0819903910648206e7 8.101816986158878e7 1.9779258969330404e7 6.961185508973838e7 2.249229629553084e7 6.126734928271633e7 1.3567200807288904e7 7.17823716376015e7 5.746784451990571e7 3.501061356307806e7 5.880238043229987e7 6.218694660572716e7 4.205915510938375e7 8.393750900139135e7 3.531715377430085e6 1.15106405257714e7 1.1442679391955048e7 8.568143953078565e7 2.0917719867527e7 7.36185964541889e7 2.3786915061725236e7 6.479379491966766e7 1.4348106079879234e7 7.591404428600264e7 6.0775597049512684e7 3.702576562844308e7 6.218694660572716e7 6.57663227187877e7 4.448000937786092e7 8.876881092419255e7 2.3886196857886524e6 7.785039171503424e6 7.739074736447397e6 5.794928279834073e7 1.4147368096730638e7 4.979077018900779e7 1.6087902763547169e7 4.3822255624316595e7 9.704113999447526e6 5.134325992637756e7 4.110461121973541e7 2.5041789388433464e7 4.205915510938375e7 4.448000937786092e7 3.0083348930947576e7 6.00373774774195e7 4.766971325395302e6 1.5536612512419712e7 1.5444881231293755e7 1.1564945691038556e8 2.8233920388486e7 9.936750298613608e7 3.210664787527957e7 8.745613092704949e7 1.936651257165706e7 1.0246580871686552e8 8.203252455457577e7 4.997593072747244e7 8.393750900139135e7 8.876881092419255e7 6.00373774774195e7 1.1981667010012051e8
2.595808143566828e7 1.3571552314076882e7 3.7104145114417665e7 1.7271356292562414e7 8.680250040701428e6 3.4031356532577984e6 2.272742278533632e7 4.5528058006783046e7 1.82557461531371e7 4.4821094233215004e7 3.168985211685042e7 4.6782346420494474e7 3.0329525947796725e7 2.342028663562928e6 5.6131910472785644e7 5.00085902473973e7 1.3571552314076882e7 7.095556452051164e6 1.939900095226185e7 9.029909087868508e6 4.538257876207121e6 1.7792468085343838e6 1.1882480916771729e7 2.3803239177313097e7 9.54457341401855e6 2.343362034161778e7 1.656826938058041e7 2.4459013405690193e7 1.5857055887654379e7 1.2244727950093031e6 2.934720585411702e7 2.6145776619808763e7 3.7104145114417665e7 1.939900095226185e7 5.303618405249531e7 2.4687452799246084e7 1.240743688773022e7 4.864397988559402e6 3.2486283518053517e7 6.507721594324421e7 2.609452690549095e7 6.406669108954446e7 4.529706382623431e7 6.687007954269858e7 4.3352631233841196e7 3.347665412419852e6 8.023422520240355e7 7.148163064768165e7 1.7271356292562414e7 9.029909087868508e6 2.4687452799246084e7 1.1491594589681422e7 5.77545345687541e6 2.264295553775945e6 1.5121819288149532e7 3.0292350884727675e7 1.2146563950760994e7 2.982196853965766e7 2.108502233206921e7 3.112689877458352e7 2.017992162198594e7 1.5582820169524502e6 3.7347684094463505e7 3.3273498351259213e7 8.680250040701428e6 4.538257876207121e6 1.240743688773022e7 5.77545345687541e6 2.9026313426062865e6 1.1379912057796882e6 7.599934265033069e6 1.522435039530345e7 6.104628405667209e6 1.4987945315078367e7 1.0596924923316522e7 1.5643778043727795e7 1.0142038790319398e7 783162.4402827382 1.8770224578174908e7 1.672261752495793e7 3.4031356532577984e6 1.7792468085343838e6 4.864397988559402e6 2.264295553775945e6 1.1379912057796882e6 446155.17148970783 2.979592424005757e6 5.968783086317633e6 2.393350246802064e6 5.8760992865016265e6 4.1545776737233805e6 6.133221803822552e6 3.9762372791360854e6 307042.770694564 7.358960880403518e6 6.5561862444205955e6 2.272742278533632e7 1.1882480916771729e7 3.2486283518053517e7 1.5121819288149532e7 7.599934265033069e6 2.979592424005757e6 1.9898841435702838e7 3.9861783525098026e7 1.5983695178412264e7 3.9242806170565195e7 2.7745835871937685e7 4.095996726967932e7 2.6554811487232644e7 2.0505473697694528e6 4.9145914894569084e7 4.378468325049327e7 4.5528058006783046e7 2.3803239177313097e7 6.507721594324421e7 3.0292350884727675e7 1.522435039530345e7 5.968783086317633e6 3.9861783525098026e7 7.985197484667797e7 3.201887904839816e7 7.861202620981634e7 5.5581050124138296e7 8.205187994360179e7 5.319516467700656e7 4.1077002209310797e6 9.845014479864411e7 8.771041123603496e7 1.82557461531371e7 9.54457341401855e6 2.609452690549095e7 1.2146563950760994e7 6.104628405667209e6 2.393350246802064e6 1.5983695178412264e7 3.201887904839816e7 1.2838863628412837e7 3.1521687018944547e7 2.2286774055679813e7 3.290099242570167e7 2.1330086663768396e7 1.647097104280851e6 3.947633461361053e7 3.5169938552480295e7 4.4821094233215004e7 2.343362034161778e7 6.406669108954446e7 2.982196853965766e7 1.4987945315078367e7 5.8760992865016265e6 3.9242806170565195e7 7.861202620981634e7 3.1521687018944547e7 7.73913316067467e7 5.471798258612073e7 8.077777098282339e7 5.236914538248653e7 4.043915482991169e6 9.69214021084815e7 8.634843609315947e7 3.168985211685042e7 1.656826938058041e7 4.529706382623431e7 2.108502233206921e7 1.0596924923316522e7 4.1545776737233805e6 2.7745835871937685e7 5.5581050124138296e7 2.2286774055679813e7 5.471798258612073e7 3.8687247733491644e7 5.7112296354369216e7 3.7026549687111415e7 2.859169010069919e6 6.852632565805301e7 6.1050922944351636e7 4.6782346420494474e7 2.4459013405690193e7 6.687007954269858e7 3.112689877458352e7 1.5643778043727795e7 6.133221803822552e6 4.095996726967932e7 8.205187994360179e7 3.290099242570167e7 8.077777098282339e7 5.7112296354369216e7 8.431239196283107e7 5.466068026543557e7 4.220866497281943e6 1.0116242556253602e8 9.012681460116054e7 3.0329525947796725e7 1.5857055887654379e7 4.3352631233841196e7 2.017992162198594e7 1.0142038790319398e7 3.9762372791360854e6 2.6554811487232644e7 5.319516467700656e7 2.1330086663768396e7 5.236914538248653e7 3.7026549687111415e7 5.466068026543557e7 3.543713916214521e7 2.736435637512546e6 6.558474821811985e7 5.843023642868555e7 2.342028663562928e6 1.2244727950093031e6 3.347665412419852e6 1.5582820169524502e6 783162.4402827382 307042.770694564 2.0505473697694528e6 4.1077002209310797e6 1.647097104280851e6 4.043915482991169e6 2.859169010069919e6 4.220866497281943e6 2.736435637512546e6 211305.99634429964 5.064416782635293e6 4.511949470304246e6 5.6131910472785644e7 2.934720585411702e7 8.023422520240355e7 3.7347684094463505e7 1.8770224578174908e7 7.358960880403518e6 4.9145914894569084e7 9.845014479864411e7 3.947633461361053e7 9.69214021084815e7 6.852632565805301e7 1.0116242556253602e8 6.558474821811985e7 5.064416782635293e6 1.2137997876050301e8 1.081388745001778e8 5.00085902473973e7 2.6145776619808763e7 7.148163064768165e7 3.3273498351259213e7 1.672261752495793e7 6.5561862444205955e6 4.378468325049327e7 8.771041123603496e7 3.5169938552480295e7 8.634843609315947e7 6.1050922944351636e7 9.012681460116054e7 5.843023642868555e7 4.511949470304246e6 1.081388745001778e8 9.634221638182089e7
8.597217633784816e7 9.365585362375988e7 5.859828591867413e7 6.060631571798124e7 4.1629964604249544e7 2.190894420017877e7 8.614485220427684e6 2.288886202551951e7 3.1802662131587386e7 8.638179355956067e7 1.1105097504640175e7 2.498731748778353e7 7.325970302155508e7 2.8766074384738162e7 8.113571953458357e7 3.43707609412692e7 9.365585362375988e7 1.0202625188323437e8 6.3835449122933514e7 6.602294457747468e7 4.535060105976942e7 2.3867034178588577e7 9.384396222307052e6 2.49345311796273e7 3.464499325615642e7 9.41020799750357e7 1.2097604488747707e7 2.722053400032427e7 7.9807215717608e7 3.1337013516094714e7 8.838714333027886e7 3.744261332879179e7 5.859828591867413e7 6.3835449122933514e7 3.99403534826536e7 4.130901843130647e7 2.837481465023893e7 1.4933047307924954e7 5.871598108731194e6 1.5600955314353343e7 2.1676565232434742e7 5.8877479351916976e7 7.569189317418497e6 1.70312540273012e7 4.993351578194664e7 1.960683936778104e7 5.53017766215581e7 2.3426970941902537e7 6.060631571798124e7 6.602294457747468e7 4.130901843130647e7 4.272458441057951e7 2.9347154923921544e7 1.5444768828762481e7 6.072804403199445e6 1.6135564521393249e7 2.2419371754007112e7 6.089507647431099e7 7.828568196300169e6 1.7614876313691173e7 5.164462364290827e7 2.027872109782641e7 5.719684255513902e7 2.422975988054367e7 4.1629964604249544e7 4.535060105976942e7 2.837481465023893e7 2.9347154923921544e7 2.0158311988527793e7 1.0608880807968961e7 4.171357875144974e6 1.1083382514471058e7 1.5399676444808586e7 4.182831192041113e7 5.377377143835157e6 1.209950924684955e7 3.547425427175718e7 1.3929281651936749e7 3.928802638532314e7 1.6643216705173071e7 2.190894420017877e7 2.3867034178588577e7 1.4933047307924954e7 1.5444768828762481e7 1.0608880807968961e7 5.583223042769853e6 2.1952948505797796e6 5.832942962291064e6 8.104514503855191e6 2.2013330075193323e7 2.829996539934001e6 6.367708343228185e6 1.8669327845249843e7 7.330677730859857e6 2.0676433093179483e7 8.758962674397718e6 8.614485220427684e6 9.384396222307052e6 5.871598108731194e6 6.072804403199445e6 4.171357875144974e6 2.1952948505797796e6 863178.7489169013 2.293483450464219e6 3.1866538056011237e6 8.655529214575378e6 1.1127402189889192e6 2.5037504733014773e6 7.340684577438993e6 2.882385129617305e6 8.129868133531654e6 3.4439794914563345e6 2.288886202551951e7 2.49345311796273e7 1.5600955314353343e7 1.6135564521393249e7 1.1083382514471058e7 5.832942962291064e6 2.293483450464219e6 6.09383206450979e6 8.467003821254404e6 2.2997916750785626e7 2.9565733402487924e6 6.652515810675627e6 1.9504347870657604e7 7.658555775308907e6 2.1601224592365757e7 9.150723389917113e6 3.1802662131587386e7 3.464499325615642e7 2.1676565232434742e7 2.2419371754007112e7 1.5399676444808586e7 8.104514503855191e6 3.1866538056011237e6 8.467003821254404e6 1.1764379613717448e7 3.195418694647878e7 4.1079763119004155e6 9.243260430163661e6 2.710008845070099e7 1.064109091428447e7 3.0013569332263574e7 1.271436578649841e7 8.638179355956067e7 9.41020799750357e7 5.8877479351916976e7 6.089507647431099e7 4.182831192041113e7 2.2013330075193323e7 8.655529214575378e6 2.2997916750785626e7 3.195418694647878e7 8.679336241580741e7 1.1158008101771291e7 2.5106370372139655e7 7.360875125196451e7 2.890313127885176e7 8.152229330104028e7 3.4534521546207026e7 1.1105097504640175e7 1.2097604488747707e7 7.569189317418497e6 7.828568196300169e6 5.377377143835157e6 2.829996539934001e6 1.1127402189889192e6 2.9565733402487924e6 4.1079763119004155e6 1.1158008101771291e7 1.4344546787199797e6 3.2276325772048263e6 9.463016755773272e6 3.71573774767425e6 1.0480368357780265e7 4.43969977055749e6 2.498731748778353e7 2.722053400032427e7 1.70312540273012e7 1.7614876313691173e7 1.209950924684955e7 6.367708343228185e6 2.5037504733014773e6 6.652515810675627e6 9.243260430163661e6 2.5106370372139655e7 3.2276325772048263e6 7.262419794768221e6 2.1292510396232095e7 8.360693705182065e6 2.358162919644362e7 9.989663546043238e6 7.325970302155508e7 7.9807215717608e7 4.993351578194664e7 5.164462364290827e7 3.547425427175718e7 1.8669327845249843e7 7.340684577438993e6 1.9504347870657604e7 2.710008845070099e7 7.360875125196451e7 9.463016755773272e6 2.1292510396232095e7 6.2426988770362206e7 2.4512512725516837e7 6.913840001194684e7 2.9288449431443933e7 2.8766074384738162e7 3.1337013516094714e7 1.960683936778104e7 2.027872109782641e7 1.3929281651936749e7 7.330677730859857e6 2.882385129617305e6 7.658555775308907e6 1.064109091428447e7 2.890313127885176e7 3.71573774767425e6 8.360693705182065e6 2.4512512725516837e7 9.62505627700387e6 2.714780807943313e7 1.1500370329247266e7 8.113571953458357e7 8.838714333027886e7 5.53017766215581e7 5.719684255513902e7 3.928802638532314e7 2.0676433093179483e7 8.129868133531654e6 2.1601224592365757e7 3.0013569332263574e7 8.152229330104028e7 1.0480368357780265e7 2.358162919644362e7 6.913840001194684e7 2.714780807943313e7 7.65713427856603e7 3.243719699455077e7 3.43707609412692e7 3.744261332879179e7 2.3426970941902537e7 2.422975988054367e7 1.6643216705173071e7 8.758962674397718e6 3.4439794914563345e6 9.150723389917113e6 1.271436578649841e7 3.4534521546207026e7 4.43969977055749e6 9.989663546043238e6 2.9288449431443933e7 1.1500370329247266e7 3.243719699455077e7 1.374106435365185e7
