824199.1319764267 2.4244919874905255e6 235446.7695562464 1.3851626726057678e6 1.733405377466268e6 1.106829746742915e6 1.4985527720173427e6 1.4505659919384625e6 25145.29312433794 546660.2531314659 106354.49282963734 603737.7316843151 941074.3296097873 1.0766692027222407e6 224608.35868622904 1.7010996634027555e6 2.4244919874905255e6 7.131967469208499e6 692598.164840065 4.0746412739484645e6 5.099043769510009e6 3.255887744093277e6 4.408193417864069e6 4.267033885788703e6 73968.24303474468 1.608074253146252e6 312855.9661070467 1.7759752907094695e6 2.7682960139749395e6 3.167166469731911e6 660715.5295739083 5.004012190540345e6 235446.7695562464 692598.164840065 67259.45119784199 395695.7292503585 495177.29468748294 316185.1040712225 428087.57676674303 414379.3211854917 7183.188875088009 156162.97767259096 30382.00453388404 172468.14886035759 268834.19579392613 307569.221838129 64163.271248768855 485948.6074450905 1.3851626726057678e6 4.0746412739484645e6 395695.7292503585 2.3279272631352767e6 2.9131897040496506e6 1.860156351343781e6 2.518492536810502e6 2.4378451617223807e6 42259.594891880544 918726.2493459946 178741.1170626481 1.0146516024196792e6 1.581585059907898e6 1.8094680429701244e6 377480.51694904047 2.8588961874751486e6 1.733405377466268e6 5.099043769510009e6 495177.29468748294 2.9131897040496506e6 3.6455925346872522e6 2.327816859431818e6 3.1516648497345652e6 3.0507419787815767e6 52884.04783340588 1.1497025241374027e6 223678.2867588167 1.2697443980210486e6 1.9792101693061779e6 2.264385041604764e6 472382.6095727038 3.577649125979341e6 1.106829746742915e6 3.255887744093277e6 316185.1040712225 1.860156351343781e6 2.327816859431818e6 1.4863787654535219e6 2.012429667519097e6 1.9479874792407018e6 33768.00258676243 734118.4988595982 142825.09140881445 810768.7265538215 1.2637832551588407e6 1.4458757049613562e6 301630.0346796909 2.284433016950061e6 1.4985527720173427e6 4.408193417864069e6 428087.57676674303 2.518492536810502e6 3.1516648497345652e6 2.012429667519097e6 2.7246575777576664e6 2.6374083687771247e6 45718.98616819096 993933.6331469113 193372.95304371914 1.0977114829245778e6 1.711054392801089e6 1.9575919892272623e6 408381.2582044081 3.092926839120814e6 1.4505659919384625e6 4.267033885788703e6 414379.3211854917 2.4378451617223807e6 3.0507419787815767e6 1.9479874792407018e6 2.6374083687771247e6 2.5529530611403235e6 44254.969034026966 962105.808623511 187180.74844192807 1.0625604755628207e6 1.6562628683492576e6 1.8949058175919675e6 395304.03997644404 2.9938848815732296e6 25145.29312433794 73968.24303474468 7183.188875088009 42259.594891880544 52884.04783340588 33768.00258676243 45718.98616819096 44254.969034026966 767.1517013038557 16677.926208746165 3244.743646937034 18419.289276634663 28711.010424243854 32847.841801867246 6852.522404140558 51898.4405715175 546660.2531314659 1.608074253146252e6 156162.97767259096 918726.2493459946 1.1497025241374027e6 734118.4988595982 993933.6331469113 962105.808623511 16677.926208746165 362579.16413615627 70540.93084580087 400436.5066924195 624179.1713688979 714114.1455555763 148974.26780882472 1.1282753603096476e6 106354.49282963734 312855.9661070467 30382.00453388404 178741.1170626481 223678.2867588167 142825.09140881445 193372.95304371914 187180.74844192807 3244.743646937034 70540.93084580087 13723.96270052478 77906.19737905465 121436.04519532854 138933.18077904626 28983.418140816964 219509.56381138414 603737.7316843151 1.7759752907094695e6 172468.14886035759 1.0146516024196792e6 1.2697443980210486e6 810768.7265538215 1.0977114829245778e6 1.0625604755628207e6 18419.289276634663 400436.5066924195 77906.19737905465 442246.5815818735 689350.4968180442 788675.6937818243 164528.8568375239 1.246079997304712e6 941074.3296097873 2.7682960139749395e6 268834.19579392613 1.581585059907898e6 1.9792101693061779e6 1.2637832551588407e6 1.711054392801089e6 1.6562628683492576e6 28711.010424243854 624179.1713688979 121436.04519532854 689350.4968180442 1.074522963554687e6 1.229345808377188e6 256458.84880820676 1.9423233575814662e6 1.0766692027222407e6 3.167166469731911e6 307569.221838129 1.8094680429701244e6 2.264385041604764e6 1.4458757049613562e6 1.9575919892272623e6 1.8949058175919675e6 32847.841801867246 714114.1455555763 138933.18077904626 788675.6937818243 1.229345808377188e6 1.4064763321343812e6 293410.77063688287 2.2221833866227623e6 224608.35868622904 660715.5295739083 64163.271248768855 377480.51694904047 472382.6095727038 301630.0346796909 408381.2582044081 395304.03997644404 6852.522404140558 148974.26780882472 28983.418140816964 164528.8568375239 256458.84880820676 293410.77063688287 61209.618931222845 463578.7500071253 1.7010996634027555e6 5.004012190540345e6 485948.6074450905 2.8588961874751486e6 3.577649125979341e6 2.284433016950061e6 3.092926839120814e6 2.9938848815732296e6 51898.4405715175 1.1282753603096476e6 219509.56381138414 1.246079997304712e6 1.9423233575814662e6 2.2221833866227623e6 463578.7500071253 3.5109719879099964e6
1.381444467876137e6 784803.5760565796 3.9425292117334423e6 928332.7590546554 2.3775838923738752e6 1.73396502071789e6 1.7072645669220015e6 734662.3036557408 1.3702349077788058e6 2.168453431891953e6 4.664561785311234e6 1.3427822178990452e6 3.39418204023418e6 2.5954247871825905e6 3.025051698168946e6 2.817098374327728e6 784803.5760565796 445849.73722332774 2.239765040163277e6 527389.1828577569 1.3507139696887494e6 985071.7713673853 969903.147431627 417364.299840018 778435.3846055459 1.2319062021199935e6 2.6499543448729864e6 762839.4126421327 1.9282470377243136e6 1.4744701663602565e6 1.7185427613525188e6 1.6004037293475983e6 3.9425292117334423e6 2.239765040163277e6 1.1251655022563804e7 2.649385556850515e6 6.78542943057438e6 4.948593957464248e6 4.87239305217656e6 2.0966659610828757e6 3.9105380465711146e6 6.188588248256821e6 1.331227676983534e7 3.8321903211949253e6 9.68671716796371e6 7.407129478071705e6 8.633249446045967e6 8.039767715157762e6 928332.7590546554 527389.1828577569 2.649385556850515e6 623841.0095912012 1.5977399497532663e6 1.1652271004871333e6 1.1472843553991194e6 493694.172430052 920799.9178185954 1.4572039659362454e6 3.1345925316826766e6 902351.6689514285 2.280895433305883e6 1.7441293585317605e6 2.0328392885467345e6 1.8930943423217856e6 2.3775838923738752e6 1.3507139696887494e6 6.78542943057438e6 1.5977399497532663e6 4.0920249034451656e6 2.984301865956897e6 2.9383481049911906e6 1.2644165582650034e6 2.3582912822489194e6 3.732093523061128e6 8.02810914490781e6 2.31104285874855e6 5.841677124417752e6 4.466947685099789e6 5.206372285251788e6 4.848466857543479e6 1.73396502071789e6 985071.7713673853 4.948593957464248e6 1.1652271004871333e6 2.984301865956897e6 2.1764426750325034e6 2.142928730754639e6 922135.3200954712 1.7198949762402498e6 2.721804956616932e6 5.854876660472664e6 1.6854368383396324e6 4.260318144212689e6 3.257731960661265e6 3.7969921719347113e6 3.5359727839914085e6 1.7072645669220015e6 969903.147431627 4.87239305217656e6 1.1472843553991194e6 2.9383481049911906e6 2.142928730754639e6 2.1099308508206443e6 907935.8228659525 1.693411179970893e6 2.679893253314242e6 5.764720364419555e6 1.6594836455760645e6 4.19471565142524e6 3.2075677874191697e6 3.7385242023743335e6 3.481524120486424e6 734662.3036557408 417364.299840018 2.0966659610828757e6 493694.172430052 1.2644165582650034e6 922135.3200954712 907935.8228659525 390698.8032914205 728700.9773515906 1.153199444993382e6 2.480648181254686e6 714101.4354535228 1.805050912063853e6 1.380265944419951e6 1.6087446878492783e6 1.4981535844798193e6 1.3702349077788058e6 778435.3846055459 3.9105380465711146e6 920799.9178185954 2.3582912822489194e6 1.7198949762402498e6 1.693411179970893e6 728700.9773515906 1.3591163062690238e6 2.150857784996043e6 4.626711776225782e6 1.331886377842363e6 3.366640370303877e6 2.5743645340876863e6 3.0005052906971406e6 2.7942393783554398e6 2.168453431891953e6 1.2319062021199935e6 6.188588248256821e6 1.4572039659362454e6 3.732093523061128e6 2.721804956616932e6 2.679893253314242e6 1.153199444993382e6 2.150857784996043e6 3.4038214315724457e6 7.321962805483631e6 2.1077652966849096e6 5.327847673042881e6 4.074038383632046e6 4.748423761564612e6 4.421999421504018e6 4.664561785311234e6 2.6499543448729864e6 1.331227676983534e7 3.1345925316826766e6 8.02810914490781e6 5.854876660472664e6 5.764720364419555e6 2.480648181254686e6 4.626711776225782e6 7.321962805483631e6 1.5750279620314647e7 4.534015492665425e6 1.1460737080229588e7 8.763666988043524e6 1.0214337874589758e7 9.512166234632697e6 1.3427822178990452e6 762839.4126421327 3.8321903211949253e6 902351.6689514285 2.31104285874855e6 1.6854368383396324e6 1.6594836455760645e6 714101.4354535228 1.331886377842363e6 2.1077652966849096e6 4.534015492665425e6 1.3052020016975051e6 3.2991896481700675e6 2.5227870777037097e6 2.9403900938353e6 2.738256724090592e6 3.39418204023418e6 1.9282470377243136e6 9.68671716796371e6 2.280895433305883e6 5.841677124417752e6 4.260318144212689e6 4.19471565142524e6 1.805050912063853e6 3.366640370303877e6 5.327847673042881e6 1.1460737080229588e7 3.2991896481700675e6 8.339438891785557e6 6.376907942580888e6 7.432492860527749e6 6.921555610857464e6 2.5954247871825905e6 1.4744701663602565e6 7.407129478071705e6 1.7441293585317605e6 4.466947685099789e6 3.257731960661265e6 3.2075677874191697e6 1.380265944419951e6 2.5743645340876863e6 4.074038383632046e6 8.763666988043524e6 2.5227870777037097e6 6.376907942580888e6 4.876221942006993e6 5.683394694835053e6 5.29269696950101e6 3.025051698168946e6 1.7185427613525188e6 8.633249446045967e6 2.0328392885467345e6 5.206372285251788e6 3.7969921719347113e6 3.7385242023743335e6 1.6087446878492783e6 3.0005052906971406e6 4.748423761564612e6 1.0214337874589758e7 2.9403900938353e6 7.432492860527749e6 5.683394694835053e6 6.624180695923069e6 6.168809835889225e6 2.817098374327728e6 1.6004037293475983e6 8.039767715157762e6 1.8930943423217856e6 4.848466857543479e6 3.5359727839914085e6 3.481524120486424e6 1.4981535844798193e6 2.7942393783554398e6 4.421999421504018e6 9.512166234632697e6 2.738256724090592e6 6.921555610857464e6 5.29269696950101e6 6.168809835889225e6 5.744742865300244e6
2.0263495460434838e6 5.981808796194697e6 6.421585337282293e6 7.529324019713711e6 2.664172538571511e6 1.5142480075996418e6 2.9230908452029396e6 2.379679572692308e6 5.44130887184565e6 2.50633259128098e6 7.737013454100196e6 4.306412668911684e6 8.007086202508564e6 4.263177940159608e6 4.221936075330814e6 918430.6577833783 5.981808796194697e6 1.7658373178555444e7 1.895659893973979e7 2.222665716211876e7 7.864670119192474e6 4.470078752782693e6 8.62900014661928e6 7.024843382944268e6 1.6062810750480497e7 7.398724652411125e6 2.2839758928255565e7 1.271258319337734e7 2.363701700507455e7 1.2584953742054278e7 1.2463207249556951e7 2.7112186039918307e6 6.421585337282293e6 1.895659893973979e7 2.0350268947682347e7 2.386073854782179e7 8.442872723062672e6 4.798714427921371e6 9.263395522134902e6 7.541302773387941e6 1.724373237346596e7 7.942671416167059e6 2.451891493657406e7 1.3647199470084192e7 2.5374786621972553e7 1.3510186830405215e7 1.337948965874307e7 2.9105446574347895e6 7.529324019713711e6 2.222665716211876e7 2.386073854782179e7 2.797677246974906e7 9.899288267660843e6 5.6265040341558885e6 1.0861353193265628e7 8.84219536598636e6 2.021831705564465e7 9.312801050425598e6 2.874848584467996e7 1.6001373706794996e7 2.9751997423238374e7 1.5840726062209478e7 1.5687483318834068e7 3.4126205054759393e6 2.664172538571511e6 7.864670119192474e6 8.442872723062672e6 9.899288267660843e6 3.5027595950251007e6 1.9908795924723542e6 3.843176204591675e6 3.128718330233429e6 7.1540399821747355e6 3.295237228569583e6 1.017235097232811e7 5.6619186924943095e6 1.052743304646038e7 5.605075204025711e6 5.550851862386119e6 1.2075200657390126e6 1.5142480075996418e6 4.470078752782693e6 4.798714427921371e6 5.6265040341558885e6 1.9908795924723542e6 1.131565396995075e6 2.184363747618852e6 1.7782840372781213e6 4.066174631131344e6 1.8729291499285235e6 5.78170594037848e6 3.2180907862287643e6 5.9835255731179705e6 3.185782391065762e6 3.154963220815185e6 686323.737374117 2.9230908452029396e6 8.62900014661928e6 9.263395522134902e6 1.0861353193265628e7 3.843176204591675e6 2.184363747618852e6 4.216676291606542e6 3.432783641418231e6 7.84930723342844e6 3.615485722545709e6 1.1160953568475267e7 6.212173745018607e6 1.1550544387074515e7 6.14980590722044e6 6.090312855907785e6 1.3248732199053166e6 2.379679572692308e6 7.024843382944268e6 7.541302773387941e6 8.84219536598636e6 3.128718330233429e6 1.7782840372781213e6 3.432783641418231e6 2.7946189638140183e6 6.390097698752441e6 2.9433561852592337e6 9.086099141343651e6 5.057312189696905e6 9.40326386930637e6 5.0065387182378e6 4.9581056019156715e6 1.0785753521789298e6 5.44130887184565e6 1.6062810750480497e7 1.724373237346596e7 2.021831705564465e7 7.1540399821747355e6 4.066174631131344e6 7.84930723342844e6 6.390097698752441e6 1.461141899068524e7 6.730196076664671e6 2.0776020618745275e7 1.1563908856164744e7 2.1501240630676355e7 1.144781165388794e7 1.133706584232619e7 2.4662402871851264e6 2.50633259128098e6 7.398724652411125e6 7.942671416167059e6 9.312801050425598e6 3.295237228569583e6 1.8729291499285235e6 3.615485722545709e6 2.9433561852592337e6 6.730196076664671e6 3.1000096061326e6 9.569686048023337e6 5.326476098199816e6 9.90373114536322e6 5.273000324507117e6 5.22198946601657e6 1.1359800656943088e6 7.737013454100196e6 2.2839758928255565e7 2.451891493657406e7 2.874848584467996e7 1.017235097232811e7 5.78170594037848e6 1.1160953568475267e7 9.086099141343651e6 2.0776020618745275e7 9.569686048023337e6 2.954148621880604e7 1.6442756790571138e7 3.0572678735467978e7 1.6277677829395695e7 1.6120208026776701e7 3.5067544835996446e6 4.306412668911684e6 1.271258319337734e7 1.3647199470084192e7 1.6001373706794996e7 5.6619186924943095e6 3.2180907862287643e6 6.212173745018607e6 5.057312189696905e6 1.1563908856164744e7 5.326476098199816e6 1.6442756790571138e7 9.15201926102689e6 1.7016717343203567e7 9.060136503682068e6 8.972488995119175e6 1.951855457474146e6 8.007086202508564e6 2.363701700507455e7 2.5374786621972553e7 2.9751997423238374e7 1.052743304646038e7 5.9835255731179705e6 1.1550544387074515e7 9.40326386930637e6 2.1501240630676355e7 9.90373114536322e6 3.0572678735467978e7 1.7016717343203567e7 3.1639866665446077e7 1.6845876038584683e7 1.66829095022923e7 3.629163320936902e6 4.263177940159608e6 1.2584953742054278e7 1.3510186830405215e7 1.5840726062209478e7 5.605075204025711e6 3.185782391065762e6 6.14980590722044e6 5.0065387182378e6 1.144781165388794e7 5.273000324507117e6 1.6277677829395695e7 9.060136503682068e6 1.6845876038584683e7 8.969176213921336e6 8.882408652671872e6 1.932259578547735e6 4.221936075330814e6 1.2463207249556951e7 1.337948965874307e7 1.5687483318834068e7 5.550851862386119e6 3.154963220815185e6 6.090312855907785e6 4.9581056019156715e6 1.133706584232619e7 5.22198946601657e6 1.6120208026776701e7 8.972488995119175e6 1.66829095022923e7 8.882408652671872e6 8.796480478396818e6 1.91356695312342e6 918430.6577833783 2.7112186039918307e6 2.9105446574347895e6 3.4126205054759393e6 1.2075200657390126e6 686323.737374117 1.3248732199053166e6 1.0785753521789298e6 2.4662402871851264e6 1.1359800656943088e6 3.5067544835996446e6 1.951855457474146e6 3.629163320936902e6 1.932259578547735e6 1.91356695312342e6 416273.1325419153
3.0709794535185723e6 5.5664488027970735e6 4.269415475587217e6 1.7540210874163846e6 1.2858935780609878e7 8.003151895433098e6 4.844936221709513e6 6.35408816084958e6 1.2406160442107677e7 4.470260490268467e6 4.0274323075446803e6 1.0104583282303829e7 1.2766524769452462e7 3.777582152250518e6 5.676241343228311e6 8.435694128617356e6 5.5664488027970735e6 1.0089729593813961e7 7.738730597984456e6 3.1793337369753607e6 2.330807117553625e7 1.4506490831742479e7 8.781917899210716e6 1.1517402500138314e7 2.248737185823736e7 8.102781712113294e6 7.300112581669136e6 1.831553950974791e7 2.314056723413635e7 6.8472348861761335e6 1.0288739246756865e7 1.5290515678704262e7 4.269415475587217e6 7.738730597984456e6 5.935535805131815e6 2.4385199863651716e6 1.787707806329222e7 1.1126346194432653e7 6.735650953151047e6 8.833742699285908e6 1.7247609170248765e7 6.214759690166996e6 5.599119786037737e6 1.4047851798682489e7 1.774860406757789e7 5.251766723037404e6 7.8913691871759575e6 1.172768610313379e7 1.7540210874163846e6 3.1793337369753607e6 2.4385199863651716e6 1.0018269485900843e6 7.344511698077496e6 4.571081442535339e6 2.7672345024416344e6 3.629201951404574e6 7.085904467512987e6 2.5532346552144643e6 2.300308843643221e6 5.77133531011063e6 7.291730211020049e6 2.157604391297211e6 3.2420428609119477e6 4.818132329617666e6 1.2858935780609878e7 2.330807117553625e7 1.787707806329222e7 7.344511698077496e6 5.3843482808195524e7 3.351113800124226e7 2.028692300911759e7 2.6606108194922224e7 5.1947602653682314e7 1.871806485097091e7 1.6863835850198824e7 4.231034088101667e7 5.345653549191409e7 1.5817652653492e7 2.3767799170452565e7 3.5322297236627325e7 8.003151895433098e6 1.4506490831742479e7 1.1126346194432653e7 4.571081442535339e6 3.351113800124226e7 2.0856681469486438e7 1.2626186886923261e7 1.6559125021168033e7 3.2331179013113093e7 1.164976003821232e7 1.0495723919261243e7 2.6333134451836348e7 3.3270309506523423e7 9.844599815638311e6 1.4792616607364299e7 2.1983911802921984e7 4.844936221709513e6 8.781917899210716e6 6.735650953151047e6 2.7672345024416344e6 2.028692300911759e7 1.2626186886923261e7 7.643622286543862e6 1.0024538539703887e7 1.9572601187363718e7 7.052514449409239e6 6.353885775741593e6 1.5941513869011024e7 2.0141130612255935e7 5.959709231838803e6 8.955132296786495e6 1.330858791392214e7 6.35408816084958e6 1.1517402500138314e7 8.833742699285908e6 3.629201951404574e6 2.6606108194922224e7 1.6559125021168033e7 1.0024538539703887e7 1.3147087750649003e7 2.566928186265706e7 9.249306186201978e6 8.333061269645512e6 2.090714509041799e7 2.641490284144625e7 7.816102449904108e6 1.1744571548926452e7 1.74540875321658e7 1.2406160442107677e7 2.248737185823736e7 1.7247609170248765e7 7.085904467512987e6 5.1947602653682314e7 3.2331179013113093e7 1.9572601187363718e7 2.566928186265706e7 5.0118478239563555e7 1.8058984014609307e7 1.627004417756033e7 4.082055360457402e7 5.157428011981686e7 1.5260698084569236e7 2.2930912393937103e7 3.407856561210943e7 4.470260490268467e6 8.102781712113294e6 6.214759690166996e6 2.5532346552144643e6 1.871806485097091e7 1.164976003821232e7 7.052514449409239e6 9.249306186201978e6 1.8058984014609307e7 6.507119032645921e6 5.862517738768995e6 1.470870127957269e7 1.8583547086102948e7 5.49882423491984e6 8.262600839217395e6 1.227938862565229e7 4.0274323075446803e6 7.300112581669136e6 5.599119786037737e6 2.300308843643221e6 1.6863835850198824e7 1.0495723919261243e7 6.353885775741593e6 8.333061269645512e6 1.627004417756033e7 5.862517738768995e6 5.281771251601951e6 1.3251643581919586e7 1.6742643540858613e7 4.954105566205116e6 7.444099876652027e6 1.1062980910286654e7 1.0104583282303829e7 1.831553950974791e7 1.4047851798682489e7 5.77133531011063e6 4.231034088101667e7 2.6333134451836348e7 1.5941513869011024e7 2.090714509041799e7 4.082055360457402e7 1.470870127957269e7 1.3251643581919586e7 3.324756966121347e7 4.2006276730612755e7 1.242955025942151e7 1.8676794895970717e7 2.775634782218838e7 1.2766524769452462e7 2.314056723413635e7 1.774860406757789e7 7.291730211020049e6 5.345653549191409e7 3.3270309506523423e7 2.0141130612255935e7 2.641490284144625e7 5.157428011981686e7 1.8583547086102948e7 1.6742643540858613e7 4.2006276730612755e7 5.3072368980620906e7 1.5703978761594186e7 2.3596991384193935e7 3.506845280815125e7 3.777582152250518e6 6.8472348861761335e6 5.251766723037404e6 2.157604391297211e6 1.5817652653492e7 9.844599815638311e6 5.959709231838803e6 7.816102449904108e6 1.5260698084569236e7 5.49882423491984e6 4.954105566205116e6 1.242955025942151e7 1.5703978761594186e7 4.646767304369839e6 6.98228962928361e6 1.0376665837213064e7 5.676241343228311e6 1.0288739246756865e7 7.8913691871759575e6 3.2420428609119477e6 2.3767799170452565e7 1.4792616607364299e7 8.955132296786495e6 1.1744571548926452e7 2.2930912393937103e7 8.262600839217395e6 7.444099876652027e6 1.8676794895970717e7 2.3596991384193935e7 6.98228962928361e6 1.049167416267101e7 1.559210554692061e7 8.435694128617356e6 1.5290515678704262e7 1.172768610313379e7 4.818132329617666e6 3.5322297236627325e7 2.1983911802921984e7 1.330858791392214e7 1.74540875321658e7 3.407856561210943e7 1.227938862565229e7 1.1062980910286654e7 2.775634782218838e7 3.506845280815125e7 1.0376665837213064e7 1.559210554692061e7 2.3172064974272862e7
4.816459303895008e6 1.966323865910964e7 2.0157329463782337e7 1.064940117208533e7 4.671102395856578e6 1.3935690668924568e7 1.569502373038337e6 469447.498788605 8.110331446487284e6 9.75303151262627e6 2.1652191873525597e7 1.066227035732496e6 4.119708981807007e6 1.9161750813193567e7 1.5189006535274355e7 2.359607502470387e7 1.966323865910964e7 8.027534962299602e7 8.229247980069606e7 4.347627657810278e7 1.906981776770949e7 5.6892583163942434e7 6.407507629543232e6 1.9165236586007376e6 3.311050146479919e7 3.9816839338287465e7 8.839526910518435e7 4.352881514320817e6 1.681874916909182e7 7.822802095753504e7 6.2009256520936266e7 9.633118964667632e7 2.0157329463782337e7 8.229247980069606e7 8.436029570163365e7 4.4568732854052804e7 1.9548997305178214e7 5.8322159577203214e7 6.568513181859037e6 1.9646813773300273e6 3.394249026356608e7 4.081734258850173e7 9.061643370571703e7 4.462259158936816e6 1.7241364662633367e7 8.019370659523411e7 6.3567402866141245e7 9.875176521068971e7 1.064940117208533e7 4.347627657810278e7 4.4568732854052804e7 2.354628953935091e7 1.032801072130682e7 3.0812418662698813e7 3.470238064195532e6 1.0379688539647785e6 1.793229585525113e7 2.1564377205046438e7 4.787393871046945e7 2.3574743868086515e6 9.108855881752584e6 4.236746512198473e7 3.358355459761785e7 5.2171948971204765e7 4.671102395856578e6 1.906981776770949e7 1.9548997305178214e7 1.032801072130682e7 4.530132243603129e6 1.3515122616916578e7 1.5221360406955432e6 455279.94694090146 7.865568099006099e6 9.45869278468762e6 2.0998745957259815e7 1.0340491524779393e6 3.9953794438974154e6 1.85834644258143e7 1.473061440802072e7 2.288396426220659e7 1.3935690668924568e7 5.6892583163942434e7 5.8322159577203214e7 3.0812418662698813e7 1.3515122616916578e7 4.032079628761764e7 4.54111582695563e6 1.3582747648522325e6 2.3466007523264665e7 2.82189097153422e7 6.2647316050120726e7 3.0849653688128293e6 1.1919749839892786e7 5.5441604539611466e7 4.394707466388907e7 6.82716455797916e7 1.569502373038337e6 6.407507629543232e6 6.568513181859037e6 3.470238064195532e6 1.5221360406955432e6 4.54111582695563e6 511441.60960332456 152975.2286642986 2.6428510339732994e6 3.1781450101749455e6 7.055632443421265e6 347443.1646139915 1.3424577298814845e6 6.244091660559822e6 4.949524183029943e6 7.689070624081547e6 469447.498788605 1.9165236586007376e6 1.9646813773300273e6 1.0379688539647785e6 455279.94694090146 1.3582747648522325e6 152975.2286642986 45755.80114227438 790492.4700227509 950602.083465388 2.110381646969922e6 103922.31792774217 401537.09503623535 1.8676449699034612e6 1.4804321343070471e6 2.299846775953776e6 8.110331446487284e6 3.311050146479919e7 3.394249026356608e7 1.793229585525113e7 7.865568099006099e6 2.3466007523264665e7 2.6428510339732994e6 790492.4700227509 1.3656811367364224e7 1.6422918410515143e7 3.6459656680836156e7 1.795396599739377e6 6.937088678088791e6 3.2266056948580574e7 2.557643895056189e7 3.9732919394080415e7 9.75303151262627e6 3.9816839338287465e7 4.081734258850173e7 2.1564377205046438e7 9.45869278468762e6 2.82189097153422e7 3.1781450101749455e6 950602.083465388 1.6422918410515143e7 1.97492842116111e7 4.384434630001991e7 2.159043650738134e6 8.342155302738769e6 3.880135753810632e7 3.0756796650232084e7 4.778058917764026e7 2.1652191873525597e7 8.839526910518435e7 9.061643370571703e7 4.787393871046945e7 2.0998745957259815e7 6.2647316050120726e7 7.055632443421265e6 2.110381646969922e6 3.6459656680836156e7 4.384434630001991e7 9.73365253078836e7 4.793179159585333e6 1.8519979866753284e7 8.614085141432275e7 6.828154524300401e7 1.0607517092147541e8 1.066227035732496e6 4.352881514320817e6 4.462259158936816e6 2.3574743868086515e6 1.0340491524779393e6 3.0849653688128293e6 347443.1646139915 103922.31792774217 1.795396599739377e6 2.159043650738134e6 4.793179159585333e6 236032.32582232292 911986.340713069 4.241866375259107e6 3.3624138380512125e6 5.223499575334524e6 4.119708981807007e6 1.681874916909182e7 1.7241364662633367e7 9.108855881752584e6 3.9953794438974154e6 1.1919749839892786e7 1.3424577298814845e6 401537.09503623535 6.937088678088791e6 8.342155302738769e6 1.8519979866753284e7 911986.340713069 3.5237507521461435e6 1.6389806692319153e7 1.2991760689744035e7 2.0182660348869324e7 1.9161750813193567e7 7.822802095753504e7 8.019370659523411e7 4.236746512198473e7 1.85834644258143e7 5.5441604539611466e7 6.244091660559822e6 1.8676449699034612e6 3.2266056948580574e7 3.880135753810632e7 8.614085141432275e7 4.241866375259107e6 1.6389806692319153e7 7.623290700909619e7 6.042778314217854e7 9.387437560764904e7 1.5189006535274355e7 6.2009256520936266e7 6.3567402866141245e7 3.358355459761785e7 1.473061440802072e7 4.394707466388907e7 4.949524183029943e6 1.4804321343070471e6 2.557643895056189e7 3.0756796650232084e7 6.828154524300401e7 3.3624138380512125e6 1.2991760689744035e7 6.042778314217854e7 4.7899484864750795e7 7.441170269355685e7 2.359607502470387e7 9.633118964667632e7 9.875176521068971e7 5.2171948971204765e7 2.288396426220659e7 6.82716455797916e7 7.689070624081547e6 2.299846775953776e6 3.9732919394080415e7 4.778058917764026e7 1.0607517092147541e8 5.223499575334524e6 2.0182660348869324e7 9.387437560764904e7 7.441170269355685e7 1.1559835170229661e8
7.012299760069709e7 1.9610297535768226e7 4.2145682883177675e7 7.982448374718368e7 3.795004990012864e6 1.8726862676122267e7 1.9409285414213052e6 3.2505274921988454e7 7.311951880931355e7 1.3221557726968265e8 1.9893036467541013e7 3.5687779032353625e7 8.772039586751607e7 1.2557830448703448e8 3.890952768184521e7 1.1342817486384113e8 1.9610297535768226e7 5.484131919619112e6 1.1786281383655969e7 2.2323373650327317e7 1.0612948611760084e6 5.237074305941817e6 542791.7729597753 9.090286133115938e6 2.0448291838405173e7 3.697484274539992e7 5.563201479773719e6 9.980291618455399e6 2.453151065664459e7 3.5118691432032615e7 1.088127206372606e7 3.1720838157622613e7 4.2145682883177675e7 1.1786281383655969e7 2.5330614013450533e7 4.797651973578394e7 2.2808933206182425e6 1.125531484319802e7 1.1665468049648483e6 1.9536486684348684e7 4.3946667395137705e7 7.946488288414136e7 1.1956214583389943e7 2.1449251591713775e7 5.2722161246888705e7 7.547571522905162e7 2.338560345282458e7 6.817318214276612e7 7.982448374718368e7 2.2323373650327317e7 4.797651973578394e7 9.086816627247335e7 4.320042275870297e6 2.131771596300102e7 2.2094551589390375e6 3.7002365536099255e7 8.323557235861689e7 1.505075447428302e8 2.2645229390044987e7 4.062516770265502e7 9.985647439226766e7 1.4295200816435888e8 4.429264387321587e7 1.2912091340489681e8 3.795004990012864e6 1.0612948611760084e6 2.2808933206182425e6 4.320042275870297e6 205382.87533331817 1.0134840171530712e6 105041.62331872447 1.7591615411697675e6 3.9571745111182453e6 7.155409675340079e6 1.0765964839483066e6 1.9313963199558386e6 4.747363225097182e6 6.79620536017863e6 2.1057549842988793e6 6.138649292597407e6 1.8726862676122267e7 5.237074305941817e6 1.125531484319802e7 2.131771596300102e7 1.0134840171530712e6 5.0011465238168165e6 518339.25392547314 8.680772935292022e6 1.9527105721911434e7 3.530914313265134e7 5.312581818878626e6 9.5306840839907e6 2.34263774155845e7 3.3536610579887494e7 1.039107577573737e7 3.0291829028387405e7 1.9409285414213052e6 542791.7729597753 1.1665468049648483e6 2.2094551589390375e6 105041.62331872447 518339.25392547314 53722.797538626415 899710.7653909879 2.0238689994418868e6 3.6595838216230217e6 550617.6800262941 987799.028476549 2.4280054451400824e6 3.4758713075859356e6 1.076973537853507e6 3.139568893620249e6 3.2505274921988454e7 9.090286133115938e6 1.9536486684348684e7 3.7002365536099255e7 1.7591615411697675e6 8.680772935292022e6 899710.7653909879 1.5067708653452488e7 3.389430204616089e7 6.128807716682264e7 9.221348794765936e6 1.6542947513560055e7 4.066248850592383e7 5.821139214316266e7 1.8036378045118336e7 5.2579241247551635e7 7.311951880931355e7 2.0448291838405173e7 4.3946667395137705e7 8.323557235861689e7 3.9571745111182453e6 1.9527105721911434e7 2.0238689994418868e6 3.389430204616089e7 7.624408844228315e7 1.3786546097337267e8 2.074311287212094e7 3.7212802069272436e7 9.146889544167903e7 1.3094456185783681e8 4.057222364330165e7 1.1827522851619068e8 1.3221557726968265e8 3.697484274539992e7 7.946488288414136e7 1.505075447428302e8 7.155409675340079e6 3.530914313265134e7 3.6595838216230217e6 6.128807716682264e7 1.3786546097337267e8 2.4928995437841418e8 3.7507941619663976e7 6.72886280918003e7 1.6539513675658137e8 2.367755028791894e8 7.336317384832849e7 2.1386666473767772e8 1.9893036467541013e7 5.563201479773719e6 1.1956214583389943e7 2.2645229390044987e7 1.0765964839483066e6 5.312581818878626e6 550617.6800262941 9.221348794765936e6 2.074311287212094e7 3.7507941619663976e7 5.643411055419323e6 1.0124186273079386e7 2.488520305244743e7 3.562502853796587e7 1.1038156946987798e7 3.2178185420164917e7 3.5687779032353625e7 9.980291618455399e6 2.1449251591713775e7 4.062516770265502e7 1.9313963199558386e6 9.5306840839907e6 987799.028476549 1.6542947513560055e7 3.7212802069272436e7 6.72886280918003e7 1.0124186273079386e7 1.8162623045787163e7 4.464364347595116e7 6.391071310600043e7 1.9802271347126987e7 5.772713345248791e7 8.772039586751607e7 2.453151065664459e7 5.2722161246888705e7 9.985647439226766e7 4.747363225097182e6 2.34263774155845e7 2.4280054451400824e6 4.066248850592383e7 9.146889544167903e7 1.6539513675658137e8 2.488520305244743e7 4.464364347595116e7 1.0973386926455687e8 1.5709223733847663e8 4.867389142011817e7 1.4189302713846147e8 1.2557830448703448e8 3.5118691432032615e7 7.547571522905162e7 1.4295200816435888e8 6.79620536017863e6 3.3536610579887494e7 3.4758713075859356e6 5.821139214316266e7 1.3094456185783681e8 2.367755028791894e8 3.562502853796587e7 6.391071310600043e7 1.5709223733847663e8 2.248892816538918e8 6.968031433141246e7 2.0313047598978332e8 3.890952768184521e7 1.088127206372606e7 2.338560345282458e7 4.429264387321587e7 2.1057549842988793e6 1.039107577573737e7 1.076973537853507e6 1.8036378045118336e7 4.057222364330165e7 7.336317384832849e7 1.1038156946987798e7 1.9802271347126987e7 4.867389142011817e7 6.968031433141246e7 2.158994047923058e7 6.293850606469128e7 1.1342817486384113e8 3.1720838157622613e7 6.817318214276612e7 1.2912091340489681e8 6.138649292597407e6 3.0291829028387405e7 3.139568893620249e6 5.2579241247551635e7 1.1827522851619068e8 2.1386666473767772e8 3.2178185420164917e7 5.772713345248791e7 1.4189302713846147e8 2.0313047598978332e8 6.293850606469128e7 1.8347690904779893e8
