223242.72094767995 605123.2434502989 893661.3402349626 632162.5113990224 518119.80290705775 36203.07733050293 492810.7632498133 793802.4475070674 1.0785315704501714e6 952825.4839576932 530338.1057420031 905939.7981512522 84180.47062200571 1.3176922836290044e6 605123.2434502989 1.6402511947954074e6 2.422364529752618e6 1.7135440190908432e6 1.4044190748975314e6 98132.30856584216 1.3358162192210262e6 2.15168633340049e6 2.9234750378593924e6 2.5827352616334977e6 1.4375380899747256e6 2.4556466016039755e6 228180.1583573204 3.5717456997215524e6 893661.3402349626 2.422364529752618e6 3.5774093221956375e6 2.5306052299709767e6 2.0740816789126664e6 144924.2800413174 1.9727672431983047e6 3.177664902620565e6 4.317462019109277e6 3.8142488829600886e6 2.1229926796410303e6 3.626561129300074e6 336982.24013002624 5.274844560245011e6 632162.5113990224 1.7135440190908432e6 2.5306052299709767e6 1.7901118527935247e6 1.4671739997652813e6 102517.24306382853 1.3955057007815451e6 2.2478320755119496e6 3.054107311112299e6 2.6981419519826192e6 1.5017729016796828e6 2.565374474672523e6 238376.13828237925 3.7313452359561976e6 518119.80290705775 1.4044190748975314e6 2.0740816789126664e6 1.4671739997652813e6 1.2024944375559862e6 84023.03650252157 1.1437551667600006e6 1.8423210660736042e6 2.503143494840519e6 2.211394619530203e6 1.2308516651951543e6 2.10257851934081e6 195372.8599174299 3.0582070644355575e6 36203.07733050293 98132.30856584216 144924.2800413174 102517.24306382853 84023.03650252157 5871.021472209825 79918.69161735631 128730.25051050165 174904.52402050476 154518.87762234668 86004.46801573403 146915.46685160062 13651.473493556141 213689.00826651393 492810.7632498133 1.3358162192210262e6 1.9727672431983047e6 1.3955057007815451e6 1.1437551667600006e6 79918.69161735631 1.0878851831938643e6 1.7523276385670358e6 2.3808703108717976e6 2.103372741560125e6 1.1707272047290143e6 1.9998720741713848e6 185829.31529347252 2.908820217147365e6 793802.4475070674 2.15168633340049e6 3.177664902620565e6 2.2478320755119496e6 1.8423210660736042e6 128730.25051050165 1.7523276385670358e6 2.822588449886742e6 3.8350231385041927e6 3.3880396995787616e6 1.8857666872951589e6 3.22132442219723e6 299327.40171047166 4.685426496172398e6 1.0785315704501714e6 2.9234750378593924e6 4.317462019109277e6 3.054107311112299e6 2.503143494840519e6 174904.52402050476 2.3808703108717976e6 3.8350231385041927e6 5.210608182518669e6 4.603296184598467e6 2.56217263267251e6 4.37678177853053e6 406693.19382854394 6.366042852369348e6 952825.4839576932 2.5827352616334977e6 3.8142488829600886e6 2.6981419519826192e6 2.211394619530203e6 154518.87762234668 2.103372741560125e6 3.3880396995787616e6 4.603296184598467e6 4.0667682199232187e6 2.2635437344595846e6 3.8666547466616184e6 359291.88338014006 5.624061481271657e6 530338.1057420031 1.4375380899747256e6 2.1229926796410303e6 1.5017729016796828e6 1.2308516651951543e6 86004.46801573403 1.1707272047290143e6 1.8857666872951589e6 2.56217263267251e6 2.2635437344595846e6 1.2598776130664207e6 2.1521615326505043e6 199980.14331946717 3.1303257131256666e6 905939.7981512522 2.4556466016039755e6 3.626561129300074e6 2.565374474672523e6 2.10257851934081e6 146915.46685160062 1.9998720741713848e6 3.22132442219723e6 4.37678177853053e6 3.8666547466616184e6 2.1521615326505043e6 3.676388257544488e6 341612.20683853986 5.347318274874883e6 84180.47062200571 228180.1583573204 336982.24013002624 238376.13828237925 195372.8599174299 13651.473493556141 185829.31529347252 299327.40171047166 406693.19382854394 359291.88338014006 199980.14331946717 341612.20683853986 31742.811609087817 496876.028476967 1.3176922836290044e6 3.5717456997215524e6 5.274844560245011e6 3.7313452359561976e6 3.0582070644355575e6 213689.00826651393 2.908820217147365e6 4.685426496172398e6 6.366042852369348e6 5.624061481271657e6 3.1303257131256666e6 5.347318274874883e6 496876.028476967 7.777691236536889e6
1.431512237211896e7 9.508092091068106e6 2.3562940457878923e6 3.885138330130045e6 8.193053996029155e6 817934.2376836112 1.5281149839371799e7 4.62485714246872e6 6.130348712888535e6 6.525383819537156e6 9.032242302920938e6 5.873580397448861e6 1.4836437028782105e7 8.943501507960834e6 9.508092091068106e6 6.315266671300559e6 1.565048498965116e6 2.5805055709032714e6 5.441819488254068e6 543271.2242460694 1.0149726712301293e7 3.0718261762311156e6 4.0717723954655305e6 4.33415437695215e6 5.999207647171602e6 3.9012270989737716e6 9.854348842154687e6 5.940266086716721e6 2.3562940457878923e6 1.565048498965116e6 387850.09906929877 639500.5279296585 1.3485909408125156e6 134633.39844398893 2.51530384744972e6 761259.5312942179 1.0090660628173557e6 1.0740895285954936e6 1.4867227960228622e6 966801.5514083671 2.442103345180944e6 1.4721159067942912e6 3.885138330130045e6 2.5805055709032714e6 639500.5279296585 1.0544303745278693e6 2.223602934949014e6 221988.1587976892 4.1473191374902623e6 1.2551907897467199e6 1.6637826867547166e6 1.7709956043038378e6 2.451359469091697e6 1.5940955127057857e6 4.026623642096733e6 2.427275129818621e6 8.193053996029155e6 5.441819488254068e6 1.3485909408125156e6 2.223602934949014e6 4.6891763854277935e6 468132.873777929 8.7459458955958e6 2.646970337184656e6 3.508616742041094e6 3.7347093925239844e6 5.169473719426966e6 3.3616590969591336e6 8.491420927162161e6 5.118684204265381e6 817934.2376836112 543271.2242460694 134633.39844398893 221988.1587976892 468132.873777929 46734.94223689551 873130.8975143244 264254.04567888536 350274.4839245809 372845.91086845525 516082.22623386106 335603.31375285384 847720.997112336 511011.7746798806 1.5281149839371799e7 1.0149726712301293e7 2.51530384744972e6 4.1473191374902623e6 8.7459458955958e6 873130.8975143244 1.6312367742530694e7 4.936956397760238e6 6.544043062580065e6 6.965736325102714e6 9.641765150766011e6 6.269947249757758e6 1.583764437534907e7 9.547035860341538e6 4.62485714246872e6 3.0718261762311156e6 761259.5312942179 1.2551907897467199e6 2.646970337184656e6 264254.04567888536 4.936956397760238e6 1.4941753924439445e6 1.9805619745065258e6 2.1081879134973176e6 2.9180910397616606e6 1.8976065692538456e6 4.79328083810111e6 2.889421113740005e6 6.130348712888535e6 4.0717723954655305e6 1.0090660628173557e6 1.6637826867547166e6 3.508616742041094e6 350274.4839245809 6.544043062580065e6 1.9805619745065258e6 2.6252779658251195e6 2.794448923267008e6 3.867993129004082e6 2.5153187722430974e6 6.3535979839327885e6 3.8299905186160677e6 6.525383819537156e6 4.33415437695215e6 1.0740895285954936e6 1.7709956043038378e6 3.7347093925239844e6 372845.91086845525 6.965736325102714e6 2.1081879134973176e6 2.794448923267008e6 2.9745211312485933e6 4.1172437262857324e6 2.6774040411217324e6 6.763019107385117e6 4.076792255979522e6 9.032242302920938e6 5.999207647171602e6 1.4867227960228622e6 2.451359469091697e6 5.169473719426966e6 516082.22623386106 9.641765150766011e6 2.9180910397616606e6 3.867993129004082e6 4.1172437262857324e6 5.69896637262198e6 3.70598308253176e6 9.36117000417597e6 5.6429746499249665e6 5.873580397448861e6 3.9012270989737716e6 966801.5514083671 1.5940955127057857e6 3.3616590969591336e6 335603.31375285384 6.269947249757758e6 1.8976065692538456e6 2.5153187722430974e6 2.6774040411217324e6 3.70598308253176e6 2.4099651954417005e6 6.08747892158884e6 3.6695722031705836e6 1.4836437028782105e7 9.854348842154687e6 2.442103345180944e6 4.026623642096733e6 8.491420927162161e6 847720.997112336 1.583764437534907e7 4.79328083810111e6 6.3535979839327885e6 6.763019107385117e6 9.36117000417597e6 6.08747892158884e6 1.5376736432078023e7 9.269197530446095e6 8.943501507960834e6 5.940266086716721e6 1.4721159067942912e6 2.427275129818621e6 5.118684204265381e6 511011.7746798806 9.547035860341538e6 2.889421113740005e6 3.8299905186160677e6 4.076792255979522e6 5.6429746499249665e6 3.6695722031705836e6 9.269197530446095e6 5.587533039793215e6
9.677669455250056e6 2.2356723560960917e6 2.673562013786323e6 1.1032181978860214e7 3.635274258987396e6 4.741969506189338e6 1.1300535405687114e7 1.6923916406966917e7 1.0415238205559112e7 9.829095441913333e6 1.3736362454645833e7 7.902846281622412e6 1.8102508832454607e6 1.6887312887389936e7 2.2356723560960917e6 516470.51048026345 617628.9357855773 2.548583043842136e6 839797.453842241 1.0954590035813751e6 2.6105763099683197e6 3.9096532737446544e6 2.4060606994272172e6 2.2706538042580774e6 3.1732852578993607e6 1.8256642312488956e6 418192.4042750681 3.9011973663350777e6 2.673562013786323e6 617628.9357855773 738600.7421118813 3.04776091023214e6 1.004284266316967e6 1.310020930235762e6 3.121896478878223e6 4.675416973000215e6 2.8773234464846035e6 2.7153950984680303e6 3.794820337288822e6 2.183247704112894e6 500101.6018626924 4.665304850452072e6 1.1032181978860214e7 2.548583043842136e6 3.04776091023214e6 1.2576275701239403e7 4.144076975728751e6 5.40566825229876e6 1.288218859205415e7 1.9292633051792208e7 1.1872982825898418e7 1.1204801951976929e7 1.5658940515376404e7 9.008949802735792e6 2.0636184428186107e6 1.9250906405629374e7 3.635274258987396e6 839797.453842241 1.004284266316967e6 4.144076975728751e6 1.3655373330494578e6 1.7812511330815915e6 4.244879995439831e6 6.357220398979997e6 3.912331117007841e6 3.6921552047568494e6 5.159862617172293e6 2.9685880255737556e6 679994.1317071347 6.343470824960979e6 4.741969506189338e6 1.0954590035813751e6 1.310020930235762e6 5.40566825229876e6 1.7812511330815915e6 2.3235216806698153e6 5.5371589766698275e6 8.292564227185721e6 5.1033714469000045e6 4.816166854478842e6 6.730691948830525e6 3.872322386380468e6 887006.3734451536 8.274628837425213e6 1.1300535405687114e7 2.6105763099683197e6 3.121896478878223e6 1.288218859205415e7 4.244879995439831e6 5.5371589766698275e6 1.3195542691935059e7 1.976191865656948e7 1.2161788398004832e7 1.1477354290806316e7 1.603983799837949e7 9.228088913775498e6 2.11381513843646e6 1.9719177026379988e7 1.6923916406966917e7 3.9096532737446544e6 4.675416973000215e6 1.9292633051792208e7 6.357220398979997e6 8.292564227185721e6 1.976191865656948e7 2.9595859610045277e7 1.8213746766677108e7 1.718872403983575e7 2.402159435111831e7 1.3820177519571131e7 3.165693431187003e6 2.953184885741665e7 1.0415238205559112e7 2.4060606994272172e6 2.8773234464846035e6 1.1872982825898418e7 3.912331117007841e6 5.1033714469000045e6 1.2161788398004832e7 1.8213746766677108e7 1.1209019628138902e7 1.0578204891795151e7 1.4783258273552842e7 8.505149602972023e6 1.9482163808143914e6 1.8174353565936062e7 9.829095441913333e6 2.2706538042580774e6 2.7153950984680303e6 1.1204801951976929e7 3.6921552047568494e6 4.816166854478842e6 1.1477354290806316e7 1.718872403983575e7 1.0578204891795151e7 9.982890783052186e6 1.395129459791414e7 8.026501703124091e6 1.838575783922328e6 1.71515477869067e7 1.3736362454645833e7 3.1732852578993607e6 3.794820337288822e6 1.5658940515376404e7 5.159862617172293e6 6.730691948830525e6 1.603983799837949e7 2.402159435111831e7 1.4783258273552842e7 1.395129459791414e7 1.9497220313000273e7 1.1217200737190355e7 2.569447363446853e6 2.3969639775241323e7 7.902846281622412e6 1.8256642312488956e6 2.183247704112894e6 9.008949802735792e6 2.9685880255737556e6 3.872322386380468e6 9.228088913775498e6 1.3820177519571131e7 8.505149602972023e6 8.026501703124091e6 1.1217200737190355e7 6.453514416848764e6 1.4782623572351e6 1.3790286853236547e7 1.8102508832454607e6 418192.4042750681 500101.6018626924 2.0636184428186107e6 679994.1317071347 887006.3734451536 2.11381513843646e6 3.165693431187003e6 1.9482163808143914e6 1.838575783922328e6 2.569447363446853e6 1.4782623572351e6 338615.43581788894 3.1588465809251163e6 1.6887312887389936e7 3.9011973663350777e6 4.665304850452072e6 1.9250906405629374e7 6.343470824960979e6 8.274628837425213e6 1.9719177026379988e7 2.953184885741665e7 1.8174353565936062e7 1.71515477869067e7 2.3969639775241323e7 1.3790286853236547e7 3.1588465809251163e6 2.9467976549033463e7
1.683771108049213e7 1.3949836208545221e7 1.1477129178191066e7 1.8166807863376345e7 563396.5443999985 7.3993419054630585e6 1.4951536890811743e7 2.8873490971530132e7 3.2670010676154714e7 4.294169072124468e6 2.2335709909216347e6 8.746396148498157e6 4.580469909693869e6 2.3762319118042666e7 1.3949836208545221e7 1.15572674525041e7 9.508660138822211e6 1.5050976520188894e7 466767.09662431414 6.130263617114975e6 1.2387164127937347e7 2.3921331581013337e7 2.7066701387446642e7 3.557666176927067e6 1.8504860508988001e6 7.246281463277961e6 3.79486289394935e6 1.9686788664281413e7 1.1477129178191066e7 9.508660138822211e6 7.823182945899242e6 1.2383084589503093e7 384029.33081069647 5.043631077682076e6 1.0191451764910558e7 1.9681106542416044e7 2.226893732708886e7 2.927044710421822e6 1.522474323791436e6 5.961826875402838e6 3.1221966334415316e6 1.619716627678373e7 1.8166807863376345e7 1.5050976520188894e7 1.2383084589503093e7 1.9600817852683246e7 607868.6541226602 7.983414257993524e6 1.613174716320298e7 3.115264065983655e7 3.524884136631769e7 4.633132383208597e6 2.409879516717451e6 9.436799192428997e6 4.942032582433004e6 2.5638014795601208e7 563396.5443999985 466767.09662431414 384029.33081069647 607868.6541226602 18851.473619214885 247584.93838285672 500284.4019287109 966118.5514087807 1.093151618558278e6 143684.61394418712 74736.17832861339 292657.91190148465 153264.3544311412 795096.69776588 7.3993419054630585e6 6.130263617114975e6 5.043631077682076e6 7.983414257993524e6 247584.93838285672 3.251645094289233e6 6.570461563236816e6 1.2688472363097932e7 1.435685515046453e7 1.8870750907067657e6 981544.068130551 3.843608863103948e6 2.0128901599207055e6 1.0442364926003952e7 1.4951536890811743e7 1.2387164127937347e7 1.0191451764910558e7 1.613174716320298e7 500284.4019287109 6.570461563236816e6 1.3276653479124233e7 2.563905885803659e7 2.9010289315016795e7 3.81313273462911e6 1.9833645386458125e6 7.766617686381024e6 4.067361917819494e6 2.1100444662949517e7 2.8873490971530132e7 2.3921331581013337e7 1.9681106542416044e7 3.115264065983655e7 966118.5514087807 1.2688472363097932e7 2.563905885803659e7 4.951257786154301e7 5.602289134124848e7 7.36368805364879e6 3.83015194478337e6 1.4998415700318946e7 7.854639858747705e6 4.074788450980889e7 3.2670010676154714e7 2.7066701387446642e7 2.226893732708886e7 3.524884136631769e7 1.093151618558278e6 1.435685515046453e7 2.9010289315016795e7 5.602289134124848e7 6.338923339863291e7 8.331925210075488e6 4.333771245421945e6 1.6970528487115573e7 8.887431322234705e6 4.6105745345403515e7 4.294169072124468e6 3.557666176927067e6 2.927044710421822e6 4.633132383208597e6 143684.61394418712 1.8870750907067657e6 3.81313273462911e6 7.36368805364879e6 8.331925210075488e6 1.095154081919985e6 569633.9261173349 2.2306181436349717e6 1.1681701941538053e6 6.060171442000322e6 2.2335709909216347e6 1.8504860508988001e6 1.522474323791436e6 2.409879516717451e6 74736.17832861339 981544.068130551 1.9833645386458125e6 3.83015194478337e6 4.333771245421945e6 569633.9261173349 296289.6410110417 1.160234702864566e6 607612.5588670358 3.1521402407583892e6 8.746396148498157e6 7.246281463277961e6 5.961826875402838e6 9.436799192428997e6 292657.91190148465 3.843608863103948e6 7.766617686381024e6 1.4998415700318946e7 1.6970528487115573e7 2.2306181436349717e6 1.160234702864566e6 4.54333995997201e6 2.3793379150491524e6 1.2343403175163517e7 4.580469909693869e6 3.79486289394935e6 3.1221966334415316e6 4.942032582433004e6 153264.3544311412 2.0128901599207055e6 4.067361917819494e6 7.854639858747705e6 8.887431322234705e6 1.1681701941538053e6 607612.5588670358 2.3793379150491524e6 1.246054436574745e6 6.464215188419575e6 2.3762319118042666e7 1.9686788664281413e7 1.619716627678373e7 2.5638014795601208e7 795096.69776588 1.0442364926003952e7 2.1100444662949517e7 4.074788450980889e7 4.6105745345403515e7 6.060171442000322e6 3.1521402407583892e6 1.2343403175163517e7 6.464215188419575e6 3.3534713071653005e7
1.824655027007927e7 4.272950573056568e7 3.930914809493776e7 3.62120556067173e7 1.7969195908791352e7 1.3984469166401639e6 9.020075734636433e6 1.2484497020659009e7 4.7600461757379785e7 4.0360670938170336e7 4.27261439208085e7 4.800531659332053e6 4.836756643771125e7 3.987576843292112e7 4.272950573056568e7 1.0006333432640216e8 9.205359061984493e7 8.480086452835384e7 4.208000132591758e7 3.2748626263044407e6 2.1123082012127083e7 2.92360133335583e7 1.1147006822296694e8 9.451603150267883e7 1.0005546168926482e8 1.1241815138259545e7 1.1326646279339248e8 9.338049387665491e7 3.930914809493776e7 9.205359061984493e7 8.468500078524902e7 7.801283177350913e7 3.8711634400498666e7 3.012720549114431e6 1.9432248158261735e7 2.689576577555239e7 1.0254725265391956e8 8.695033130296446e7 9.204634816164567e7 1.0341944484736903e7 1.0419985169522527e8 8.590568976205334e7 3.62120556067173e7 8.480086452835384e7 7.801283177350913e7 7.186635017876667e7 3.5661618871824294e7 2.775354067418245e6 1.7901218545133624e7 2.4776699904493045e7 9.44677510296399e7 8.009968123860016e7 8.479419268956435e7 9.527122487070756e6 9.59901449577616e7 7.913734500385913e7 1.7969195908791352e7 4.208000132591758e7 3.8711634400498666e7 3.5661618871824294e7 1.769605743711472e7 1.3771900025594889e6 8.882967223322319e6 1.2294728015235348e7 4.687691700660149e7 3.9747173704802096e7 4.2076690616921045e7 4.727561789821991e6 4.763236141003101e7 3.926964189826796e7 1.3984469166401639e6 3.2748626263044407e6 3.012720549114431e6 2.775354067418245e6 1.3771900025594889e6 107179.37087906785 691314.0792233864 956833.2701756263 3.64818105285425e6 3.0933110638215654e6 3.2746049714371e6 367920.98220532475 3.706973271606355e6 3.056147303916285e6 9.020075734636433e6 2.1123082012127083e7 1.9432248158261735e7 1.7901218545133624e7 8.882967223322319e6 691314.0792233864 4.459021845460519e6 6.171638307973596e6 2.3531010722574554e7 1.9952062344629407e7 2.112142012107555e7 2.373114835010777e6 2.3910224448488005e7 1.9712353618512828e7 1.2484497020659009e7 2.92360133335583e7 2.689576577555239e7 2.4776699904493045e7 1.2294728015235348e7 956833.2701756263 6.171638307973596e6 8.54203471625141e6 3.2568776793193758e7 2.761522965278834e7 2.9233713145123977e7 3.2845783072095136e6 3.309363853168007e7 2.7283453849006906e7 4.7600461757379785e7 1.1147006822296694e8 1.0254725265391956e8 9.44677510296399e7 4.687691700660149e7 3.64818105285425e6 2.3531010722574554e7 3.2568776793193758e7 1.2417711435740514e8 1.0529039983217716e8 1.114612981434498e8 1.2523327439041087e7 1.2617828918001813e8 1.0402541643446489e8 4.0360670938170336e7 9.451603150267883e7 8.695033130296446e7 8.009968123860016e7 3.9747173704802096e7 3.0933110638215654e6 1.9952062344629407e7 2.761522965278834e7 1.0529039983217716e8 8.927625959250382e7 9.450859530814573e7 1.0618592323628748e7 1.0698720602949755e8 8.820367380714852e7 4.27261439208085e7 1.0005546168926482e8 9.204634816164567e7 8.479419268956435e7 4.2076690616921045e7 3.2746049714371e6 2.112142012107555e7 2.9233713145123977e7 1.114612981434498e8 9.450859530814573e7 1.0004758967151935e8 1.1240930671117367e7 1.1325755137976225e8 9.337314702229567e7 4.800531659332053e6 1.1241815138259545e7 1.0341944484736903e7 9.527122487070756e6 4.727561789821991e6 367920.98220532475 2.373114835010777e6 3.2845783072095136e6 1.2523327439041087e7 1.0618592323628748e7 1.1240930671117367e7 1.2629841735091568e6 1.2725146974758564e7 1.049101808117288e7 4.836756643771125e7 1.1326646279339248e8 1.0419985169522527e8 9.59901449577616e7 4.763236141003101e7 3.706973271606355e6 2.3910224448488005e7 3.309363853168007e7 1.2617828918001813e8 1.0698720602949755e8 1.1325755137976225e8 1.2725146974758564e7 1.2821171391189486e8 1.057018368067512e8 3.987576843292112e7 9.338049387665491e7 8.590568976205334e7 7.913734500385913e7 3.926964189826796e7 3.056147303916285e6 1.9712353618512828e7 2.7283453849006906e7 1.0402541643446489e8 8.820367380714852e7 9.337314702229567e7 1.049101808117288e7 1.057018368067512e8 8.714397431734589e7
1.8029930885508412e8 2.0063555460961244e8 5.7946224185046256e7 4.33391531239801e7 1.282871091562445e6 1.8331893709723413e8 1.2846880603813852e8 2.0706614655649155e8 5.249162786536678e7 1.1682688712246124e8 7.265996785918587e7 1.3730663823759815e8 9.857230799564065e7 1.8343780712406945e8 2.0063555460961244e8 2.2326555786113137e8 6.4482070955935664e7 4.82274451219865e7 1.4275681619786317e6 2.0399577152295384e8 1.4295900695999718e8 2.3042146649951226e8 5.8412242043557204e7 1.3000397749704766e8 8.085540117661573e7 1.5279367230699787e8 1.0969043536240499e8 2.0412804908914092e8 5.7946224185046256e7 6.4482070955935664e7 1.8623282133612886e7 1.3928729393692201e7 412300.7256336261 5.891669964713336e7 4.128846795222356e7 6.6548792813954055e7 1.687023458625307e7 3.754688265322399e7 2.3352118283663154e7 4.412885047610403e7 3.1680060749116708e7 5.8954903172524676e7 4.33391531239801e7 4.82274451219865e7 1.3928729393692201e7 1.0417578444593297e7 308368.0521495494 4.4064991351508856e7 3.0880480307425115e7 4.977318820238639e7 1.2617589674803471e7 2.8082072982696928e7 1.7465521598664366e7 3.30048598483599e7 2.369415821466547e7 4.409356454087703e7 1.282871091562445e6 1.4275681619786317e6 412300.7256336261 308368.0521495494 9127.92316297452 1.3043564416933951e6 914085.13144294 1.4733233041512296e6 373490.0170452532 831250.1981197043 516992.3993182157 976968.342214864 701364.6650073181 1.3052022293009497e6 1.8331893709723413e8 2.0399577152295384e8 5.891669964713336e7 4.4064991351508856e7 1.3043564416933951e6 1.863891376614784e8 1.3062038408583838e8 2.1053406214699286e8 5.33707504919881e7 1.187834878994559e8 7.3876867094211e7 1.396062310939977e8 1.0022318357030402e8 1.8650999850731605e8 1.2846880603813852e8 1.4295900695999718e8 4.128846795222356e7 3.0880480307425115e7 914085.13144294 1.3062038408583838e8 9.153797776413088e7 1.4754100161532906e8 3.740190021627915e7 8.32427522716583e7 5.177246311654905e7 9.783520517914312e7 7.023580288264939e7 1.3070508263803044e8 2.0706614655649155e8 2.3042146649951226e8 6.6548792813954055e7 4.977318820238639e7 1.4733233041512296e6 2.1053406214699286e8 1.4754100161532906e8 2.3780672994268888e8 6.028441915601032e7 1.3417074909633586e8 8.34469064194413e7 1.5769087888926727e8 1.132061354169822e8 2.1067057935581723e8 5.249162786536678e7 5.8412242043557204e7 1.687023458625307e7 1.2617589674803471e7 373490.0170452532 5.33707504919881e7 3.740190021627915e7 6.028441915601032e7 1.5282204981555333e7 3.401251797604172e7 2.1153935740482714e7 3.997491173749059e7 2.8697951988802556e7 5.340535784158144e7 1.1682688712246124e8 1.3000397749704766e8 3.754688265322399e7 2.8082072982696928e7 831250.1981197043 1.187834878994559e8 8.32427522716583e7 1.3417074909633586e8 3.401251797604172e7 7.569924500206667e7 4.7080811997063875e7 8.896932122708006e7 6.387099303227566e7 1.1886051101893161e8 7.265996785918587e7 8.085540117661573e7 2.3352118283663154e7 1.7465521598664366e7 516992.3993182157 7.3876867094211e7 5.177246311654905e7 8.34469064194413e7 2.1153935740482714e7 4.7080811997063875e7 2.9281703645027876e7 5.533407745459262e7 3.972428278427678e7 7.392477128410569e7 1.3730663823759815e8 1.5279367230699787e8 4.412885047610403e7 3.30048598483599e7 976968.342214864 1.396062310939977e8 9.783520517914312e7 1.5769087888926727e8 3.997491173749059e7 8.896932122708006e7 5.533407745459262e7 1.045656415647376e8 7.506757690946569e7 1.3969675636486873e8 9.857230799564065e7 1.0969043536240499e8 3.1680060749116708e7 2.369415821466547e7 701364.6650073181 1.0022318357030402e8 7.023580288264939e7 1.132061354169822e8 2.8697951988802556e7 6.387099303227566e7 3.972428278427678e7 7.506757690946569e7 5.389094370515361e7 1.0028817157813981e8 1.8343780712406945e8 2.0412804908914092e8 5.8954903172524676e7 4.409356454087703e7 1.3052022293009497e6 1.8650999850731605e8 1.3070508263803044e8 2.1067057935581723e8 5.340535784158144e7 1.1886051101893161e8 7.392477128410569e7 1.3969675636486873e8 1.0028817157813981e8 1.866309377233004e8
