2.5192461929875775e6 6.088441985993016e6 1.0377438304456479e6 2.408071694660915e6 1.9164132285872195e6 890561.8056884643 4.614504635963446e6 2.9473119351853747e6 3.8398094777238066e6 5.608561303626757e6 2.377857244046961e6 2.2967689662059066e6 1.9014599294313092e6 5.878306158711675e6 6.088441985993016e6 1.4714372068909328e7 2.5079895428948477e6 5.819758645211204e6 4.631532557604382e6 2.1522842443775944e6 1.1152202531202871e7 7.122979001397441e6 9.279941479106888e6 1.355461019136102e7 5.746737227052961e6 5.550765401530873e6 4.595393852834924e6 1.4206521824998135e7 1.0377438304456479e6 2.5079895428948477e6 427474.004178565 991948.1277221416 789421.0617789426 366845.85335733276 1.9008359444437672e6 1.21407537923489e6 1.5817186135623765e6 2.3103140561314593e6 979502.0000660941 946099.6036328876 783261.4041849177 2.4214290634451606e6 2.408071694660915e6 5.819758645211204e6 991948.1277221416 2.3018033341752416e6 1.8318417881826197e6 851261.2552889464 4.410866246290657e6 2.8172468678178065e6 3.670358435763648e6 5.361055128565083e6 2.27292224923177e6 2.1954124023651257e6 1.8175483790908938e6 5.618896125653217e6 1.9164132285872195e6 4.631532557604382e6 789421.0617789426 1.8318417881826197e6 1.4578327727266315e6 677458.3722887101 3.5102951638283995e6 2.242046687252889e6 2.920977591966841e6 4.266483008104202e6 1.8088573839539848e6 1.747172801966519e6 1.4464576636193215e6 4.471680344540399e6 890561.8056884643 2.1522842443775944e6 366845.85335733276 851261.2552889464 677458.3722887101 314816.524069273 1.6312425488228814e6 1.0418844518777019e6 1.3573852652829054e6 1.982644846611433e6 840580.3477335251 811915.3751177845 672172.3319110943 2.0780005390754216e6 4.614504635963446e6 1.1152202531202871e7 1.9008359444437672e6 4.410866246290657e6 3.5102951638283995e6 1.6312425488228814e6 8.452390677258885e6 5.398592891159476e6 7.033381130234086e6 1.027320482162915e7 4.355522420498929e6 4.206992977421317e6 3.482905197548023e6 1.0767296620906815e7 2.9473119351853747e6 7.122979001397441e6 1.21407537923489e6 2.8172468678178065e6 2.242046687252889e6 1.0418844518777019e6 5.398592891159476e6 3.448113831615898e6 4.492262937236917e6 6.561557864177944e6 2.7818984325765613e6 2.687031781691144e6 2.2245525506356386e6 6.87713727561443e6 3.8398094777238066e6 9.279941479106888e6 1.5817186135623765e6 3.670358435763648e6 2.920977591966841e6 1.3573852652829054e6 7.033381130234086e6 4.492262937236917e6 5.852598632979368e6 8.548512213695822e6 3.624305876805886e6 3.500711946743363e6 2.8981859251651093e6 8.959654583983175e6 5.608561303626757e6 1.355461019136102e7 2.3103140561314593e6 5.361055128565083e6 4.266483008104202e6 1.982644846611433e6 1.027320482162915e7 6.561557864177944e6 8.548512213695822e6 1.248625878014558e7 5.29378913487401e6 5.113263476626318e6 4.233192694818887e6 1.3086787843280751e7 2.377857244046961e6 5.746737227052961e6 979502.0000660941 2.27292224923177e6 1.8088573839539848e6 840580.3477335251 4.355522420498929e6 2.7818984325765613e6 3.624305876805886e6 5.29378913487401e6 2.2444035397593593e6 2.1678662210136345e6 1.794743316492354e6 5.548394960812529e6 2.2967689662059066e6 5.550765401530873e6 946099.6036328876 2.1954124023651257e6 1.747172801966519e6 811915.3751177845 4.206992977421317e6 2.687031781691144e6 3.500711946743363e6 5.113263476626318e6 2.1678662210136345e6 2.0939389325307438e6 1.7335400440648552e6 5.359186885651315e6 1.9014599294313092e6 4.595393852834924e6 783261.4041849177 1.8175483790908938e6 1.4464576636193215e6 672172.3319110943 3.482905197548023e6 2.2245525506356386e6 2.8981859251651093e6 4.233192694818887e6 1.794743316492354e6 1.7335400440648552e6 1.4351713116792422e6 4.436788927113265e6 5.878306158711675e6 1.4206521824998135e7 2.4214290634451606e6 5.618896125653217e6 4.471680344540399e6 2.0780005390754216e6 1.0767296620906815e7 6.87713727561443e6 8.959654583983175e6 1.3086787843280751e7 5.548394960812529e6 5.359186885651315e6 4.436788927113265e6 1.371619946940136e7
1.1306709770384591e7 1.4824658202313725e7 5.425763245541043e6 1.8137761226646606e7 1.2139333877551755e7 1.0758952506123988e7 1.5187433354012897e7 5.048506827812341e6 1.6694553544339072e7 1.8423944943611674e7 9.95383725987007e6 1.41817903251894e7 1.086836389658879e6 2.4316709349631104e6 1.4824658202313725e7 1.943717449890396e7 7.113925026403716e6 2.378111017269602e7 1.5916343409631113e7 1.410647277212189e7 1.9912822829625178e7 6.619289755751761e6 2.188886556399454e7 2.415633655360015e7 1.305085548101139e7 1.8594285918480888e7 1.4249926217024934e6 3.1882564604028556e6 5.425763245541043e6 7.113925026403716e6 2.6036669724885602e6 8.7037874163627e6 5.825315491045029e6 5.162910365060482e6 7.288010337202137e6 2.4226325206431365e6 8.011233759519312e6 8.84111871118805e6 4.776558826879923e6 6.805431311585253e6 521541.3729264838 1.1668886043870298e6 1.8137761226646606e7 2.378111017269602e7 8.7037874163627e6 2.9095854496639743e7 1.947342275453901e7 1.7259071433498938e7 2.4363059228973627e7 8.098608105586908e6 2.6780719778074685e7 2.9554938706872374e7 1.596753849482427e7 2.2749847825615752e7 1.743458470977705e6 3.9007870278638275e6 1.2139333877551755e7 1.5916343409631113e7 5.825315491045029e6 1.947342275453901e7 1.3033272276667206e7 1.155123986525735e7 1.6305833259321129e7 5.420277977457018e6 1.79239375138311e7 1.9780680989791255e7 1.0686836074706072e7 1.5226134855768176e7 1.1668708291159489e6 2.61073875241529e6 1.0758952506123988e7 1.410647277212189e7 5.162910365060482e6 1.7259071433498938e7 1.155123986525735e7 1.0237731522235252e7 1.4451673162580004e7 4.803930258256563e6 1.58857804208393e7 1.7531390886406273e7 9.471620348223258e6 1.349474884021291e7 1.0341842441993984e6 2.3138678387514963e6 1.5187433354012897e7 1.9912822829625178e7 7.288010337202137e6 2.4363059228973627e7 1.6305833259321129e7 1.4451673162580004e7 2.0400110780833967e7 6.781270815450584e6 2.2424509382363424e7 2.4747467798458185e7 1.337022379374517e7 1.9049307869257595e7 1.459863706583738e6 3.2662764865845046e6 5.048506827812341e6 6.619289755751761e6 2.4226325206431365e6 8.098608105586908e6 5.420277977457018e6 4.803930258256563e6 6.781270815450584e6 2.2541854976437488e6 7.45420810009946e6 8.226390677037639e6 4.4444419632147e6 6.33224578514023e6 485278.30335571885 1.0857541731821168e6 1.6694553544339072e7 2.188886556399454e7 8.011233759519312e6 2.6780719778074685e7 1.79239375138311e7 1.58857804208393e7 2.2424509382363424e7 7.45420810009946e6 2.464979854482673e7 2.7203275011508323e7 1.4697013762730183e7 2.0939659967093244e7 1.604732824098938e6 3.590404410333941e6 1.8423944943611674e7 2.415633655360015e7 8.84111871118805e6 2.9554938706872374e7 1.9780680989791255e7 1.7531390886406273e7 2.4747467798458185e7 8.226390677037639e6 2.7203275011508323e7 3.002126650268553e7 1.6219479705215672e7 2.3108802601222757e7 1.7709673470381976e6 3.9623349618548835e6 9.95383725987007e6 1.305085548101139e7 4.776558826879923e6 1.596753849482427e7 1.0686836074706072e7 9.471620348223258e6 1.337022379374517e7 4.4444419632147e6 1.4697013762730183e7 1.6219479705215672e7 8.762838899030797e6 1.2484908148989618e7 956794.0426935748 2.1407161984096454e6 1.41817903251894e7 1.8594285918480888e7 6.805431311585253e6 2.2749847825615752e7 1.5226134855768176e7 1.349474884021291e7 1.9049307869257595e7 6.33224578514023e6 2.0939659967093244e7 2.3108802601222757e7 1.2484908148989618e7 1.778794900656538e7 1.3631981459628278e6 3.049998455769251e6 1.086836389658879e6 1.4249926217024934e6 521541.3729264838 1.743458470977705e6 1.1668708291159489e6 1.0341842441993984e6 1.459863706583738e6 485278.30335571885 1.604732824098938e6 1.7709673470381976e6 956794.0426935748 1.3631981459628278e6 104470.12100555298 233739.83355582703 2.4316709349631104e6 3.1882564604028556e6 1.1668886043870298e6 3.9007870278638275e6 2.61073875241529e6 2.3138678387514963e6 3.2662764865845046e6 1.0857541731821168e6 3.590404410333941e6 3.9623349618548835e6 2.1407161984096454e6 3.049998455769251e6 233739.83355582703 522965.8898145787
5.151542005004785e6 1.0400682256764632e7 6.466573207188778e6 1.8293961302618798e7 1.1957883444513423e7 6.629579615344809e6 7.856107153014249e6 8.41096276301939e6 1.708423462382349e7 7.2839912343846485e6 4.340207128534767e6 1.1913102579561196e7 6.361021835033068e6 1.2588354891101064e7 1.0400682256764632e7 2.099841004908552e7 1.3055658510158146e7 3.6934509811088964e7 2.4142314291329317e7 1.3384759555126874e7 1.586105173833696e7 1.6981274943823844e7 3.449213764534566e7 1.4705980911403468e7 8.76264140495793e6 2.4051904168088797e7 1.2842556048314583e7 2.5415201745522697e7 6.466573207188778e6 1.3055658510158146e7 8.117291677580509e6 2.296385041564912e7 1.5010365560807442e7 8.321908638979214e6 9.861531164674811e6 1.0558024451157156e7 2.144531749453166e7 9.143371540387144e6 5.448129337539312e6 1.4954153509888811e7 7.984796266594632e6 1.5801777095536334e7 1.8293961302618798e7 3.6934509811088964e7 2.296385041564912e7 6.4964824088899806e7 4.24643838257806e7 2.3542712612635624e7 2.789831085660262e7 2.9868693132067647e7 6.066888842009877e7 2.5866634425379883e7 1.5412779547876662e7 4.230535971033362e7 2.2589020371406265e7 4.470329020275959e7 1.1957883444513423e7 2.4142314291329317e7 1.5010365560807442e7 4.24643838257806e7 2.7756927213958606e7 1.5388739963567806e7 1.8235785241018396e7 1.952372945394144e7 3.965633710681782e7 1.6907775983775206e7 1.0074593377603028e7 2.765298079109668e7 1.476535717216959e7 2.922039272895673e7 6.629579615344809e6 1.3384759555126874e7 8.321908638979214e6 2.3542712612635624e7 1.5388739963567806e7 8.531683490787067e6 1.0110116114163265e7 1.082416628360304e7 2.1985901210906073e7 9.373853451823283e6 5.585463280267204e6 1.5331110945080455e7 8.186073344511007e6 1.6200101036872398e7 7.856107153014249e6 1.586105173833696e7 9.861531164674811e6 2.789831085660262e7 1.8235785241018396e7 1.0110116114163265e7 1.1980571941310285e7 1.2826727349228272e7 2.605347635748702e7 1.1108094543992596e7 6.618820585160646e6 1.8167494373327214e7 9.700565207492022e6 1.9197254881855346e7 8.41096276301939e6 1.6981274943823844e7 1.0558024451157156e7 2.9868693132067647e7 1.952372945394144e7 1.082416628360304e7 1.2826727349228272e7 1.3732644426109668e7 2.7893562959607955e7 1.1892629231994784e7 7.086289989760713e6 1.9450615386882864e7 1.0385689903574165e7 2.055310509627218e7 1.708423462382349e7 3.449213764534566e7 2.144531749453166e7 6.066888842009877e7 3.965633710681782e7 2.1985901210906073e7 2.605347635748702e7 2.7893562959607955e7 5.665703053538011e7 2.415614880461126e7 1.4393577074173605e7 3.950782879556687e7 2.1095273875548694e7 4.1747191089307025e7 7.2839912343846485e6 1.4705980911403468e7 9.143371540387144e6 2.5866634425379883e7 1.6907775983775206e7 9.373853451823283e6 1.1108094543992596e7 1.1892629231994784e7 2.415614880461126e7 1.0299154748432089e7 6.136809260013331e6 1.6844458354323037e7 8.994127824852547e6 1.7799227220320042e7 4.340207128534767e6 8.76264140495793e6 5.448129337539312e6 1.5412779547876662e7 1.0074593377603028e7 5.585463280267204e6 6.618820585160646e6 7.086289989760713e6 1.4393577074173605e7 6.136809260013331e6 3.656652299502411e6 1.0036865212114174e7 5.359201630570841e6 1.0605769608750688e7 1.1913102579561196e7 2.4051904168088797e7 1.4954153509888811e7 4.230535971033362e7 2.765298079109668e7 1.5331110945080455e7 1.8167494373327214e7 1.9450615386882864e7 3.950782879556687e7 1.6844458354323037e7 1.0036865212114174e7 2.754942363534427e7 1.4710062648806287e7 2.911096580012621e7 6.361021835033068e6 1.2842556048314583e7 7.984796266594632e6 2.2589020371406265e7 1.476535717216959e7 8.186073344511007e6 9.700565207492022e6 1.0385689903574165e7 2.1095273875548694e7 8.994127824852547e6 5.359201630570841e6 1.4710062648806287e7 7.85446352693185e6 1.5543850802661719e7 1.2588354891101064e7 2.5415201745522697e7 1.5801777095536334e7 4.470329020275959e7 2.922039272895673e7 1.6200101036872398e7 1.9197254881855346e7 2.055310509627218e7 4.1747191089307025e7 1.7799227220320042e7 1.0605769608750688e7 2.911096580012621e7 1.5543850802661719e7 3.076101848929035e7
3.807479571126091e7 4.727642946815374e7 5.428723777171829e7 5.548449964168083e7 2.4498424011703213e6 1.0781897997593734e7 2.7238651470100515e7 2.4947336131962437e7 1.2624078203476971e7 4.300566406916766e7 4.155465922469628e7 5.2325819383488774e7 6.073901012012352e7 5.150407900590402e7 4.727642946815374e7 5.870184570934623e7 6.740697407803735e7 6.889358130186686e7 3.0419021119728955e6 1.338758700326557e7 3.382148639219011e7 3.0976422986091632e7 1.5674971635123484e7 5.3398953457701616e7 5.15972805424268e7 6.49715346657847e7 7.541796283519444e7 6.395120217873396e7 5.428723777171829e7 6.740697407803735e7 7.740302028755073e7 7.911008236353831e7 3.4929977811078886e6 1.537288511446095e7 3.8837008086716294e7 3.557003900000632e7 1.799947504060357e7 6.131769500638591e7 5.9248844904153176e7 7.460641995332636e7 8.660199018309459e7 7.343477833500059e7 5.548449964168083e7 6.889358130186686e7 7.911008236353831e7 8.085479233647422e7 3.5700330701894583e6 1.5711921874007544e7 3.969352742411894e7 3.635450793148645e7 1.839643915279651e7 6.267000802134988e7 6.0555531074876375e7 7.625180523227794e7 8.851192822682217e7 7.505432398953103e7 2.4498424011703213e6 3.0419021119728955e6 3.4929977811078886e6 3.5700330701894583e6 157629.9407115902 693738.4793843132 1.7526135616905366e6 1.6051837103949096e6 812269.6781645776 2.767108722686429e6 2.6737468772481307e6 3.3667944530490944e6 3.908123461142638e6 3.313921302132478e6 1.0781897997593734e7 1.338758700326557e7 1.537288511446095e7 1.5711921874007544e7 693738.4793843132 3.0531831427826723e6 7.713353578303535e6 7.064506281958878e6 3.574845799193062e6 1.217820541517469e7 1.1767314537499467e7 1.4817456973680649e7 1.7199877224720057e7 1.4584759180662613e7 2.7238651470100515e7 3.382148639219011e7 3.8837008086716294e7 3.969352742411894e7 1.7526135616905366e6 7.713353578303535e6 1.9486490210902784e7 1.784728667119266e7 9.031246521280792e6 3.076618726213749e7 2.9728140583181996e7 3.7433812327789895e7 4.3452596301433e7 3.6845940500093654e7 2.4947336131962437e7 3.0976422986091632e7 3.557003900000632e7 3.635450793148645e7 1.6051837103949096e6 7.064506281958878e6 1.784728667119266e7 1.6345972931827132e7 8.271538071711189e6 2.817813561622009e7 2.7227409423001748e7 3.428488006710883e7 3.9797363938087665e7 3.374646001705064e7 1.2624078203476971e7 1.5674971635123484e7 1.799947504060357e7 1.839643915279651e7 812269.6781645776 3.574845799193062e6 9.031246521280792e6 8.271538071711189e6 4.185639016846209e6 1.4258956778619388e7 1.3777861652879475e7 1.7349147214539256e7 2.0138624500391982e7 1.7076690997879464e7 4.300566406916766e7 5.3398953457701616e7 6.131769500638591e7 6.267000802134988e7 2.767108722686429e6 1.217820541517469e7 3.076618726213749e7 2.817813561622009e7 1.4258956778619388e7 4.857510348986845e7 4.69361865702009e7 5.910226354503366e7 6.86050027668895e7 5.817410385381754e7 4.155465922469628e7 5.15972805424268e7 5.9248844904153176e7 6.0555531074876375e7 2.6737468772481307e6 1.1767314537499467e7 2.9728140583181996e7 2.7227409423001748e7 1.3777861652879475e7 4.69361865702009e7 4.535256646879197e7 5.7108161777760856e7 6.62902799617812e7 5.621131805939499e7 5.2325819383488774e7 6.49715346657847e7 7.460641995332636e7 7.625180523227794e7 3.3667944530490944e6 1.4817456973680649e7 3.7433812327789895e7 3.428488006710883e7 1.7349147214539256e7 5.910226354503366e7 5.7108161777760856e7 7.191086184459049e7 8.347302759493199e7 7.07815520801023e7 6.073901012012352e7 7.541796283519444e7 8.660199018309459e7 8.851192822682217e7 3.908123461142638e6 1.7199877224720057e7 4.3452596301433e7 3.9797363938087665e7 2.0138624500391982e7 6.86050027668895e7 6.62902799617812e7 8.347302759493199e7 9.689421260062994e7 8.216214210814597e7 5.150407900590402e7 6.395120217873396e7 7.343477833500059e7 7.505432398953103e7 3.313921302132478e6 1.4584759180662613e7 3.6845940500093654e7 3.374646001705064e7 1.7076690997879464e7 5.817410385381754e7 5.621131805939499e7 7.07815520801023e7 8.216214210814597e7 6.966997733521274e7
1.0490578766831273e8 1.1157771254857628e8 1.3296705125623591e8 2.7706829447545193e7 4.652908092848295e7 4.528116453514486e7 1.0488493767023967e8 9.580785978862716e7 1.2513011288589592e8 7.38742851609191e7 2.4802645900709044e7 8.798893719912848e7 7.90236397761316e7 7.106569565719701e7 1.1157771254857628e8 1.1867396655878854e8 1.4142365024138156e8 2.9468961822250508e7 4.9488293566817775e7 4.816101068076028e7 1.115555365071648e8 1.0190116367258076e8 1.3308828880725901e8 7.85726310971338e7 2.638007450554942e7 9.358496380867021e7 8.404948058120103e7 7.558541752885984e7 1.3296705125623591e8 1.4142365024138156e8 1.6853442610506096e8 3.511813307143516e7 5.8975151192653425e7 5.739342947143515e7 1.3294062408930743e8 1.2143551739531536e8 1.5860118401096708e8 9.363492787039769e7 3.143710906777744e7 1.1152511012576063e8 1.001616840606504e8 9.007506837360899e7 2.7706829447545193e7 2.9468961822250508e7 3.511813307143516e7 7.317693476193547e6 1.22888673569905e7 1.195927823284861e7 2.7701322722383197e7 2.530396167741305e7 3.304830718628507e7 1.9511051439644795e7 6.550665078571009e6 2.3238893967938766e7 2.087105543236747e7 1.8769270532247838e7 4.652908092848295e7 4.9488293566817775e7 5.8975151192653425e7 1.22888673569905e7 2.063713947694089e7 2.0083648538564883e7 4.651983328572402e7 4.2493858163330816e7 5.5499217712052666e7 3.2765614454506256e7 1.1000768823197933e7 3.90259152592596e7 3.5049518354815565e7 3.151991494432522e7 4.528116453514486e7 4.816101068076028e7 5.739342947143515e7 1.195927823284861e7 2.0083648538564883e7 1.9545002303797472e7 4.527216491544524e7 4.135416700330745e7 5.401072100809321e7 3.188683613781392e7 1.0705726680094102e7 3.797923480812606e7 3.4109485419267e7 3.067454646098673e7 1.0488493767023967e8 1.115555365071648e8 1.3294062408930743e8 2.7701322722383197e7 4.651983328572402e7 4.527216491544524e7 1.048640918160983e8 9.578881800135902e7 1.2510524330843465e8 7.385960266591583e7 2.4797716381273266e7 8.797144942069577e7 7.900793384823497e7 7.10515713686287e7 9.580785978862716e7 1.0190116367258076e8 1.2143551739531536e8 2.530396167741305e7 4.2493858163330816e7 4.135416700330745e7 9.578881800135902e7 8.749894740125804e7 1.142782355213007e8 6.746755648087336e7 2.2651642713511307e7 8.035811889405175e7 7.217033462058906e7 6.490254119089528e7 1.2513011288589592e8 1.3308828880725901e8 1.5860118401096708e8 3.304830718628507e7 5.5499217712052666e7 5.401072100809321e7 1.2510524330843465e8 1.142782355213007e8 1.49253396774852e8 8.811618354916403e7 2.958423887190421e7 1.0495193724914564e8 9.425825958340818e7 8.476613843285401e7 7.38742851609191e7 7.85726310971338e7 9.363492787039769e7 1.9511051439644795e7 3.2765614454506256e7 3.188683613781392e7 7.385960266591583e7 6.746755648087336e7 8.811618354916403e7 5.202201069488969e7 1.7465935643203113e7 6.19614988088785e7 5.56481680279975e7 5.004421188598183e7 2.4802645900709044e7 2.638007450554942e7 3.143710906777744e7 6.550665078571009e6 1.1000768823197933e7 1.0705726680094102e7 2.4797716381273266e7 2.2651642713511307e7 2.958423887190421e7 1.7465935643203113e7 5.864035315391607e6 2.0803031949293498e7 1.868338629084622e7 1.6801906970528573e7 8.798893719912848e7 9.358496380867021e7 1.1152511012576063e8 2.3238893967938766e7 3.90259152592596e7 3.797923480812606e7 8.797144942069577e7 8.035811889405175e7 1.0495193724914564e8 6.19614988088785e7 2.0803031949293498e7 7.380005661756924e7 6.628048110646656e7 5.960581557200614e7 7.90236397761316e7 8.404948058120103e7 1.001616840606504e8 2.087105543236747e7 3.5049518354815565e7 3.4109485419267e7 7.900793384823497e7 7.217033462058906e7 9.425825958340818e7 5.56481680279975e7 1.868338629084622e7 6.628048110646656e7 5.952708408436134e7 5.35325081568482e7 7.106569565719701e7 7.558541752885984e7 9.007506837360899e7 1.8769270532247838e7 3.151991494432522e7 3.067454646098673e7 7.10515713686287e7 6.490254119089528e7 8.476613843285401e7 5.004421188598183e7 1.6801906970528573e7 5.960581557200614e7 5.35325081568482e7 4.814160602091191e7
2.138851416963061e6 3.1368404322622217e7 1.237593984173713e6 1.3204961428461364e7 1.9136115229192895e6 1.6511884456003672e7 917474.1440677436 1.2959179314947518e7 8.317520905786147e6 1.2382495607377239e7 1.7710155872920748e7 1.4871366899731915e7 4.841343978313528e6 2.1588969740672093e6 3.1368404322622217e7 4.60049156263807e8 1.8150558834950812e7 1.936640225999209e8 2.806503504230926e7 2.4216337031946778e8 1.3455679846865103e7 1.900593810381812e8 1.2198479831994279e8 1.816017352373248e8 2.5973722420945284e8 2.1810353259751847e8 7.100317215688755e7 3.1662392551597916e7 1.237593984173713e6 1.8150558834950812e7 716103.4457633 7.640727493036485e6 1.1072644364296724e6 9.5541975043489e6 530873.941185404 7.498511693149771e6 4.812729745788511e6 7.164827790846099e6 1.0247547909721868e7 8.604952202655112e6 2.8013251109251464e6 1.249192854803413e6 1.3204961428461364e7 1.936640225999209e8 7.640727493036485e6 8.152553512798026e7 1.1814362675593391e7 1.0194200290094525e8 5.664353581525291e6 8.000811166274284e7 5.135117936208841e7 7.644774928577127e7 1.0933995851194552e8 9.181368314882272e7 2.9889762322208058e7 1.332871981872306e7 1.9136115229192895e6 2.806503504230926e7 1.1072644364296724e6 1.1814362675593391e7 1.712091373719171e6 1.4773037579667568e7 820856.0352272792 1.1594463583577279e7 7.441612690438394e6 1.1078509750069188e7 1.584512046154124e7 1.3305280972389765e7 4.331507812950937e6 1.931546106291285e6 1.6511884456003672e7 2.4216337031946778e8 9.5541975043489e6 1.0194200290094525e8 1.4773037579667568e7 1.2747137371306439e8 7.082879595127613e6 1.000445705559461e8 6.421107285317695e7 9.559258540562618e7 1.3672200188954622e8 1.1480661536548977e8 3.737506577020105e7 1.666663570246e7 917474.1440677436 1.3455679846865103e7 530873.941185404 5.664353581525291e6 820856.0352272792 7.082879595127613e6 393556.46603448765 5.558923754827249e6 3.5678543695368352e6 5.311551549911721e6 7.596885866847902e6 6.379168982585083e6 2.0767258012469225e6 926072.8153922824 1.2959179314947518e7 1.900593810381812e8 7.498511693149771e6 8.000811166274284e7 1.1594463583577279e7 1.000445705559461e8 5.558923754827249e6 7.851893178976445e7 5.0395386990908936e7 7.502483794334693e7 1.0730482904639028e8 9.010476781301793e7 2.9333428326400638e7 1.308063420747555e7 8.317520905786147e6 1.2198479831994279e8 4.812729745788511e6 5.135117936208841e7 7.441612690438394e6 6.421107285317695e7 3.5678543695368352e6 5.0395386990908936e7 3.234500230802353e7 4.8152791382957496e7 6.887088581726089e7 5.783146230034387e7 1.8826917771081474e7 8.395473651339002e6 1.2382495607377239e7 1.816017352373248e8 7.164827790846099e6 7.644774928577127e7 1.1078509750069188e7 9.559258540562618e7 5.311551549911721e6 7.502483794334693e7 4.8152791382957496e7 7.168623133458392e7 1.0252976226547986e8 8.609510405967857e7 2.802809024966732e7 1.2498545755050415e7 1.7710155872920748e7 2.5973722420945284e8 1.0247547909721868e7 1.0933995851194552e8 1.584512046154124e7 1.3672200188954622e8 7.596885866847902e6 1.0730482904639028e8 6.887088581726089e7 1.0252976226547986e8 1.4664395037243775e8 1.2313815898984207e8 4.008738326110645e7 1.787613745446421e7 1.4871366899731915e7 2.1810353259751847e8 8.604952202655112e6 9.181368314882272e7 1.3305280972389765e7 1.1480661536548977e8 6.379168982585083e6 9.010476781301793e7 5.783146230034387e7 8.609510405967857e7 1.2313815898984207e8 1.0340014818816258e8 3.36617130195686e7 1.5010743030322881e7 4.841343978313528e6 7.100317215688755e7 2.8013251109251464e6 2.9889762322208058e7 4.331507812950937e6 3.737506577020105e7 2.0767258012469225e6 2.9333428326400638e7 1.8826917771081474e7 2.802809024966732e7 4.008738326110645e7 3.36617130195686e7 1.0958503863551663e7 4.886717601001122e6 2.1588969740672093e6 3.1662392551597916e7 1.249192854803413e6 1.332871981872306e7 1.931546106291285e6 1.666663570246e7 926072.8153922824 1.308063420747555e7 8.395473651339002e6 1.2498545755050415e7 1.787613745446421e7 1.5010743030322881e7 4.886717601001122e6 2.179130400397069e6
