5921.876644031725 88207.94258496101 201763.70906723244 170994.3975124878 32178.51812111594 95943.92077799399 162385.2007134438 147807.12753665366 71415.47008177436 196928.37566897646 61482.60192672912 77875.19047649097 15573.938779285108 162446.07152422675 88207.94258496101 1.3138809878644438e6 3.0053246183484457e6 2.5470074614493647e6 479307.6670648252 1.4291104600921848e6 2.4187711636335272e6 2.2016268495800346e6 1.063752601297415e6 2.9333010291366773e6 915799.863239752 1.1599718709551725e6 231977.99958386287 2.4196778507034197e6 201763.70906723244 3.0053246183484457e6 6.874272590192227e6 5.825934234311866e6 1.0963513019047484e6 3.2688964127833447e6 5.532611089863137e6 5.035922912785508e6 2.4331898475123947e6 6.7095283951249365e6 2.0947680192465999e6 2.653278381049955e6 530618.2215162225 5.534685013603153e6 170994.3975124878 2.5470074614493647e6 5.825934234311866e6 4.937469275069564e6 929155.8486802235 2.7703841053415653e6 4.688878413049053e6 4.267936034542995e6 2.0621242240855235e6 5.686313811444718e6 1.775312304851321e6 2.2486488789188736e6 449698.0329950217 4.690636059862994e6 32178.51812111594 479307.6670648252 1.0963513019047484e6 929155.8486802235 174852.8533627185 521343.7190518168 882374.8682818066 803159.9808249609 388060.09248275013 1.070076883721075e6 334086.4964194299 423161.166394552 84626.25977382506 882705.6304042834 95943.92077799399 1.4291104600921848e6 3.2688964127833447e6 2.7703841053415653e6 521343.7190518168 1.554445742048907e6 2.630901278308667e6 2.394713059261688e6 1.157045412412385e6 3.190556239155274e6 996116.9816713658 1.2617032665105972e6 252322.8426156075 2.631887483290383e6 162385.2007134438 2.4187711636335272e6 5.532611089863137e6 4.688878413049053e6 882374.8682818066 2.630901278308667e6 4.452803561404979e6 4.0530547180692856e6 1.9583007449102383e6 5.4000202522637835e6 1.6859291833305517e6 2.135434288194353e6 427056.7130306387 4.454472714516525e6 147807.12753665366 2.2016268495800346e6 5.035922912785508e6 4.267936034542995e6 803159.9808249609 2.394713059261688e6 4.0530547180692856e6 3.6891931838287646e6 1.7824949976128456e6 4.915235370096053e6 1.5345754953251393e6 1.9437264405533657e6 388717.849723838 4.0545740235586567e6 71415.47008177436 1.063752601297415e6 2.4331898475123947e6 2.0621242240855235e6 388060.09248275013 1.157045412412385e6 1.9583007449102383e6 1.7824949976128456e6 861242.0814508079 2.374877655550987e6 741455.6537365864 939143.7326191837 187815.48921123773 1.9590348226068253e6 196928.37566897646 2.9333010291366773e6 6.7095283951249365e6 5.686313811444718e6 1.070076883721075e6 3.190556239155274e6 5.4000202522637835e6 4.915235370096053e6 2.374877655550987e6 6.548732348672977e6 2.0445662172878224e6 2.5896916952674966e6 517901.7819737395 5.402044473741822e6 61482.60192672912 915799.863239752 2.0947680192465999e6 1.775312304851321e6 334086.4964194299 996116.9816713658 1.6859291833305517e6 1.5345754953251393e6 741455.6537365864 2.0445662172878224e6 638329.8009914412 808522.3019395015 161693.0469774416 1.686561161342471e6 77875.19047649097 1.1599718709551725e6 2.653278381049955e6 2.2486488789188736e6 423161.166394552 1.2617032665105972e6 2.135434288194353e6 1.9437264405533657e6 939143.7326191837 2.5896916952674966e6 808522.3019395015 1.0240917966202167e6 204803.9028520398 2.1362347651831736e6 15573.938779285108 231977.99958386287 530618.2215162225 449698.0329950217 84626.25977382506 252322.8426156075 427056.7130306387 388717.849723838 187815.48921123773 517901.7819737395 161693.0469774416 204803.9028520398 40957.889480080354 427216.7971285631 162446.07152422675 2.4196778507034197e6 5.534685013603153e6 4.690636059862994e6 882705.6304042834 2.631887483290383e6 4.454472714516525e6 4.0545740235586567e6 1.9590348226068253e6 5.402044473741822e6 1.686561161342471e6 2.1362347651831736e6 427216.7971285631 4.456142493317499e6
1.1542436067390343e7 1.275355331130644e7 9.958846456448514e6 7.7435655755728595e6 1.0301138049676359e7 1.1691690133079756e7 3.2512738478506505e6 1.0281915629815692e7 4.023790083217612e6 1.369680240933201e7 509914.7158466884 4.935013253535558e6 1.7438236738639127e6 378701.6351574353 1.275355331130644e7 1.4091749879721021e7 1.1003801836967634e7 8.556077400911627e6 1.1382009180439655e7 1.2918468210777009e7 3.592421401004535e6 1.136076980297774e7 4.445995718772433e6 1.5133971607203431e7 563418.7163612114 5.452831122780444e6 1.9267984730687744e6 418437.794661422 9.958846456448514e6 1.1003801836967634e7 8.59252086509851e6 6.6811702609677985e6 8.88785101900942e6 1.0087623286098963e7 2.8052082636253927e6 8.871265860833444e6 3.471737454535837e6 1.181763982424999e7 439955.857788769 4.257943380890721e6 1.5045759936409232e6 326744.84097806003 7.7435655755728595e6 8.556077400911627e6 6.6811702609677985e6 5.194987217005583e6 6.910806135288599e6 7.843696833683274e6 2.1812078575080913e6 6.897910238110291e6 2.6994719476735247e6 9.188882399961744e6 342090.52725567075 3.3107914587491225e6 1.169892810491833e6 254062.5677540603 1.0301138049676359e7 1.1382009180439655e7 8.88785101900942e6 6.910806135288599e6 9.1933318494422e6 1.043434101707124e7 2.901624973140028e6 9.176176649320021e6 3.591063176624099e6 1.2223819272976816e7 455077.4074753724 4.404291477539537e6 1.556289183140119e6 337975.25934894866 1.1691690133079756e7 1.2918468210777009e7 1.0087623286098963e7 7.843696833683274e6 1.043434101707124e7 1.1842874187897524e7 3.2933157389755524e6 1.0414870034056326e7 4.0758213031346695e6 1.3873914366860015e7 516508.37112453714 4.998827407499318e6 1.7663728802576095e6 383598.5874472698 3.2512738478506505e6 3.592421401004535e6 2.8052082636253927e6 2.1812078575080913e6 2.901624973140028e6 3.2933157389755524e6 915818.9460180001 2.896210401153621e6 1.1334213497414722e6 3.858115844232465e6 143632.79732173262 1.3900947283864124e6 491200.3214048077 106672.69156501612 1.0281915629815692e7 1.136076980297774e7 8.871265860833444e6 6.897910238110291e6 9.176176649320021e6 1.0414870034056326e7 2.896210401153621e6 9.159053461627724e6 3.584362079736128e6 1.220100903732781e7 454228.2111095525 4.396072857464575e6 1.5533850725497487e6 337344.58123295865 4.023790083217612e6 4.445995718772433e6 3.471737454535837e6 2.6994719476735247e6 3.591063176624099e6 4.0758213031346695e6 1.1334213497414722e6 3.584362079736128e6 1.4027269927483369e6 4.774820270581051e6 177760.54941359753 1.7203870373798378e6 607911.5677839882 132018.56827692228 1.369680240933201e7 1.5133971607203431e7 1.181763982424999e7 9.188882399961744e6 1.2223819272976816e7 1.3873914366860015e7 3.858115844232465e6 1.220100903732781e7 4.774820270581051e6 1.6253275750887366e7 605089.0009514123 5.856120928586066e6 2.0693039284063033e6 449385.3323993393 509914.7158466884 563418.7163612114 439955.857788769 342090.52725567075 455077.4074753724 516508.37112453714 143632.79732173262 454228.2111095525 177760.54941359753 605089.0009514123 22526.7019820536 218016.0120605435 77037.58097107545 16730.050359779863 4.935013253535558e6 5.452831122780444e6 4.257943380890721e6 3.3107914587491225e6 4.404291477539537e6 4.998827407499318e6 1.3900947283864124e6 4.396072857464575e6 1.7203870373798378e6 5.856120928586066e6 218016.0120605435 2.109984033732486e6 745578.5669595812 161915.35112050865 1.7438236738639127e6 1.9267984730687744e6 1.5045759936409232e6 1.169892810491833e6 1.556289183140119e6 1.7663728802576095e6 491200.3214048077 1.5533850725497487e6 607911.5677839882 2.0693039284063033e6 77037.58097107545 745578.5669595812 263455.7374001347 57213.99476356976 378701.6351574353 418437.794661422 326744.84097806003 254062.5677540603 337975.25934894866 383598.5874472698 106672.69156501612 337344.58123295865 132018.56827692228 449385.3323993393 16730.050359779863 161915.35112050865 57213.99476356976 12425.013890793007
1.62811446008534e7 3.7619428863632483e6 8.677990676721113e6 1.1911998959029108e7 2.0255754288559463e7 7.7193141921732845e6 2.2849082356028136e7 1.3502008045179788e7 1.5955636518016972e7 5.718009160723194e6 1.7398558010202087e7 3.199037738921354e6 1.6599230307551827e7 1.0775238357522286e7 3.7619428863632483e6 869239.5176882859 2.0051480466862498e6 2.752402293874171e6 4.680321477506805e6 1.7836349854252262e6 5.279539303685227e6 3.1197919042203594e6 3.686730556597683e6 1.3212107879205856e6 4.0201339122083145e6 739173.907006019 3.835440192044401e6 2.4897408801236637e6 8.677990676721113e6 2.0051480466862498e6 4.625443974087128e6 6.349198317552428e6 1.0796491965120127e7 4.1144611286634873e6 1.2178758221142e7 7.196686891838182e6 8.504492057471465e6 3.047748263568695e6 9.273581673920583e6 1.7051147418335287e6 8.847533105389334e6 5.743295099849723e6 1.1911998959029108e7 2.752402293874171e6 6.349198317552428e6 8.715340516813105e6 1.4819997605513701e7 5.647788584640847e6 1.6717390079903282e7 9.878660851065338e6 1.1673842979276933e7 4.183546110553146e6 1.2729547583237572e7 2.340556217032098e6 1.214472440309126e7 7.8836366388741555e6 2.0255754288559463e7 4.680321477506805e6 1.0796491965120127e7 1.4819997605513701e7 2.520065952715565e7 9.60378004041903e6 2.842707986872775e7 1.6798165243921444e7 1.985078203958569e7 7.113909458998976e6 2.1645954548639588e7 3.979997966237782e6 2.0651492185098283e7 1.3405727049386442e7 7.7193141921732845e6 1.7836349854252262e6 4.1144611286634873e6 5.647788584640847e6 9.60378004041903e6 3.6599276683756313e6 1.0833344339916924e7 6.401653254804397e6 7.564982342349e6 2.7110568911127895e6 8.249108957883917e6 1.5167470116357268e6 7.8701269003852075e6 5.10882081183112e6 2.2849082356028136e7 5.279539303685227e6 1.2178758221142e7 1.6717390079903282e7 2.842707986872775e7 1.0833344339916924e7 3.2066576233540155e7 1.8948820943454828e7 2.239226183298625e7 8.024697613645622e6 2.4417268846712586e7 4.48955393178098e6 2.329548625985728e7 1.5122051592365006e7 1.3502008045179788e7 3.1197919042203594e6 7.196686891838182e6 9.878660851065338e6 1.6798165243921444e7 6.401653254804397e6 1.8948820943454828e7 1.1197260740657263e7 1.3232063095916323e7 4.74196425271289e6 1.4428682748506662e7 2.652972769831295e6 1.3765797592916729e7 8.93594145612894e6 1.5955636518016972e7 3.686730556597683e6 8.504492057471465e6 1.1673842979276933e7 1.985078203958569e7 7.564982342349e6 2.239226183298625e7 1.3232063095916323e7 1.5636636301463254e7 5.603689298994886e6 1.7050709538803928e7 3.135079542685993e6 1.6267362753615335e7 1.0559809573745083e7 5.718009160723194e6 1.3212107879205856e6 3.047748263568695e6 4.183546110553146e6 7.113909458998976e6 2.7110568911127895e6 8.024697613645622e6 4.74196425271289e6 5.603689298994886e6 2.0081898148856545e6 6.110449635125455e6 1.1235160392649977e6 5.829722251503149e6 3.784310817684086e6 1.7398558010202087e7 4.0201339122083145e6 9.273581673920583e6 1.2729547583237572e7 2.1645954548639588e7 8.249108957883917e6 2.4417268846712586e7 1.4428682748506662e7 1.7050709538803928e7 6.110449635125455e6 1.859266214111877e7 3.418595254938739e6 1.7738474690256547e7 1.1514768416667676e7 3.199037738921354e6 739173.907006019 1.7051147418335287e6 2.340556217032098e6 3.979997966237782e6 1.5167470116357268e6 4.48955393178098e6 2.652972769831295e6 3.135079542685993e6 1.1235160392649977e6 3.418595254938739e6 628570.2084180635 3.2615375326942317e6 2.1171972239457862e6 1.6599230307551827e7 3.835440192044401e6 8.847533105389334e6 1.214472440309126e7 2.0651492185098283e7 7.8701269003852075e6 2.329548625985728e7 1.3765797592916729e7 1.6267362753615335e7 5.829722251503149e6 1.7738474690256547e7 3.2615375326942317e6 1.6923530473938826e7 1.0985754840965154e7 1.0775238357522286e7 2.4897408801236637e6 5.743295099849723e6 7.8836366388741555e6 1.3405727049386442e7 5.10882081183112e6 1.5122051592365006e7 8.93594145612894e6 1.0559809573745083e7 3.784310817684086e6 1.1514768416667676e7 2.1171972239457862e6 1.0985754840965154e7 7.131302160127841e6
6.2829979126371115e7 2.2756140118535686e7 4.947409131788374e7 6.056519866907725e7 4.004640254693394e7 4.094484986922489e7 6.460659540322997e7 1.0930538575881248e7 3.620458209038383e7 3.697016973975784e7 4.618863045613672e6 6.0248872604760006e7 5.8671992615363084e7 6.180760590751531e7 2.2756140118535686e7 8.241955835332751e6 1.791882426066974e7 2.19358682970181e7 1.4504247180607768e7 1.4829652241049604e7 2.339960569810807e7 3.9588882705742125e6 1.3112793517322736e7 1.339007866152332e7 1.6728876265087808e6 2.1821299418548953e7 2.1250175530115727e7 2.238585083075911e7 4.947409131788374e7 1.791882426066974e7 3.895728990785152e7 4.769073953713985e7 3.153366281683458e7 3.224112548808468e7 5.0873048903742e7 8.60701326303359e6 2.8508505420045037e7 2.9111350650994293e7 3.637022569176329e6 4.74416555041692e7 4.619997588438365e7 4.866904591290443e7 6.056519866907725e7 2.19358682970181e7 4.769073953713985e7 5.838205488572567e7 3.8602882890643746e7 3.946894462303437e7 6.227777472373823e7 1.053653446353606e7 3.489954536869602e7 3.563753651126298e7 4.452370697437288e6 5.807713116625336e7 5.655709166977305e7 5.957967809474434e7 4.004640254693394e7 1.4504247180607768e7 3.153366281683458e7 3.8602882890643746e7 2.552466798891492e7 2.6097317918708973e7 4.117877743522453e7 6.966877181100419e6 2.307597883358975e7 2.3563947023585927e7 2.943958463869152e6 3.840126383738484e7 3.739619632500222e7 3.939476506360523e7 4.094484986922489e7 1.4829652241049604e7 3.224112548808468e7 3.946894462303437e7 2.6097317918708973e7 2.668281533949627e7 4.2102629765743665e7 7.1231801633908665e6 2.3593692038115002e7 2.4092607870989997e7 3.01000663375655e6 3.92628022146923e7 3.823518585502774e7 4.0278592796750434e7 6.460659540322997e7 2.339960569810807e7 5.0873048903742e7 6.227777472373823e7 4.117877743522453e7 4.2102629765743665e7 6.6433448293869175e7 1.1239616710535496e7 3.7228323475197546e7 3.801555931701333e7 4.749468647931545e6 6.1952504043451436e7 6.033103529730543e7 6.355531297690824e7 1.0930538575881248e7 3.9588882705742125e6 8.60701326303359e6 1.053653446353606e7 6.966877181100419e6 7.1231801633908665e6 1.1239616710535496e7 1.9015870324980118e6 6.298515241691381e6 6.431704611655513e6 803544.1265267305 1.0481503182344291e7 1.020717319221377e7 1.0752676191347033e7 3.620458209038383e7 1.3112793517322736e7 2.8508505420045037e7 3.489954536869602e7 2.307597883358975e7 2.3593692038115002e7 3.7228323475197546e7 6.298515241691381e6 2.086220276634123e7 2.1303358107860543e7 2.6615321001908923e6 3.4717268482372895e7 3.380862133945442e7 3.5615458941788994e7 3.697016973975784e7 1.339007866152332e7 2.9111350650994293e7 3.563753651126298e7 2.3563947023585927e7 2.4092607870989997e7 3.801555931701333e7 6.431704611655513e6 2.1303358107860543e7 2.1753842187937852e7 2.717813266459618e6 3.545140516992677e7 3.4523543635069706e7 3.636858890264727e7 4.618863045613672e6 1.6728876265087808e6 3.637022569176329e6 4.452370697437288e6 2.943958463869152e6 3.01000663375655e6 4.749468647931545e6 803544.1265267305 2.6615321001908923e6 2.717813266459618e6 339549.6247297224 4.429116404038581e6 4.313194151450466e6 4.543704626892883e6 6.0248872604760006e7 2.1821299418548953e7 4.74416555041692e7 5.807713116625336e7 3.840126383738484e7 3.92628022146923e7 6.1952504043451436e7 1.0481503182344291e7 3.4717268482372895e7 3.545140516992677e7 4.429116404038581e6 5.777380003331947e7 5.6261699553338654e7 5.926849930726979e7 5.8671992615363084e7 2.1250175530115727e7 4.619997588438365e7 5.655709166977305e7 3.739619632500222e7 3.823518585502774e7 6.033103529730543e7 1.020717319221377e7 3.380862133945442e7 3.4523543635069706e7 4.313194151450466e6 5.6261699553338654e7 5.478917493404623e7 5.7717278404393755e7 6.180760590751531e7 2.238585083075911e7 4.866904591290443e7 5.957967809474434e7 3.939476506360523e7 4.0278592796750434e7 6.355531297690824e7 1.0752676191347033e7 3.5615458941788994e7 3.636858890264727e7 4.543704626892883e6 5.926849930726979e7 5.7717278404393755e7 6.0801868807486326e7
6.974929513327613e6 800578.7226071323 7.907073209566207e6 1.7993110157845203e7 2.324201104297712e7 2.8237356291422695e6 1.3471055403568562e7 2.9508660216144416e7 3.9891587851154883e6 6.966576890137078e6 1.08413049849869e7 1.4549949495287705e7 1.0234220688257394e7 8.833758424059829e6 800578.7226071323 91890.00259667044 907569.6833322622 2.0652396727984727e6 2.667705741836292e6 324106.8828924212 1.5462006184509338e6 3.3869884213952743e6 457873.53669487505 799620.0129325013 1.2443592554864977e6 1.6700355119973805e6 1.1746784408113274e6 1.0139341224080458e6 7.907073209566207e6 907569.6833322622 8.963790475871291e6 2.0397745814350974e7 2.6348120436659437e7 3.2011053733841074e6 1.5271354510838907e7 3.3452257287966702e7 4.522278038540917e6 7.897604324908193e6 1.2290158924147978e7 1.6494434192474537e7 1.1601942653367616e7 1.001431977788396e7 1.7993110157845203e7 2.0652396727984727e6 2.0397745814350974e7 4.641652830092845e7 5.995703099035739e7 7.2843440402811635e6 3.475105853839761e7 7.61230020841032e7 1.0290766855861062e7 1.797156303412344e7 2.79671349333252e7 3.753426375987797e7 2.6401049626616396e7 2.278830031589393e7 2.324201104297712e7 2.667705741836292e6 2.6348120436659437e7 5.995703099035739e7 7.744753209185553e7 9.409312961452715e6 4.488854229308555e7 9.832939606007375e7 1.329276121840122e7 2.321417825125338e7 3.6125631047579765e7 4.8483656529870994e7 3.410269161835052e7 2.943604095936433e7 2.8237356291422695e6 324106.8828924212 3.2011053733841074e6 7.2843440402811635e6 9.409312961452715e6 1.1431632230909078e6 5.453632044957896e6 1.19463078531997e7 1.6149739965562015e6 2.8203541469846587e6 4.389001938157266e6 5.890412327975407e6 4.1432294819206367e6 3.57626530183428e6 1.3471055403568562e7 1.5462006184509338e6 1.5271354510838907e7 3.475105853839761e7 4.488854229308555e7 5.453632044957896e6 2.6017371693758957e7 5.699165789377487e7 7.704476282554645e6 1.3454923534486614e7 2.0938393688521694e7 2.8101097709392555e7 1.976589923101455e7 1.7061111359601066e7 2.9508660216144416e7 3.3869884213952743e6 3.3452257287966702e7 7.61230020841032e7 9.832939606007375e7 1.19463078531997e7 5.699165789377487e7 1.2484155231791583e8 1.687683451327967e7 2.9473322981671724e7 4.5866038429533415e7 6.1556108201252915e7 4.32976620465868e7 3.737276129729988e7 3.9891587851154883e6 457873.53669487505 4.522278038540917e6 1.0290766855861062e7 1.329276121840122e7 1.6149739965562015e6 7.704476282554645e6 1.687683451327967e7 2.2815123482548418e6 3.984381684484491e6 6.200447895615241e6 8.321526223484773e6 5.853239274943633e6 5.052275432402786e6 6.966576890137078e6 799620.0129325013 7.897604324908193e6 1.797156303412344e7 2.321417825125338e7 2.8203541469846587e6 1.3454923534486614e7 2.9473322981671724e7 3.984381684484491e6 6.958234269386573e6 1.0828322296737473e7 1.4532525628086865e7 1.0221964996082377e7 8.823179814579777e6 1.08413049849869e7 1.2443592554864977e6 1.2290158924147978e7 2.79671349333252e7 3.6125631047579765e7 4.389001938157266e6 2.0938393688521694e7 4.5866038429533415e7 6.200447895615241e6 1.0828322296737473e7 1.68509077479449e7 2.2615345387098413e7 1.5907301651300503e7 1.3730528610494869e7 1.4549949495287705e7 1.6700355119973805e6 1.6494434192474537e7 3.753426375987797e7 4.8483656529870994e7 5.890412327975407e6 2.8101097709392555e7 6.1556108201252915e7 8.321526223484773e6 1.4532525628086865e7 2.2615345387098413e7 3.0351708918478258e7 2.1348946086586706e7 1.8427532303810067e7 1.0234220688257394e7 1.1746784408113274e6 1.1601942653367616e7 2.6401049626616396e7 3.410269161835052e7 4.1432294819206367e6 1.976589923101455e7 4.32976620465868e7 5.853239274943633e6 1.0221964996082377e7 1.5907301651300503e7 2.1348946086586706e7 1.5016534990901498e7 1.296165546129652e7 8.833758424059829e6 1.0139341224080458e6 1.001431977788396e7 2.278830031589393e7 2.943604095936433e7 3.57626530183428e6 1.7061111359601066e7 3.737276129729988e7 5.052275432402786e6 8.823179814579777e6 1.3730528610494869e7 1.8427532303810067e7 1.296165546129652e7 1.1187967956599286e7
1.9047136689887166e8 4.992214622660785e7 1.0782723140210561e8 5.325425423246167e7 1.0917812076024972e8 1.8965903348154667e8 2.137882913150826e8 1.3176578096588518e8 8.869712203018907e7 2.165761080160206e7 2.0635777371798423e8 4.360503253381436e7 9.270025982105345e6 1.6373973799273258e8 4.992214622660785e7 1.3084489939078502e7 2.8261291452400904e7 1.3957828466645243e7 2.861535672305675e7 4.970923533976579e7 5.603346326713117e7 3.453553514179704e7 2.3247329863608018e7 5.676414418396998e6 5.40859401718689e7 1.1428787674552929e7 2.429654389201837e6 4.291584229308157e7 1.0782723140210561e8 2.8261291452400904e7 6.104178292591498e7 3.014762212169657e7 6.180653125418514e7 1.0736736352384299e8 1.2102711254721792e8 7.459357060545057e7 5.0212088344637446e7 1.2260531593501793e7 1.1682064228649293e8 2.468512727068479e7 5.247829387430755e6 9.26942611150396e7 5.325425423246167e7 1.3957828466645243e7 3.014762212169657e7 1.4889458925138116e7 3.0525319864353754e7 5.302713237665686e7 5.97734777829456e7 3.684064703762924e7 2.4798998207385402e7 6.0552928793154815e6 5.769596513819857e7 1.2191614551721204e7 2.5918243168521496e6 4.578030691432655e7 1.0917812076024972e8 2.861535672305675e7 6.180653125418514e7 3.0525319864353754e7 6.258086056088613e7 1.0871249153010204e8 1.2254337366475739e8 7.552809947544533e7 5.0841159265896745e7 1.2414134922081066e7 1.1828420358194968e8 2.499438936803054e7 5.313575644481529e6 9.38555604387176e7 1.8965903348154667e8 4.970923533976579e7 1.0736736352384299e8 5.302713237665686e7 1.0871249153010204e8 1.8885016455125532e8 2.128765145157894e8 1.3120381856239519e8 8.831884136040246e7 2.1565244157313205e7 2.054776870244031e8 4.341906324264228e7 9.230490633525979e6 1.6304141118865103e8 2.137882913150826e8 5.603346326713117e7 1.2102711254721792e8 5.97734777829456e7 1.2254337366475739e8 2.128765145157894e8 2.39959602577375e8 1.4789614641370487e8 9.955515347074366e7 2.4308869530504797e7 2.316194636550049e8 4.89430277627623e7 1.0404834319338642e7 1.837842578429723e8 1.3176578096588518e8 3.453553514179704e7 7.459357060545057e7 3.684064703762924e7 7.552809947544533e7 1.3120381856239519e8 1.4789614641370487e8 9.11539687892715e7 6.1359593013996035e7 1.4982472418772731e7 1.4275580448145923e8 3.016543252357432e7 6.412891517467203e6 1.1327316437654881e8 8.869712203018907e7 2.3247329863608018e7 5.0212088344637446e7 2.4798998207385402e7 5.0841159265896745e7 8.831884136040246e7 9.955515347074366e7 6.1359593013996035e7 4.130373811311613e7 1.0085336076639552e7 9.60949718340611e7 2.030562889715372e7 4.316788602637428e6 7.624895940208966e7 2.165761080160206e7 5.676414418396998e6 1.2260531593501793e7 6.0552928793154815e6 1.2414134922081066e7 2.1565244157313205e7 2.4308869530504797e7 1.4982472418772731e7 1.0085336076639552e7 2.462585916563026e6 2.3463980029303003e7 4.958124882413188e6 1.0540514204834313e6 1.861808195079375e7 2.0635777371798423e8 5.40859401718689e7 1.1682064228649293e8 5.769596513819857e7 1.1828420358194968e8 2.054776870244031e8 2.316194636550049e8 1.4275580448145923e8 9.60949718340611e7 2.3463980029303003e7 2.2356919818007064e8 4.724194288664765e7 1.0043199432651635e7 1.7739657330902737e8 4.360503253381436e7 1.1428787674552929e7 2.468512727068479e7 1.2191614551721204e7 2.499438936803054e7 4.341906324264228e7 4.89430277627623e7 3.016543252357432e7 2.030562889715372e7 4.958124882413188e6 4.724194288664765e7 9.98259682403882e6 2.1222076111504114e6 3.748530143138087e7 9.270025982105345e6 2.429654389201837e6 5.247829387430755e6 2.5918243168521496e6 5.313575644481529e6 9.230490633525979e6 1.0404834319338642e7 6.412891517467203e6 4.316788602637428e6 1.0540514204834313e6 1.0043199432651635e7 2.1222076111504114e6 451161.67909129034 7.969027839767891e6 1.6373973799273258e8 4.291584229308157e7 9.26942611150396e7 4.578030691432655e7 9.38555604387176e7 1.6304141118865103e8 1.837842578429723e8 1.1327316437654881e8 7.624895940208966e7 1.861808195079375e7 1.7739657330902737e8 3.748530143138087e7 7.969027839767891e6 1.407597490081725e8
