1.4092556213925118e7 8.719561229777185e6 8.617268258699602e6 8.287007278870813e6 4.209857728553457e6 7.687352054763028e6 1.0133933592034362e7 7.70037926780155e6 1.0862657039376942e7 5.642325177793777e6 9.45699528623271e6 1.517058866387936e7 598127.1742630436 7.909510864592631e6 9.181632821028402e6 3.5085183312698314e6 6.930781590745132e6 1.5148907273506602e7 5.122034398061104e6 8.719561229777185e6 5.395099858796804e6 5.331807592216702e6 5.127463483759088e6 2.604787355504788e6 4.7564356614115015e6 6.270221889689956e6 4.764496057270027e6 6.721108770836421e6 3.491105454486123e6 5.851376300811859e6 9.38657790243551e6 370082.3640516528 4.893893147167672e6 5.680999838282028e6 2.1708439512963383e6 4.2883188495639535e6 9.373162862038855e6 3.1691832111187517e6 8.617268258699602e6 5.331807592216702e6 5.269257834786327e6 5.067310976078499e6 2.574229460376994e6 4.700635842736728e6 6.19666318535725e6 4.70860167858028e6 6.642260516092066e6 3.450149775653912e6 5.782731256533833e6 9.276459868214667e6 365740.76662895456 4.836480754850221e6 5.614353554502907e6 2.1453768352715587e6 4.238010713123341e6 9.263202205500573e6 3.1320041423546667e6 8.287007278870813e6 5.127463483759088e6 5.067310976078499e6 4.873103828544553e6 2.4755708694679844e6 4.520481697288918e6 5.959173067395681e6 4.528142238615478e6 6.387692664602935e6 3.317921114405819e6 5.561105280234283e6 8.92093505066868e6 351723.57459965145 4.651120287348544e6 5.399180735188219e6 2.0631542289364866e6 4.075586899842607e6 8.908185494299514e6 3.0119685665980903e6 4.209857728553457e6 2.604787355504788e6 2.574229460376994e6 2.4755708694679844e6 1.2576073372089122e6 2.2964363575060493e6 3.0273016481508035e6 2.300327966143916e6 3.2449926042984123e6 1.6855271603086265e6 2.8250804247494014e6 4.531897475791566e6 178678.03888843118 2.3628016760707004e6 2.742821621967517e6 1.0480967958157164e6 2.07042668496745e6 4.525420611875541e6 1.5301011235482853e6 7.687352054763028e6 4.7564356614115015e6 4.700635842736728e6 4.520481697288918e6 2.2964363575060493e6 4.193375617368558e6 5.527961999156683e6 4.200481835105022e6 5.925473536825596e6 3.0778333888279945e6 5.15869875144935e6 8.2754082486470165e6 326272.54362393304 4.314561082752034e6 5.008491210634201e6 1.9138625522323712e6 3.7806738035277114e6 8.263581261526863e6 2.7940198397502135e6 1.0133933592034362e7 6.270221889689956e6 6.19666318535725e6 5.959173067395681e6 3.0273016481508035e6 5.527961999156683e6 7.287294688687211e6 5.537329846253948e6 7.811318500281516e6 4.0573865939187114e6 6.800509485721715e6 1.0909144922899906e7 430112.2501525652 5.6877160275616925e6 6.602496797763659e6 2.5229696611315296e6 4.983913444468212e6 1.0893553871362828e7 3.6832463648275025e6 7.70037926780155e6 4.764496057270027e6 4.70860167858028e6 4.528142238615478e6 2.300327966143916e6 4.200481835105022e6 5.537329846253948e6 4.207600095247207e6 5.935515018673761e6 3.083049175872442e6 5.167440834179262e6 8.289431999018781e6 326825.454678888 4.321872664944747e6 5.016978747244687e6 1.9171058400402886e6 3.787080644624211e6 8.277584969538175e6 2.798754668001475e6 1.0862657039376942e7 6.721108770836421e6 6.642260516092066e6 6.387692664602935e6 3.2449926042984123e6 5.925473536825596e6 7.811318500281516e6 5.935515018673761e6 8.373024465109465e6 4.349150174079341e6 7.289528944070682e6 1.169361322670093e7 461041.2945190905 6.096715355756259e6 7.077277314513503e6 2.704394488154836e6 5.342302864876958e6 1.1676901034520824e7 3.9481058060319424e6 5.642325177793777e6 3.491105454486123e6 3.450149775653912e6 3.317921114405819e6 1.6855271603086265e6 3.0778333888279945e6 4.0573865939187114e6 3.083049175872442e6 4.349150174079341e6 2.2590531432834016e6 3.7863565558860367e6 6.073943795631552e6 239475.93067127778 3.166780505812468e6 3.6761079574872307e6 1.4047275041353945e6 2.7749205238301456e6 6.065263081293235e6 2.050741058399976e6 9.45699528623271e6 5.851376300811859e6 5.782731256533833e6 5.561105280234283e6 2.8250804247494014e6 5.15869875144935e6 6.800509485721715e6 5.167440834179262e6 7.289528944070682e6 3.7863565558860367e6 6.346241128025838e6 1.0180423147215754e7 401381.1108295608 5.307781344093376e6 6.161455522354853e6 2.3544373935293606e6 4.650992186131536e6 1.0165873564908499e7 3.4372085818272e6 1.517058866387936e7 9.38657790243551e6 9.276459868214667e6 8.92093505066868e6 4.531897475791566e6 8.2754082486470165e6 1.0909144922899906e7 8.289431999018781e6 1.169361322670093e7 6.073943795631552e6 1.0180423147215754e7 1.633108691673783e7 643881.8615793061 8.514561449160893e6 9.883996393284583e6 3.776908008412352e6 7.460962726441855e6 1.6307746974004015e7 5.513852547094676e6 598127.1742630436 370082.3640516528 365740.76662895456 351723.57459965145 178678.03888843118 326272.54362393304 430112.2501525652 326825.454678888 461041.2945190905 239475.93067127778 401381.1108295608 643881.8615793061 25386.176301953492 335701.57971532154 389693.964033012 148911.24956158816 294161.59463039594 642961.6432341817 217393.3468481161 7.909510864592631e6 4.893893147167672e6 4.836480754850221e6 4.651120287348544e6 2.3628016760707004e6 4.314561082752034e6 5.6877160275616925e6 4.321872664944747e6 6.096715355756259e6 3.166780505812468e6 5.307781344093376e6 8.514561449160893e6 335701.57971532154 4.439248718787569e6 5.15323291603159e6 1.969171769730476e6 3.8899324905973733e6 8.502392670827879e6 2.874764954299067e6 9.181632821028402e6 5.680999838282028e6 5.614353554502907e6 5.399180735188219e6 2.742821621967517e6 5.008491210634201e6 6.602496797763659e6 5.016978747244687e6 7.077277314513503e6 3.6761079574872307e6 6.161455522354853e6 9.883996393284583e6 389693.964033012 5.15323291603159e6 5.98205038039055e6 2.28588245982909e6 4.515567705600857e6 9.869870455986189e6 3.3371262406748044e6 3.5085183312698314e6 2.1708439512963383e6 2.1453768352715587e6 2.0631542289364866e6 1.0480967958157164e6 1.9138625522323712e6 2.5229696611315296e6 1.9171058400402886e6 2.704394488154836e6 1.4047275041353945e6 2.3544373935293606e6 3.776908008412352e6 148911.24956158816 1.969171769730476e6 2.28588245982909e6 873489.570947604 1.7255048617176292e6 3.771510154792647e6 1.2751945996308876e6 6.930781590745132e6 4.2883188495639535e6 4.238010713123341e6 4.075586899842607e6 2.07042668496745e6 3.7806738035277114e6 4.983913444468212e6 3.787080644624211e6 5.342302864876958e6 2.7749205238301456e6 4.650992186131536e6 7.460962726441855e6 294161.59463039594 3.8899324905973733e6 4.515567705600857e6 1.7255048617176292e6 3.408589096926689e6 7.450299722585338e6 2.5190392129262756e6 1.5148907273506602e7 9.373162862038855e6 9.263202205500573e6 8.908185494299514e6 4.525420611875541e6 8.263581261526863e6 1.0893553871362828e7 8.277584969538175e6 1.1676901034520824e7 6.065263081293235e6 1.0165873564908499e7 1.6307746974004015e7 642961.6432341817 8.502392670827879e6 9.869870455986189e6 3.771510154792647e6 7.450299722585338e6 1.6284440388077963e7 5.505972299849161e6 5.122034398061104e6 3.1691832111187517e6 3.1320041423546667e6 3.0119685665980903e6 1.5301011235482853e6 2.7940198397502135e6 3.6832463648275025e6 2.798754668001475e6 3.9481058060319424e6 2.050741058399976e6 3.4372085818272e6 5.513852547094676e6 217393.3468481161 2.874764954299067e6 3.3371262406748044e6 1.2751945996308876e6 2.5190392129262756e6 5.505972299849161e6 1.8616378729784768e6
1.5231307509133074e7 1.007179230750001e7 2.0283907385195517e6 1.542487338116281e7 7.081572883419509e6 8.047635468643611e6 1.3941743384429289e7 1.0855242321932528e7 8.872916782027086e6 4.732252257866831e6 9.411989181398088e6 740334.238105318 4.721970310873385e6 3.276542706391985e6 1.1515144283000614e7 1.1007534542788353e7 1.220703635284967e7 2.40554200172207e6 7.992664495209204e6 1.007179230750001e7 6.660032319916711e6 1.3412853902775862e6 1.0199788886896402e7 4.682732014271101e6 5.321546620869342e6 9.21906039177764e6 7.178093282440165e6 5.867268777596536e6 3.129229835281916e6 6.223733594679035e6 489550.40004654374 3.122430836931143e6 2.1666332720054425e6 7.61445736288463e6 7.278797415528415e6 8.071975092242233e6 1.590678896987979e6 5.285196739085361e6 2.0283907385195517e6 1.3412853902775862e6 270125.79095030506 2.0541683824863054e6 943070.5041091315 1.0717234381743013e6 1.8566563075977305e6 1.445619358481894e6 1.181628183498137e6 630205.6895929389 1.2534177827574252e6 98592.134068681 628836.417385484 436345.26294109126 1.5335001280979482e6 1.4659004886571795e6 1.62564109929792e6 320351.95366432145 1.0644028182383636e6 1.542487338116281e7 1.0199788886896402e7 2.0541683824863054e6 1.5620899169834116e7 7.171568494741733e6 8.149908210253703e6 1.4118920932332098e7 1.0993195314141437e7 8.985677546218242e6 4.792391713025846e6 9.531600704725243e6 749742.717469706 4.781979098718726e6 3.318182391351739e6 1.1661483587315146e7 1.1147422928693151e7 1.2362168513048075e7 2.436112642816952e6 8.094238642532313e6 7.081572883419509e6 4.682732014271101e6 943070.5041091315 7.171568494741733e6 3.2924733791312464e6 3.741629999671339e6 6.482008969982854e6 5.046985600143042e6 4.125332434051636e6 2.200191234187609e6 4.375966234419498e6 344207.53845918935 2.1954107938364516e6 1.5233804430143838e6 5.353797331861609e6 5.117791633106506e6 5.675482395153653e6 1.1184214486581057e6 3.716072052356911e6 8.047635468643611e6 5.321546620869342e6 1.0717234381743013e6 8.149908210253703e6 3.741629999671339e6 4.252060211990093e6 7.366279519206331e6 5.735491393521059e6 4.688107029718065e6 2.5003395863514757e6 4.9729320953759905e6 391164.05926773336 2.494907002099497e6 1.731198801066455e6 6.084158139598808e6 5.815956729633731e6 6.449727225407871e6 1.2709956202225175e6 4.223015669668868e6 1.3941743384429289e7 9.21906039177764e6 1.8566563075977305e6 1.4118920932332098e7 6.482008969982854e6 7.366279519206331e6 1.2761360669839237e7 9.936179329150291e6 8.121688093569234e6 4.331594419586414e6 8.615119734493857e6 677653.5737448841 4.322182997330709e6 2.9991330404989324e6 1.0540210453502305e7 1.0075577674390422e7 1.1173523232577447e7 2.20187592354534e6 7.315962682995439e6 1.0855242321932528e7 7.178093282440165e6 1.445619358481894e6 1.0993195314141437e7 5.046985600143042e6 5.735491393521059e6 9.936179329150291e6 7.736452421909116e6 6.323663396165517e6 3.3726418402920556e6 6.707856382928403e6 527630.8385893746 3.3653139712901204e6 2.335168207635382e6 8.206759760383979e6 7.8449899824661445e6 8.699866217221739e6 1.7144123266253963e6 5.696313979701189e6 8.872916782027086e6 5.867268777596536e6 1.181628183498137e6 8.985677546218242e6 4.125332434051636e6 4.688107029718065e6 8.121688093569234e6 6.323663396165517e6 5.168870247913401e6 2.7567482601499963e6 5.48290399296375e6 431277.7535122984 2.7507585668833246e6 1.9087324413312054e6 6.708085756579596e6 6.412380415462355e6 7.11114378388513e6 1.4013356361003339e6 4.656083982949556e6 4.732252257866831e6 3.129229835281916e6 630205.6895929389 4.792391713025846e6 2.200191234187609e6 2.5003395863514757e6 4.331594419586414e6 3.3726418402920556e6 2.7567482601499963e6 1.4702750514791713e6 2.9242339850326073e6 230016.25879782517 1.46708052816948e6 1.0179970833773217e6 3.5776683978192206e6 3.4199578836171865e6 3.7926340406427304e6 747383.7398540375 2.4832605198960104e6 9.411989181398088e6 6.223733594679035e6 1.2534177827574252e6 9.531600704725243e6 4.375966234419498e6 4.9729320953759905e6 8.615119734493857e6 6.707856382928403e6 5.48290399296375e6 2.9242339850326073e6 5.816016799453135e6 457479.95275439427 2.9178803890719195e6 2.024697123766851e6 7.115634251941418e6 6.801963388137681e6 7.543179994301989e6 1.4864735205451502e6 4.938963494391123e6 740334.238105318 489550.40004654374 98592.134068681 749742.717469706 344207.53845918935 391164.05926773336 677653.5737448841 527630.8385893746 431277.7535122984 230016.25879782517 457479.95275439427 35984.74942366769 229516.49360110337 159259.91558516657 559706.0898623596 535033.1673276694 593336.2551042907 116923.98068960101 388492.13542199216 4.721970310873385e6 3.122430836931143e6 628836.417385484 4.781979098718726e6 2.1954107938364516e6 2.494907002099497e6 4.322182997330709e6 3.3653139712901204e6 2.7507585668833246e6 1.46708052816948e6 2.9178803890719195e6 229516.49360110337 1.4638929457237895e6 1.0157852418523126e6 3.569895059708313e6 3.412527209223041e6 3.784393638388898e6 745759.8703774753 2.477865043990422e6 3.276542706391985e6 2.1666332720054425e6 436345.26294109126 3.318182391351739e6 1.5233804430143838e6 1.731198801066455e6 2.9991330404989324e6 2.335168207635382e6 1.9087324413312054e6 1.0179970833773217e6 2.024697123766851e6 159259.91558516657 1.0157852418523126e6 704846.3896072678 2.477125617147002e6 2.3679291485582925e6 2.6259647049085097e6 517477.6424109265 1.719373503601889e6 1.1515144283000614e7 7.61445736288463e6 1.5335001280979482e6 1.1661483587315146e7 5.353797331861609e6 6.084158139598808e6 1.0540210453502305e7 8.206759760383979e6 6.708085756579596e6 3.5776683978192206e6 7.115634251941418e6 559706.0898623596 3.569895059708313e6 2.477125617147002e6 8.7056575923513e6 8.321895437034318e6 9.228740525828842e6 1.8186333124741942e6 6.042599088276745e6 1.1007534542788353e7 7.278797415528415e6 1.4659004886571795e6 1.1147422928693151e7 5.117791633106506e6 5.815956729633731e6 1.0075577674390422e7 7.8449899824661445e6 6.412380415462355e6 3.4199578836171865e6 6.801963388137681e6 535033.1673276694 3.412527209223041e6 2.3679291485582925e6 8.321895437034318e6 7.955050256717929e6 8.82191986725333e6 1.7384644530488534e6 5.776229681344074e6 1.220703635284967e7 8.071975092242233e6 1.62564109929792e6 1.2362168513048075e7 5.675482395153653e6 6.449727225407871e6 1.1173523232577447e7 8.699866217221739e6 7.11114378388513e6 3.7926340406427304e6 7.543179994301989e6 593336.2551042907 3.784393638388898e6 2.6259647049085097e6 9.228740525828842e6 8.82191986725333e6 9.7832531074855e6 1.9279066255947072e6 6.405671081792953e6 2.40554200172207e6 1.590678896987979e6 320351.95366432145 2.436112642816952e6 1.1184214486581057e6 1.2709956202225175e6 2.20187592354534e6 1.7144123266253963e6 1.4013356361003339e6 747383.7398540375 1.4864735205451502e6 116923.98068960101 745759.8703774753 517477.6424109265 1.8186333124741942e6 1.7384644530488534e6 1.9279066255947072e6 379916.97814381425 1.262313832044272e6 7.992664495209204e6 5.285196739085361e6 1.0644028182383636e6 8.094238642532313e6 3.716072052356911e6 4.223015669668868e6 7.315962682995439e6 5.696313979701189e6 4.656083982949556e6 2.4832605198960104e6 4.938963494391123e6 388492.13542199216 2.477865043990422e6 1.719373503601889e6 6.042599088276745e6 5.776229681344074e6 6.405671081792953e6 1.262313832044272e6 4.194169521866204e6
5576.3704162981085 220966.72829161357 177933.3915532943 57306.411899296705 192937.38531572506 266139.63152234734 190943.57756341083 128182.06653613654 137075.49547430035 134235.1970247204 95413.51006813708 261374.59841263187 183652.98750567704 21942.489685072567 174168.39105295925 74888.43361366386 247778.38308650654 155297.164816739 214993.87402155853 220966.72829161357 8.75592748810135e6 7.050707978517507e6 2.270797920903797e6 7.64524943926807e6 1.0545928490394035e7 7.566243716372819e6 5.079284508318401e6 5.431691495131265e6 5.319143115285282e6 3.7808125322799734e6 1.0357111446716722e7 7.2773500970278075e6 869483.1573799389 6.901517774053362e6 2.967495149556501e6 9.81835397662803e6 6.153735110964661e6 8.51924987020867e6 177933.3915532943 7.050707978517507e6 5.6775804808669295e6 1.8285593434019133e6 6.156334813468471e6 8.49210574769388e6 6.092715478849371e6 4.090092323928847e6 4.373867944156781e6 4.283238395108133e6 3.044498155432512e6 8.340060880014831e6 5.860083978688289e6 700151.0511886012 5.557445113555877e6 2.3895745774074458e6 7.906226589129908e6 4.95529334882263e6 6.860123397834291e6 57306.411899296705 2.270797920903797e6 1.8285593434019133e6 588917.9877960772 1.982750148978838e6 2.735024076264906e6 1.9622604828031145e6 1.3172823457985658e6 1.4086770100479098e6 1.379488254510286e6 980531.3314089664 2.6860554946045047e6 1.887337634131457e6 225495.3057482858 1.7898677477283801e6 769602.2865724085 2.5463319365221295e6 1.5959347441788113e6 2.209416982863194e6 192937.38531572506 7.64524943926807e6 6.156334813468471e6 1.982750148978838e6 6.675459460811855e6 9.208191135355016e6 6.606475511426173e6 4.434983854294656e6 4.742688471765104e6 4.64441670797111e6 3.3012213648035843e6 9.043325288845904e6 6.354227673112417e6 759190.3462477674 6.026069192998935e6 2.5910722375222747e6 8.57290850527907e6 5.3731417911397675e6 7.43859407032626e6 266139.63152234734 1.0545928490394035e7 8.49210574769388e6 2.735024076264906e6 9.208191135355016e6 1.2701864865331475e7 9.11303403119701e6 6.117658155561927e6 6.542108779153099e6 6.406551790224356e6 4.553735587142938e6 1.247444737665372e7 8.765081006793397e6 1.0472342551707437e6 8.312416134013982e6 3.5741492475059396e6 1.1825550071263516e7 7.411761976929376e6 1.0260866144118913e7 190943.57756341083 7.566243716372819e6 6.092715478849371e6 1.9622604828031145e6 6.606475511426173e6 9.11303403119701e6 6.538204439603568e6 4.389152896361795e6 4.6936777057782905e6 4.596421478730405e6 3.2671066662008236e6 8.94987190220394e6 6.288563321053902e6 751344.9014919266 5.9637960184489535e6 2.564296193545499e6 8.484316388153946e6 5.317615944036952e6 7.361723916315076e6 128182.06653613654 5.079284508318401e6 4.090092323928847e6 1.3172823457985658e6 4.434983854294656e6 6.117658155561927e6 4.389152896361795e6 2.9464761045020516e6 3.1509062292574462e6 3.085617287227617e6 2.1932368158784197e6 6.008126014488359e6 4.221566665515869e6 504384.29709761596 4.0035475809124904e6 1.7214340984590235e6 5.695594592171189e6 3.5697613370934334e6 4.941988606809208e6 137075.49547430035 5.431691495131265e6 4.373867944156781e6 1.4086770100479098e6 4.742688471765104e6 6.542108779153099e6 4.6936777057782905e6 3.1509062292574462e6 3.3695199667167254e6 3.2997011978391875e6 2.3454062752550202e6 6.424977163836322e6 4.514464136761601e6 539379.0980473943 4.281318620758888e6 1.8408693068316507e6 6.09076192824924e6 3.817435755485611e6 5.284869835639157e6 134235.1970247204 5.319143115285282e6 4.283238395108133e6 1.379488254510286e6 4.64441670797111e6 6.406551790224356e6 4.596421478730405e6 3.085617287227617e6 3.2997011978391875e6 3.231329121824647e6 2.296807845723968e6 6.291847222457031e6 4.420921337999788e6 528202.7925332766 4.1926067572808606e6 1.802725229949189e6 5.9645571561876265e6 3.7383358637058316e6 5.175363701457706e6 95413.51006813708 3.7808125322799734e6 3.044498155432512e6 980531.3314089664 3.3012213648035843e6 4.553735587142938e6 3.2671066662008236e6 2.1932368158784197e6 2.3454062752550202e6 2.296807845723968e6 1.6325561653714606e6 4.472204322064127e6 3.1423623009694275e6 375443.129525193 2.980077773297328e6 1.281365436862031e6 4.239568659247271e6 2.657184959501252e6 3.678615054622143e6 261374.59841263187 1.0357111446716722e7 8.340060880014831e6 2.6860554946045047e6 9.043325288845904e6 1.247444737665372e7 8.94987190220394e6 6.008126014488359e6 6.424977163836322e6 6.291847222457031e6 4.472204322064127e6 1.2251101629779613e7 8.608148719152495e6 1.0284843009795065e6 8.163588475864228e6 3.510156750762739e6 1.1613822350338057e7 7.279059864811088e6 1.0077152930752644e7 183652.98750567704 7.2773500970278075e6 5.860083978688289e6 1.887337634131457e6 6.354227673112417e6 8.765081006793397e6 6.288563321053902e6 4.221566665515869e6 4.514464136761601e6 4.420921337999788e6 3.1423623009694275e6 8.608148719152495e6 6.048453976655139e6 722657.1197993116 5.736086909227842e6 2.4663864729237673e6 8.16036900277723e6 5.114579222785787e6 7.080639253102226e6 21942.489685072567 869483.1573799389 700151.0511886012 225495.3057482858 759190.3462477674 1.0472342551707437e6 751344.9014919266 504384.29709761596 539379.0980473943 528202.7925332766 375443.129525193 1.0284843009795065e6 722657.1197993116 86341.61966219298 685336.1306443275 294678.8967419295 974984.4807958284 611079.6419034266 845980.5412646112 174168.39105295925 6.901517774053362e6 5.557445113555877e6 1.7898677477283801e6 6.026069192998935e6 8.312416134013982e6 5.9637960184489535e6 4.0035475809124904e6 4.281318620758888e6 4.1926067572808606e6 2.980077773297328e6 8.163588475864228e6 5.736086909227842e6 685336.1306443275 5.4398517633113535e6 2.339012120293643e6 7.738933947743254e6 4.850441292810219e6 6.714965888050804e6 74888.43361366386 2.967495149556501e6 2.3895745774074458e6 769602.2865724085 2.5910722375222747e6 3.5741492475059396e6 2.564296193545499e6 1.7214340984590235e6 1.8408693068316507e6 1.802725229949189e6 1.281365436862031e6 3.510156750762739e6 2.4663864729237673e6 294678.8967419295 2.339012120293643e6 1.005721835249103e6 3.3275649943270986e6 2.0855790683806762e6 2.887282095707032e6 247778.38308650654 9.81835397662803e6 7.906226589129908e6 2.5463319365221295e6 8.57290850527907e6 1.1825550071263516e7 8.484316388153946e6 5.695594592171189e6 6.09076192824924e6 5.9645571561876265e6 4.239568659247271e6 1.1613822350338057e7 8.16036900277723e6 974984.4807958284 7.738933947743254e6 3.3275649943270986e6 1.1009693141174126e7 6.900416852464922e6 9.552958376450514e6 155297.164816739 6.153735110964661e6 4.95529334882263e6 1.5959347441788113e6 5.3731417911397675e6 7.411761976929376e6 5.317615944036952e6 3.5697613370934334e6 3.817435755485611e6 3.7383358637058316e6 2.657184959501252e6 7.279059864811088e6 5.114579222785787e6 611079.6419034266 4.850441292810219e6 2.0855790683806762e6 6.900416852464922e6 4.324893721125449e6 5.9873962086399365e6 214993.87402155853 8.51924987020867e6 6.860123397834291e6 2.209416982863194e6 7.43859407032626e6 1.0260866144118913e7 7.361723916315076e6 4.941988606809208e6 5.284869835639157e6 5.175363701457706e6 3.678615054622143e6 1.0077152930752644e7 7.080639253102226e6 845980.5412646112 6.714965888050804e6 2.887282095707032e6 9.552958376450514e6 5.9873962086399365e6 8.288969780720315e6
6.161482347741824e6 607174.080951405 7.311672234496275e6 1.2113614284505697e6 1.6717511940210825e6 9.499067789417956e6 8.064773882989118e6 4.955127606952923e6 960088.2348947536 4.39738232971141e6 319520.5204387334 8.290960673537919e6 8.461645479802234e6 9.527894914195213e6 1.7310637161097713e6 4.1062210162032875e6 6.999831779249955e6 4.289946771037383e6 7.557322620619375e6 607174.080951405 59833.06350204783 720517.8264975859 119371.80381422635 164740.22605634455 936071.4564164509 794731.1043225586 488295.6536995084 94610.46202106311 433333.477878585 31486.672750690424 817020.3439769008 833840.2234355974 938912.1823984893 170585.09001206266 404641.42084417836 689787.974307545 422746.4011139635 744725.0771252397 7.311672234496275e6 720517.8264975859 8.676572916628899e6 1.4374913734172892e6 1.9838240375369685e6 1.1272298821880098e7 9.570259224933684e6 5.880122168234729e6 1.1393119534488765e6 5.218260228628134e6 379166.76309231203 9.838669257281113e6 1.0041216515940478e7 1.1306507227575114e7 2.0542086781864306e6 4.87274660518701e6 8.306519888877737e6 5.090769221266509e6 8.968079895995291e6 1.2113614284505697e6 119371.80381422635 1.4374913734172892e6 238156.40904588552 328670.0829623441 1.8675383092763973e6 1.5855528685575158e6 974189.34557416 188755.52830025362 864535.3568715134 62818.460268702824 1.6300217054756747e6 1.6635787261830256e6 1.8732057875028176e6 340331.0595629981 807292.3811174714 1.3761828314145186e6 843413.2819426692 1.4857867974466337e6 1.6717511940210825e6 164740.22605634455 1.9838240375369685e6 328670.0829623441 453584.3644403507 2.5773145199169e6 2.188157752872301e6 1.344439540021787e6 260493.91403988018 1.1931104798111632e6 86693.23085108875 2.2495274064444383e6 2.29583810126907e6 2.58513597870664e6 469677.2093153356 1.1141117509276269e6 1.8992145841652197e6 1.1639607535996693e6 2.0504746100998423e6 9.499067789417956e6 936071.4564164509 1.1272298821880098e7 1.8675383092763973e6 2.5773145199169e6 1.464457475903145e7 1.2433344688379703e7 7.639248217746329e6 1.4801540785766179e6 6.7793804296504045e6 492600.14270267484 1.2782053576149445e7 1.3045195861369595e7 1.4689017118349986e7 2.6687557732198974e6 6.3305012641224405e6 1.0791538924068592e7 6.613748590225822e6 1.1651014452078283e7 8.064773882989118e6 794731.1043225586 9.570259224933684e6 1.5855528685575158e6 2.188157752872301e6 1.2433344688379703e7 1.0555995150676794e7 6.485774275743616e6 1.2566609924610255e6 5.755740609915388e6 418220.90900865826 1.0852051394636279e7 1.107546100454744e7 1.247107655709316e7 2.265792005813135e6 5.374639111218778e6 9.16209076526883e6 5.615118039112084e6 9.89179139958608e6 4.955127606952923e6 488295.6536995084 5.880122168234729e6 974189.34557416 1.344439540021787e6 7.639248217746329e6 6.485774275743616e6 3.984964691197363e6 772112.8535864853 3.5364201908759554e6 256961.69565335172 6.667676023881742e6 6.804942504230857e6 7.662431288597e6 1.3921392815859874e6 3.302265261718439e6 5.629336860163186e6 3.4500194073130214e6 6.077676740533931e6 960088.2348947536 94610.46202106311 1.1393119534488765e6 188755.52830025362 260493.91403988018 1.4801540785766179e6 1.2566609924610255e6 772112.8535864853 149601.89233052838 685204.4363378432 49788.00151770404 1.2919056404594244e6 1.3185019147195816e6 1.4846459494905432e6 269736.04952374724 639835.3943153333 1.0907206672373784e6 668463.7219982035 1.1775894380383731e6 4.39738232971141e6 433333.477878585 5.218260228628134e6 864535.3568715134 1.1931104798111632e6 6.7793804296504045e6 5.755740609915388e6 3.5364201908759554e6 685204.4363378432 3.138363507727183e6 228038.28871999128 5.917167639944609e6 6.038983512920695e6 6.7999540322280945e6 1.2354411758747506e6 2.9305648737530992e6 4.995703118147748e6 3.061687928599867e6 5.393578213207025e6 319520.5204387334 31486.672750690424 379166.76309231203 62818.460268702824 86693.23085108875 492600.14270267484 418220.90900865826 256961.69565335172 49788.00151770404 228038.28871999128 16569.610561142992 429950.44371372927 438801.77121100697 494095.05210786965 89769.04391955554 212939.32240422527 362995.423318747 222466.9239600594 391905.6357840102 8.290960673537919e6 817020.3439769008 9.838669257281113e6 1.6300217054756747e6 2.2495274064444383e6 1.2782053576149445e7 1.0852051394636279e7 6.667676023881742e6 1.2919056404594244e6 5.917167639944609e6 429950.44371372927 1.1156410910654558e7 1.1386086325829046e7 1.2820843682875466e7 2.329339010265051e6 5.52537766738448e6 9.419053196575694e6 5.77260113116732e6 1.0169219208711628e7 8.461645479802234e6 833840.2234355974 1.0041216515940478e7 1.6635787261830256e6 2.29583810126907e6 1.3045195861369595e7 1.107546100454744e7 6.804942504230857e6 1.3185019147195816e6 6.038983512920695e6 438801.77121100697 1.1386086325829046e7 1.1620490035502365e7 1.3084784534403214e7 2.377292775015131e6 5.639127816954573e6 9.612961880183617e6 5.891440834370738e6 1.0378571451333908e7 9.527894914195213e6 938912.1823984893 1.1306507227575114e7 1.8732057875028176e6 2.58513597870664e6 1.4689017118349986e7 1.247107655709316e7 7.662431288597e6 1.4846459494905432e6 6.7999540322280945e6 494095.05210786965 1.2820843682875466e7 1.3084784534403214e7 1.4733594348317504e7 2.6768547317051007e6 6.349712638742456e6 1.0824288352328205e7 6.633819544563914e6 1.168637215820665e7 1.7310637161097713e6 170585.09001206266 2.0542086781864306e6 340331.0595629981 469677.2093153356 2.6687557732198974e6 2.265792005813135e6 1.3921392815859874e6 269736.04952374724 1.2354411758747506e6 89769.04391955554 2.329339010265051e6 2.377292775015131e6 2.6768547317051007e6 486341.01667596505 1.1536396292820713e6 1.9665973426626178e6 1.2052572384804073e6 2.1232239648117186e6 4.1062210162032875e6 404641.42084417836 4.87274660518701e6 807292.3811174714 1.1141117509276269e6 6.3305012641224405e6 5.374639111218778e6 3.302265261718439e6 639835.3943153333 2.9305648737530992e6 212939.32240422527 5.52537766738448e6 5.639127816954573e6 6.349712638742456e6 1.1536396292820713e6 2.7365250896302764e6 4.664925538961909e6 2.85896617006185e6 5.036456362224099e6 6.999831779249955e6 689787.974307545 8.306519888877737e6 1.3761828314145186e6 1.8992145841652197e6 1.0791538924068592e7 9.16209076526883e6 5.629336860163186e6 1.0907206672373784e6 4.995703118147748e6 362995.423318747 9.419053196575694e6 9.612961880183617e6 1.0824288352328205e7 1.9665973426626178e6 4.664925538961909e6 7.952249503036419e6 4.873649561002762e6 8.58559418988579e6 4.289946771037383e6 422746.4011139635 5.090769221266509e6 843413.2819426692 1.1639607535996693e6 6.613748590225822e6 5.615118039112084e6 3.4500194073130214e6 668463.7219982035 3.061687928599867e6 222466.9239600594 5.77260113116732e6 5.891440834370738e6 6.633819544563914e6 1.2052572384804073e6 2.85896617006185e6 4.873649561002762e6 2.9868856647911984e6 5.261803888133502e6 7.557322620619375e6 744725.0771252397 8.968079895995291e6 1.4857867974466337e6 2.0504746100998423e6 1.1651014452078283e7 9.89179139958608e6 6.077676740533931e6 1.1775894380383731e6 5.393578213207025e6 391905.6357840102 1.0169219208711628e7 1.0378571451333908e7 1.168637215820665e7 2.1232239648117186e6 5.036456362224099e6 8.58559418988579e6 5.261803888133502e6 9.269380640692284e6
1.3766256031089783e7 1.3733798170395004e7 1.5019611295768965e7 6.700468059488785e6 1.3392430039480997e7 1.2607000295374779e7 5.090629664130851e6 1.2839378205392677e7 1.110659395902463e7 8.112516241642589e6 4.430287352063375e6 5.165584933184295e6 9.601326769726029e6 1.9271118020378146e6 7.153754516408353e6 1.84527989126816e6 1.3722664530630907e7 1.21482864409034e7 5.054297082076023e6 1.3733798170395004e7 1.3701416838330703e7 1.4984198293858582e7 6.684669801896195e6 1.3360853579795491e7 1.257727570951482e7 5.078627058039992e6 1.280910572257258e7 1.1080407007488834e7 8.093388679184016e6 4.419841690629622e6 5.153405598745817e6 9.578688913356584e6 1.9225680883169202e6 7.136887507178404e6 1.8409291195319379e6 1.3690309449286314e7 1.2119643403312886e7 5.04238014037237e6 1.5019611295768965e7 1.4984198293858582e7 1.6387078880889617e7 7.31051533009081e6 1.4611750140670653e7 1.3754810575550798e7 5.554108439744275e6 1.4008345441843396e7 1.211779903757027e7 8.851124104106788e6 4.833644950833144e6 5.6358880465749195e6 1.0475484087994985e7 2.1025666037830845e6 7.805071465992437e6 2.0132842681520677e6 1.4972050986617878e7 1.3254332902130784e7 5.514467940642507e6 6.700468059488785e6 6.684669801896195e6 7.31051533009081e6 3.2613277070276365e6 6.518515238698258e6 6.1362219774461975e6 2.477768929341543e6 6.249327585847585e6 5.405927211006865e6 3.948615791864437e6 2.1563596398190646e6 2.514252006879018e6 4.673266515163822e6 937985.6837949607 3.481956425506292e6 898155.5293128199 6.679250710644608e6 5.912951574557493e6 2.460084723481407e6 1.3392430039480997e7 1.3360853579795491e7 1.4611750140670653e7 6.518515238698258e6 1.3028755382533332e7 1.2264654171927178e7 4.952392391933599e6 1.249072180394035e7 1.0804991730303053e7 7.892218913042464e6 4.309981834081094e6 5.02531223263841e6 9.340600433360724e6 1.8747806178210736e6 6.95949259292076e6 1.7951708722588378e6 1.3350022276695454e7 1.1818396802438002e7 4.917046429877969e6 1.2607000295374779e7 1.257727570951482e7 1.3754810575550798e7 6.1362219774461975e6 1.2264654171927178e7 1.1545365427508892e7 4.661947993296238e6 1.1758174805281471e7 1.0171308234120265e7 7.429361652408873e6 4.05721307448592e6 4.730591282870582e6 8.792799519968217e6 1.7648298130328811e6 6.551337204372715e6 1.689888963399239e6 1.2567079633001527e7 1.112527984390847e7 4.628674976169251e6 5.090629664130851e6 5.078627058039992e6 5.554108439744275e6 2.477768929341543e6 4.952392391933599e6 4.661947993296238e6 1.8824661054395265e6 4.747879119330379e6 4.1071120969694345e6 2.999930826303236e6 1.6382778414191797e6 1.9101838462155685e6 3.550478703766467e6 712627.4917010787 2.64538992075215e6 682366.8346643567 5.07450994466328e6 4.4923200022399835e6 1.8690306644913799e6 1.2839378205392677e7 1.280910572257258e7 1.4008345441843396e7 6.249327585847585e6 1.249072180394035e7 1.1758174805281471e7 4.747879119330379e6 1.1974906781394681e7 1.0358790370569475e7 7.566302993973469e6 4.1319974540097485e6 4.817787672948058e6 8.954872362657545e6 1.7973599513593088e6 6.672094403683098e6 1.7210377582177094e6 1.2798721707382757e7 1.1330346014918251e7 4.713992798959258e6 1.110659395902463e7 1.1080407007488834e7 1.211779903757027e7 5.405927211006865e6 1.0804991730303053e7 1.0171308234120265e7 4.1071120969694345e6 1.0358790370569475e7 8.960782735120835e6 6.545165488599732e6 3.574348946441543e6 4.1675858914845106e6 7.74633550752134e6 1.5547908051789936e6 5.77163801957825e6 1.4887689468206218e6 1.107142440424024e7 9.80121860964381e6 4.0777990262656375e6 8.112516241642589e6 8.093388679184016e6 8.851124104106788e6 3.948615791864437e6 7.892218913042464e6 7.429361652408873e6 2.999930826303236e6 7.566302993973469e6 6.545165488599732e6 4.780742100269133e6 2.610788148759476e6 3.0441023015554375e6 5.658104802410396e6 1.1356556029602822e6 4.215739528018392e6 1.0874316919924633e6 8.086827575481539e6 7.159039526606383e6 2.9785198732194826e6 4.430287352063375e6 4.419841690629622e6 4.833644950833144e6 2.1563596398190646e6 4.309981834081094e6 4.05721307448592e6 1.6382778414191797e6 4.1319974540097485e6 3.574348946441543e6 2.610788148759476e6 1.4257649993960583e6 1.6624001140042618e6 3.089920487813082e6 620187.4368236866 2.3022373027375136e6 593852.1079979535 4.41625863774161e6 3.9095887543300847e6 1.6265852084780382e6 5.165584933184295e6 5.153405598745817e6 5.6358880465749195e6 2.514252006879018e6 5.02531223263841e6 4.730591282870582e6 1.9101838462155685e6 4.817787672948058e6 4.1675858914845106e6 3.0441023015554375e6 1.6624001140042618e6 1.9383097075689253e6 3.602756536582415e6 723120.3361819304 2.684341077356291e6 692414.1162503265 5.1492278643141e6 4.558465661354543e6 1.8965505796235304e6 9.601326769726029e6 9.578688913356584e6 1.0475484087994985e7 4.673266515163822e6 9.340600433360724e6 8.792799519968217e6 3.550478703766467e6 8.954872362657545e6 7.74633550752134e6 5.658104802410396e6 3.089920487813082e6 3.602756536582415e6 6.696481275000662e6 1.3440713358355206e6 4.989412850329112e6 1.286997363528446e6 9.570923714651134e6 8.472867826076018e6 3.5251384084887635e6 1.9271118020378146e6 1.9225680883169202e6 2.1025666037830845e6 937985.6837949607 1.8747806178210736e6 1.7648298130328811e6 712627.4917010787 1.7973599513593088e6 1.5547908051789936e6 1.1356556029602822e6 620187.4368236866 723120.3361819304 1.3440713358355206e6 269772.6883159996 1.0014403862834814e6 258317.19593874333 1.921009511421316e6 1.7006153395613984e6 707541.3631619727 7.153754516408353e6 7.136887507178404e6 7.805071465992437e6 3.481956425506292e6 6.95949259292076e6 6.551337204372715e6 2.64538992075215e6 6.672094403683098e6 5.77163801957825e6 4.215739528018392e6 2.3022373027375136e6 2.684341077356291e6 4.989412850329112e6 1.0014403862834814e6 3.717510669964027e6 958915.7230829233 7.131101814571308e6 6.312962565636322e6 2.6265093789127055e6 1.84527989126816e6 1.8409291195319379e6 2.0132842681520677e6 898155.5293128199 1.7951708722588378e6 1.689888963399239e6 682366.8346643567 1.7210377582177094e6 1.4887689468206218e6 1.0874316919924633e6 593852.1079979535 692414.1162503265 1.286997363528446e6 258317.19593874333 958915.7230829233 247348.14385470035 1.8394367252653406e6 1.6284012611808209e6 677496.6809412085 1.3722664530630907e7 1.3690309449286314e7 1.4972050986617878e7 6.679250710644608e6 1.3350022276695454e7 1.2567079633001527e7 5.07450994466328e6 1.2798721707382757e7 1.107142440424024e7 8.086827575481539e6 4.41625863774161e6 5.1492278643141e6 9.570923714651134e6 1.921009511421316e6 7.131101814571308e6 1.8394367252653406e6 1.3679211064718822e7 1.2109818317633918e7 5.038292411446984e6 1.21482864409034e7 1.2119643403312886e7 1.3254332902130784e7 5.912951574557493e6 1.1818396802438002e7 1.112527984390847e7 4.4923200022399835e6 1.1330346014918251e7 9.80121860964381e6 7.159039526606383e6 3.9095887543300847e6 4.558465661354543e6 8.472867826076018e6 1.7006153395613984e6 6.312962565636322e6 1.6284012611808209e6 1.2109818317633918e7 1.0720479345795982e7 4.460257645347676e6 5.054297082076023e6 5.04238014037237e6 5.514467940642507e6 2.460084723481407e6 4.917046429877969e6 4.628674976169251e6 1.8690306644913799e6 4.713992798959258e6 4.0777990262656375e6 2.9785198732194826e6 1.6265852084780382e6 1.8965505796235304e6 3.5251384084887635e6 707541.3631619727 2.6265093789127055e6 677496.6809412085 5.038292411446984e6 4.460257645347676e6 1.855691114286206e6
