799315.3959274373 207090.4503405223 2.620014415892497e6 2.7852033203943847e6 874531.278278963 1.240424979998349e6 3.590759635819199e6 2.098742120255526e6 3.5798596917360486e6 1.3466674957166505e6 3.1535908718046024e6 207090.4503405223 53653.98294684369 678805.8481674657 721603.7784949067 226577.74037434423 321375.2281393705 930311.156065701 543752.1321956316 927487.1464940512 348901.04653035075 817047.3847485636 2.620014415892497e6 678805.8481674657 8.587943600810695e6 9.129403596884292e6 2.866558767557858e6 4.065893570907608e6 1.1769874642456215e7 6.879305263387476e6 1.173414655467537e7 4.414137736078055e6 1.0336912798193017e7 2.7852033203943847e6 721603.7784949067 9.129403596884292e6 9.705002024807898e6 3.0472920107151708e6 4.322243498116197e6 1.2511951741924994e7 7.313037571614468e6 1.2473971039179642e7 4.692444058562463e6 1.0988643296585478e7 874531.278278963 226577.74037434423 2.866558767557858e6 3.0472920107151708e6 956825.0037281486 1.3571494417525162e6 3.9286514813866303e6 2.2962345509126e6 3.916725848425255e6 1.4733894185527803e6 3.450344970633487e6 1.240424979998349e6 321375.2281393705 4.065893570907608e6 4.322243498116197e6 1.3571494417525162e6 1.924964962320812e6 5.572353506680426e6 3.2569523442233144e6 5.555438327778314e6 2.0898383916408352e6 4.893929122361502e6 3.590759635819199e6 930311.156065701 1.1769874642456215e7 1.2511951741924994e7 3.9286514813866303e6 5.572353506680426e6 1.6130747422008768e7 9.428166315579489e6 1.608178167025936e7 6.049626106448786e6 1.4166856872843007e7 2.098742120255526e6 543752.1321956316 6.879305263387476e6 7.313037571614468e6 2.2962345509126e6 3.2569523442233144e6 9.428166315579489e6 5.510613845019103e6 9.399546609425582e6 3.5359106175607033e6 8.280303402676489e6 3.5798596917360486e6 927487.1464940512 1.173414655467537e7 1.2473971039179642e7 3.916725848425255e6 5.555438327778314e6 1.608178167025936e7 9.399546609425582e6 1.6032964556684095e7 6.031262140889389e6 1.4123852616526987e7 1.3466674957166505e6 348901.04653035075 4.414137736078055e6 4.692444058562463e6 1.4733894185527803e6 2.0898383916408352e6 6.049626106448786e6 3.5359106175607033e6 6.031262140889389e6 2.268833245624594e6 5.313094610069946e6 3.1535908718046024e6 817047.3847485636 1.0336912798193017e7 1.0988643296585478e7 3.450344970633487e6 4.893929122361502e6 1.4166856872843007e7 8.280303402676489e6 1.4123852616526987e7 5.313094610069946e6 1.2442066595239386e7
70889.24243471576 842342.2252026781 502440.4827471325 1.0039282532807322e6 265404.8733124476 970351.7225053947 681982.7976753344 752240.1491030258 256047.04335681838 748251.1032537383 896874.5834745812 842342.2252026781 1.0009141020414183e7 5.9702547203673525e6 1.1929188827079339e7 3.153676409668609e6 1.1530215320289072e7 8.1036683086694125e6 8.93850208183252e6 3.042481889355428e6 8.891102199400164e6 1.065712238450631e7 502440.4827471325 5.9702547203673525e6 3.561138898270182e6 7.1155252743233675e6 1.881105624641909e6 6.877545465930425e6 4.833677922356104e6 5.331639761916926e6 1.814780291786195e6 5.303366669225009e6 6.356762792317867e6 1.0039282532807322e6 1.1929188827079339e7 7.1155252743233675e6 1.4217558308138002e7 3.758644354566771e6 1.3742049941356476e7 9.65819037307717e6 1.0653169832250956e7 3.626119452914665e6 1.0596677257437224e7 1.2701472086243926e7 265404.8733124476 3.153676409668609e6 1.881105624641909e6 3.758644354566771e6 993659.1838016418 3.6329359312484274e6 2.5533007802274236e6 2.816339893279123e6 958624.0559239466 2.8014051560481153e6 3.3578421355460198e6 970351.7225053947 1.1530215320289072e7 6.877545465930425e6 1.3742049941356476e7 3.6329359312484274e6 1.3282445023112228e7 9.33517074967684e6 1.0296872971834332e7 3.5048433447784865e6 1.0242269799645351e7 1.2276669450196782e7 681982.7976753344 8.1036683086694125e6 4.833677922356104e6 9.65819037307717e6 2.5533007802274236e6 9.33517074967684e6 6.560946630984278e6 7.236850385041771e6 2.4632747221948896e6 7.198474172306e6 8.628291354152735e6 752240.1491030258 8.93850208183252e6 5.331639761916926e6 1.0653169832250956e7 2.816339893279123e6 1.0296872971834332e7 7.236850385041771e6 7.982385232056421e6 2.71703941891468e6 7.940055530942598e6 9.517171396223545e6 256047.04335681838 3.042481889355428e6 1.814780291786195e6 3.626119452914665e6 958624.0559239466 3.5048433447784865e6 2.4632747221948896e6 2.71703941891468e6 924824.2209972108 2.70263126105539e6 3.239448997808511e6 748251.1032537383 8.891102199400164e6 5.303366669225009e6 1.0596677257437224e7 2.8014051560481153e6 1.0242269799645351e7 7.198474172306e6 7.940055530942598e6 2.70263126105539e6 7.8979502995260265e6 9.466702894774463e6 896874.5834745812 1.065712238450631e7 6.356762792317867e6 1.2701472086243926e7 3.3578421355460198e6 1.2276669450196782e7 8.628291354152735e6 9.517171396223545e6 3.239448997808511e6 9.466702894774463e6 1.1347053387169251e7
1.3882285217363963e7 1.103200949307506e7 1.4834725902140802e7 1.4468678641975366e7 5.240340532846671e6 5.5213334637142625e6 7.2293520719976e6 1.1102750062459778e7 7.865627379588096e6 4.863710342760336e6 1.1940067871754514e7 1.103200949307506e7 8.766945178670537e6 1.1788897462997075e7 1.1498006101392707e7 4.164407055475267e6 4.387707227765408e6 5.745039771067571e6 8.823161473090248e6 6.250676640188208e6 3.8651056243813396e6 9.488563305441765e6 1.4834725902140802e7 1.1788897462997075e7 1.5852511970895456e7 1.5461350812141005e7 5.5998716509168735e6 5.900143043169067e6 7.72534599015553e6 1.186449142613443e7 8.405275096827324e6 5.197401484880125e6 1.2759256228858104e7 1.4468678641975366e7 1.1498006101392707e7 1.5461350812141005e7 1.5079841565487238e7 5.461694667491759e6 5.754556855073436e6 7.534722870309521e6 1.157173478145884e7 8.197874708008114e6 5.069155463614198e6 1.244442123863774e7 5.240340532846671e6 4.164407055475267e6 5.5998716509168735e6 5.461694667491759e6 1.9781446980967727e6 2.0842150332046426e6 2.728964727055344e6 4.1911104884662353e6 2.9691484743425287e6 1.8359728279687553e6 4.507184563175009e6 5.5213334637142625e6 4.387707227765408e6 5.900143043169067e6 5.754556855073436e6 2.0842150332046426e6 2.195972978526629e6 2.875294873366085e6 4.415842528752994e6 3.128357542294708e6 1.9344197481050608e6 4.748864849490243e6 7.2293520719976e6 5.745039771067571e6 7.72534599015553e6 7.534722870309521e6 2.728964727055344e6 2.875294873366085e6 3.764764270620572e6 5.7818786973573165e6 4.0961116058227597e6 2.532830430544001e6 6.217921117230233e6 1.1102750062459778e7 8.823161473090248e6 1.186449142613443e7 1.157173478145884e7 4.1911104884662353e6 4.415842528752994e6 5.7818786973573165e6 8.879738243330656e6 6.290757862457299e6 3.8898898464011303e6 9.549406832751201e6 7.865627379588096e6 6.250676640188208e6 8.405275096827324e6 8.197874708008114e6 2.9691484743425287e6 3.128357542294708e6 4.0961116058227597e6 6.290757862457299e6 4.456621738122863e6 2.7557518549288074e6 6.765177583928487e6 4.863710342760336e6 3.8651056243813396e6 5.197401484880125e6 5.069155463614198e6 1.8359728279687553e6 1.9344197481050608e6 2.532830430544001e6 3.8898898464011303e6 2.7557518549288074e6 1.7040190377795538e6 4.1832472602187335e6 1.1940067871754514e7 9.488563305441765e6 1.2759256228858104e7 1.244442123863774e7 4.507184563175009e6 4.748864849490243e6 6.217921117230233e6 9.549406832751201e6 6.765177583928487e6 4.1832472602187335e6 1.0269578714877851e7
1.3320514779589029e7 6.358963513765985e6 9.325330957251532e6 5.049521330736854e6 1.0116277355662111e7 1.4125711429397834e7 1.145715282036726e7 2.673468248249787e6 128827.62361061473 1.418510691802302e7 1.2390053726608069e6 6.358963513765985e6 3.0356497206374933e6 4.451737811350895e6 2.410546621917369e6 4.829320763065668e6 6.743349267790033e6 5.469429519945642e6 1.276263517374121e6 61499.8873287051 6.771703558243476e6 591477.8886911139 9.325330957251532e6 4.451737811350895e6 6.528411168878021e6 3.5350328695236156e6 7.082131280800928e6 9.889027283510849e6 8.02084181021635e6 1.8716225784933171e6 90188.72367050358 9.930608453455288e6 867394.0421265962 5.049521330736854e6 2.410546621917369e6 3.5350328695236156e6 1.9141651874172657e6 3.83486367759145e6 5.354754103337918e6 4.343160794701757e6 1.0134544475165914e6 48835.78781855516 5.377269658609249e6 469680.35107283853 1.0116277355662111e7 4.829320763065668e6 7.082131280800928e6 3.83486367759145e6 7.682816259736127e6 1.0727784701293923e7 8.701145380255155e6 2.0303679511164802e6 97838.25873702698 1.0772892660449386e7 940963.7842373931 1.4125711429397834e7 6.743349267790033e6 9.889027283510849e6 5.354754103337918e6 1.0727784701293923e7 1.4979580495820506e7 1.214971322212013e7 2.835073690117504e6 136614.97812735187 1.5042566314792985e7 1.3139005994346456e6 1.145715282036726e7 5.469429519945642e6 8.02084181021635e6 4.343160794701757e6 8.701145380255155e6 1.214971322212013e7 9.854450291244626e6 2.299485777196246e6 110806.36113652542 1.2200800075840067e7 1.0656850831007387e6 2.673468248249787e6 1.276263517374121e6 1.8716225784933171e6 1.0134544475165914e6 2.0303679511164802e6 2.835073690117504e6 2.299485777196246e6 536573.2925991543 25856.099927023926 2.846994547198195e6 248672.18557462978 128827.62361061473 61499.8873287051 90188.72367050358 48835.78781855516 97838.25873702698 136614.97812735187 110806.36113652542 25856.099927023926 1245.939581148099 137189.4138589573 11982.879073506834 1.418510691802302e7 6.771703558243476e6 9.930608453455288e6 5.377269658609249e6 1.0772892660449386e7 1.5042566314792985e7 1.2200800075840067e7 2.846994547198195e6 137189.4138589573 1.5105816975186942e7 1.3194252605108963e6 1.2390053726608069e6 591477.8886911139 867394.0421265962 469680.35107283853 940963.7842373931 1.3139005994346456e6 1.0656850831007387e6 248672.18557462978 11982.879073506834 1.3194252605108963e6 115245.86991447395
3.248854850975237e6 3.5984139481843454e6 2.299755218142849e6 4.6597863619560385e6 6.992947458111201e6 6.009526704930737e6 6.547641516992028e6 5.816084782405985e6 6.419001130778628e6 5.305073958528421e6 5.899262009687875e6 3.5984139481843454e6 3.9855837014696915e6 2.54719636117041e6 5.161154009508442e6 7.745350539324358e6 6.656119066235839e6 7.2521321029108055e6 6.4418638458255725e6 7.1096507113795215e6 5.875871038925559e6 6.533990489997629e6 2.299755218142849e6 2.54719636117041e6 1.6279194688515111e6 3.298506240782797e6 4.950072608556985e6 4.253942091036988e6 4.634855490915851e6 4.1170110519047403e6 4.543795282618342e6 3.7552836548229246e6 4.1758894171277243e6 4.6597863619560385e6 5.161154009508442e6 3.298506240782797e6 6.683465385519926e6 1.0029885202596912e7 8.619378786048543e6 9.391189216932226e6 8.341927784462302e6 9.206682138355287e6 7.608992218811592e6 8.461227699999351e6 6.992947458111201e6 7.745350539324358e6 4.950072608556985e6 1.0029885202596912e7 1.5051861777458226e7 1.293511296236641e7 1.4093369880506786e7 1.2518741883182755e7 1.3816479867549945e7 1.1418824525893236e7 1.2697775421698347e7 6.009526704930737e6 6.656119066235839e6 4.253942091036988e6 8.619378786048543e6 1.293511296236641e7 1.111604330566966e7 1.2111414130694479e7 1.0758226643310402e7 1.1873463261313545e7 9.812991065402374e6 1.091208262996446e7 6.547641516992028e6 7.2521321029108055e6 4.634855490915851e6 9.391189216932226e6 1.4093369880506786e7 1.2111414130694479e7 1.3195914068665922e7 1.1721557266923042e7 1.2936656215616593e7 1.0691681867888622e7 1.1889190076513076e7 5.816084782405985e6 6.4418638458255725e6 4.1170110519047403e6 8.341927784462302e6 1.2518741883182755e7 1.0758226643310402e7 1.1721557266923042e7 1.0411927816959988e7 1.1491265848260866e7 9.497118626421086e6 1.0560831300811142e7 6.419001130778628e6 7.1096507113795215e6 4.543795282618342e6 9.206682138355287e6 1.3816479867549945e7 1.1873463261313545e7 1.2936656215616593e7 1.1491265848260866e7 1.26824919569949e7 1.048162423397774e7 1.1655605204885932e7 5.305073958528421e6 5.875871038925559e6 3.7552836548229246e6 7.608992218811592e6 1.1418824525893236e7 9.812991065402374e6 1.0691681867888622e7 9.497118626421086e6 1.048162423397774e7 8.662686083685221e6 9.63293920402039e6 5.899262009687875e6 6.533990489997629e6 4.1758894171277243e6 8.461227699999351e6 1.2697775421698347e7 1.091208262996446e7 1.1889190076513076e7 1.0560831300811142e7 1.1655605204885932e7 9.63293920402039e6 1.071186428919717e7
1.3232055921869169e6 11268.679591024433 3.5019338401694954e6 3.1439440209677783e6 2.30033571614277e6 3.6973645751153054e6 588666.4165743657 730241.1450002245 3.952405065654452e6 1.0593710465592835e6 3.304196569006661e6 11268.679591024433 95.96629614850724 29823.158719133764 26774.446868720832 19590.112292497688 31487.485372033567 5013.199213743944 6218.877501560566 33659.46045103351 9021.812605821018 28139.189149254005 3.5019338401694954e6 29823.158719133764 9.26805380307969e6 8.320614743192797e6 6.0879605827519465e6 9.785271617270464e6 1.5579369199657068e6 1.932621954033554e6 1.0460249813936295e7 2.803681709892346e6 8.744731618351435e6 3.1439440209677783e6 26774.446868720832 8.320614743192797e6 7.47002889448397e6 5.465610758969706e6 8.784959282147422e6 1.398674757468882e6 1.735057118292324e6 9.390936939791702e6 2.5170716383625697e6 7.850789861053801e6 2.30033571614277e6 19590.112292497688 6.0879605827519465e6 5.465610758969706e6 3.9990341925751045e6 6.42770846643862e6 1.0233711155208799e6 1.2694926602182302e6 6.871085333128054e6 1.8416707648735705e6 5.744202885569979e6 3.6973645751153054e6 31487.485372033567 9.785271617270464e6 8.784959282147422e6 6.42770846643862e6 1.0331353556875292e7 1.6448799552040233e6 2.0404748564832772e6 1.1043999936627189e7 2.960145424550035e6 9.232744643462032e6 588666.4165743657 5013.199213743944 1.5579369199657068e6 1.398674757468882e6 1.0233711155208799e6 1.6448799552040233e6 261885.34272273077 324868.970174153 1.7583421205194793e6 471291.96058642154 1.4699677551390692e6 730241.1450002245 6218.877501560566 1.932621954033554e6 1.735057118292324e6 1.2694926602182302e6 2.0404748564832772e6 324868.970174153 403000.20873544744 2.1812247603020156e6 584638.0415767308 1.823496137035971e6 3.952405065654452e6 33659.46045103351 1.0460249813936295e7 9.390936939791702e6 6.871085333128054e6 1.1043999936627189e7 1.7583421205194793e6 2.1812247603020156e6 1.1805803947059097e7 3.164333279387398e6 9.869610085063176e6 1.0593710465592835e6 9021.812605821018 2.803681709892346e6 2.5170716383625697e6 1.8416707648735705e6 2.960145424550035e6 471291.96058642154 584638.0415767308 3.164333279387398e6 848142.5871495105 2.645371360289502e6 3.304196569006661e6 28139.189149254005 8.744731618351435e6 7.850789861053801e6 5.744202885569979e6 9.232744643462032e6 1.4699677551390692e6 1.823496137035971e6 9.869610085063176e6 2.645371360289502e6 8.250958906991338e6
3.528042817670526e6 4.037373317827623e6 1.670768501134549e6 1.7617379439045016e6 5.819085276091687e6 436883.43885601795 3.6640812411453286e6 843760.1904435576 3.2619233164815963e6 3.6146283190501244e6 1.1696156701955865e6 4.037373317827623e6 4.620233979549359e6 1.9119711736382402e6 2.0160735385918368e6 6.659165107119793e6 499954.6859815874 4.19305110563269e6 965570.7301736336 3.732835127964271e6 4.136458847977604e6 1.3384687610108606e6 1.670768501134549e6 1.9119711736382402e6 791222.649113573 834302.874439793 2.7557331039222595e6 206894.05600523038 1.7351919576037584e6 399577.9024119642 1.5447427970537592e6 1.711772631706721e6 553892.6598080349 1.7617379439045016e6 2.0160735385918368e6 834302.874439793 879728.7174202058 2.905776335355153e6 218158.9541490669 1.8296691071160503e6 421333.9859752582 1.6288504345723346e6 1.8049746536202733e6 584050.8215060127 5.819085276091687e6 6.659165107119793e6 2.7557331039222595e6 2.905776335355153e6 9.597886193678651e6 720587.0557132143 6.043464408640775e6 1.3916816644544895e6 5.3801529413441615e6 5.961897719772208e6 1.9291413616162215e6 436883.43885601795 499954.6859815874 206894.05600523038 218158.9541490669 720587.0557132143 54100.00643719073 453729.304208487 104484.23463697739 403929.41623368673 447605.4662102007 144835.4633270365 3.6640812411453286e6 4.19305110563269e6 1.7351919576037584e6 1.8296691071160503e6 6.043464408640775e6 453729.304208487 3.8053651941156406e6 876294.8880169078 3.3877003913082704e6 3.7540054081002027e6 1.2147150865201e6 843760.1904435576 965570.7301736336 399577.9024119642 421333.9859752582 1.3916816644544895e6 104484.23463697739 876294.8880169078 201792.12548429845 780115.5430829073 864467.8186978934 279723.11891656835 3.2619233164815963e6 3.732835127964271e6 1.5447427970537592e6 1.6288504345723346e6 5.3801529413441615e6 403929.41623368673 3.3877003913082704e6 780115.5430829073 3.0158771512959427e6 3.3419776923538954e6 1.0813918149815162e6 3.6146283190501244e6 4.136458847977604e6 1.711772631706721e6 1.8049746536202733e6 5.961897719772208e6 447605.4662102007 3.7540054081002027e6 864467.8186978934 3.3419776923538954e6 3.703338808542567e6 1.198320468991704e6 1.1696156701955865e6 1.3384687610108606e6 553892.6598080349 584050.8215060127 1.9291413616162215e6 144835.4633270365 1.2147150865201e6 279723.11891656835 1.0813918149815162e6 1.198320468991704e6 387750.62737768196
7.647469121817758e6 8.008793554525937e6 8.116201919091203e6 5.874571752078237e6 3.50328536785625e6 668424.8810187409 723930.2055698555 6.911538483946246e6 5.954592227535427e6 9.162943018746637e6 7.169317166251936e6 8.008793554525937e6 8.387189693388432e6 8.499672843582312e6 6.152131069011918e6 3.6688071343376874e6 700006.3411194547 758134.15810385 7.238091972698226e6 6.2359323185316175e6 9.595869930310162e6 7.508050074713193e6 8.116201919091203e6 8.499672843582312e6 8.61366453949175e6 6.234639168666991e6 3.7180106219193973e6 709394.3389212544 768301.7257266891 7.335164224101329e6 6.319564302214686e6 9.724563058529602e6 7.608742816273917e6 5.874571752078237e6 6.152131069011918e6 6.234639168666991e6 4.512681610162892e6 2.691125774246412e6 513465.28660263435 556102.9235128188 5.309250432323593e6 4.574151099901341e6 7.038716386609848e6 5.507268801700285e6 3.50328536785625e6 3.6688071343376874e6 3.7180106219193973e6 2.691125774246412e6 1.6048457565682174e6 306203.66919865453 331630.51149649074 3.1661574900780963e6 2.7277829423019583e6 4.197519949769421e6 3.2842452223044843e6 668424.8810187409 700006.3411194547 709394.3389212544 513465.28660263435 306203.66919865453 58423.488143318995 63274.91537604075 604101.0712430453 520459.4536838637 800884.4494204912 626632.144243101 723930.2055698555 758134.15810385 768301.7257266891 556102.9235128188 331630.51149649074 63274.91537604075 68529.2002083748 654265.0118341214 563677.8791386287 867389.0822601218 678667.0422968122 6.911538483946246e6 7.238091972698226e6 7.335164224101329e6 5.309250432323593e6 3.1661574900780963e6 604101.0712430453 654265.0118341214 6.246427864453473e6 5.381570383776315e6 8.281175417838208e6 6.479400009187447e6 5.954592227535427e6 6.2359323185316175e6 6.319564302214686e6 4.574151099901341e6 2.7277829423019583e6 520459.4536838637 563677.8791386287 5.381570383776315e6 4.636457896255926e6 7.134594257480278e6 5.5822860602479745e6 9.162943018746637e6 9.595869930310162e6 9.724563058529602e6 7.038716386609848e6 4.197519949769421e6 800884.4494204912 867389.0822601218 8.281175417838208e6 7.134594257480278e6 1.0978733411981536e7 8.590037256936839e6 7.169317166251936e6 7.508050074713193e6 7.608742816273917e6 5.507268801700285e6 3.2842452223044843e6 626632.144243101 678667.0422968122 6.479400009187447e6 5.5822860602479745e6 8.590037256936839e6 6.721061283356633e6
3.2887116223457237e6 6.760083254288722e6 6.680676779039695e6 1.9057579092318327e6 3.484365487500652e6 4.636158817260616e6 6.398464742384493e6 1.0913939199111671e6 5.000643297206017e6 3.974181569620271e6 2.540981913173132e6 6.760083254288722e6 1.3895631740529284e7 1.37324084344888e7 3.9173644905166067e6 7.162257895714809e6 9.52981689602574e6 1.315230987851058e7 2.243405506184698e6 1.0279029874319527e7 8.1690951847977545e6 5.223093798792938e6 6.680676779039695e6 1.37324084344888e7 1.357110241066565e7 3.8713496568590067e6 7.078127326174499e6 9.417876089823103e6 1.2997817910061387e7 2.217053623064417e6 1.0158288531262645e7 8.073137926551408e6 5.161741378585083e6 1.9057579092318327e6 3.9173644905166067e6 3.8713496568590067e6 1.104357458380364e6 2.019136321147691e6 2.6865828777493536e6 3.707812113073863e6 632446.0256185967 2.8977960396844065e6 2.3029772229238707e6 1.4724600190973105e6 3.484365487500652e6 7.162257895714809e6 7.078127326174499e6 2.019136321147691e6 3.6916593014701745e6 4.911975762080532e6 6.779125773713271e6 1.1563237354007056e6 5.298144355891603e6 4.210615794999108e6 2.692151425642118e6 4.636158817260616e6 9.52981689602574e6 9.417876089823103e6 2.6865828777493536e6 4.911975762080532e6 6.535680548217986e6 9.020036457674734e6 1.5385585986076065e6 7.049501195784596e6 5.602478733677412e6 3.5820701399336504e6 6.398464742384493e6 1.315230987851058e7 1.2997817910061387e7 3.707812113073863e6 6.779125773713271e6 9.020036457674734e6 1.2448750684420342e7 2.123398558011451e6 9.729171633355951e6 7.732104110396943e6 4.9436937772240555e6 1.0913939199111671e6 2.243405506184698e6 2.217053623064417e6 632446.0256185967 1.1563237354007056e6 1.5385585986076065e6 2.123398558011451e6 362190.67683698697 1.6595166487484272e6 1.3188744103421473e6 843251.8655020795 5.000643297206017e6 1.0279029874319527e7 1.0158288531262645e7 2.8977960396844065e6 5.298144355891603e6 7.049501195784596e6 9.729171633355951e6 1.6595166487484272e6 7.60371727821342e6 6.042933133135658e6 3.863684515873669e6 3.974181569620271e6 8.1690951847977545e6 8.073137926551408e6 2.3029772229238707e6 4.210615794999108e6 5.602478733677412e6 7.732104110396943e6 1.3188744103421473e6 6.042933133135658e6 4.802524806673091e6 3.0706016968639945e6 2.540981913173132e6 5.223093798792938e6 5.161741378585083e6 1.4724600190973105e6 2.692151425642118e6 3.5820701399336504e6 4.9436937772240555e6 843251.8655020795 3.863684515873669e6 3.0706016968639945e6 1.9632579029436857e6
18789.177317930385 641906.1370246556 669681.1429415195 648170.1792466319 688400.3569482346 720292.8774955275 645539.2118714565 68545.82207237113 523541.1771352244 607859.0890800237 503684.1279823763 641906.1370246556 2.1929831294779766e7 2.2878725780804817e7 2.214383359391348e7 2.3518241718510166e7 2.4607805370930213e7 2.2053950249057017e7 2.341772772225968e6 1.7886056898697153e7 2.0766661207371213e7 1.7207668404154092e7 669681.1429415195 2.2878725780804817e7 2.3868678528223015e7 2.310198786853038e7 2.4535866048935853e7 2.5672574657833558e7 2.300821530951749e7 2.4431002854758203e6 1.8659978984087024e7 2.166522581773899e7 1.795223690751217e7 648170.1792466319 2.214383359391348e7 2.310198786853038e7 2.235992423487796e7 2.374774452369324e7 2.484794068502484e7 2.226916376323495e7 2.3646249661424975e6 1.8060598017929055e7 2.09693127090618e7 1.737558946801089e7 688400.3569482346 2.3518241718510166e7 2.4535866048935853e7 2.374774452369324e7 2.522170308085932e7 2.6390185455432683e7 2.3651350793965567e7 2.5113908705784716e6 1.9181570705230102e7 2.227082148496159e7 1.8454045519137233e7 720292.8774955275 2.4607805370930213e7 2.5672574657833558e7 2.484794068502484e7 2.6390185455432683e7 2.7612801805626623e7 2.4747081183344927e7 2.6277397134193974e6 2.007022311755287e7 2.3302594093219608e7 1.9308992818277024e7 645539.2118714565 2.2053950249057017e7 2.300821530951749e7 2.226916376323495e7 2.3651350793965567e7 2.4747081183344927e7 2.217877169459395e7 2.3550267906329776e6 1.7987288807350192e7 2.088419682532658e7 1.7305060754289575e7 68545.82207237113 2.341772772225968e6 2.4431002854758203e6 2.3646249661424975e6 2.5113908705784716e6 2.6277397134193974e6 2.3550267906329776e6 250065.75030261622 1.9099591093445332e6 2.2175638805319653e6 1.8375175258157777e6 523541.1771352244 1.7886056898697153e7 1.8659978984087024e7 1.8060598017929055e7 1.9181570705230102e7 2.007022311755287e7 1.7987288807350192e7 1.9099591093445332e6 1.4587938551975293e7 1.6937370787682507e7 1.403464222015595e7 607859.0890800237 2.0766661207371213e7 2.166522581773899e7 2.09693127090618e7 2.227082148496159e7 2.3302594093219608e7 2.088419682532658e7 2.2175638805319653e6 1.6937370787682507e7 1.966518628916189e7 1.6294964385016387e7 503684.1279823763 1.7207668404154092e7 1.795223690751217e7 1.737558946801089e7 1.8454045519137233e7 1.9308992818277024e7 1.7305060754289575e7 1.8375175258157777e6 1.403464222015595e7 1.6294964385016387e7 1.3502331501191637e7
335082.5847731039 1.8224313406276929e6 827696.2741371491 41072.839111307934 2.768437920218754e6 717129.1126064856 2.738880590606011e6 781180.7102629037 400821.50508622645 127233.48008092203 965061.3087142755 1.8224313406276929e6 9.911753526525375e6 4.501635414832778e6 223385.01804172143 1.5056849444459034e7 3.90028795729729e6 1.489609443575573e7 4.248648762336959e6 2.1799690764631284e6 691991.443940937 5.248729878990844e6 827696.2741371491 4.501635414832778e6 2.044514258132547e6 101455.09628226105 6.838391059018078e6 1.7713994148087162e6 6.765380724534486e6 1.929614944776194e6 990079.704018516 314282.7535480302 2.3838232299586893e6 41072.839111307934 223385.01804172143 101455.09628226105 5034.514443075873 339342.0322449292 87902.29633708332 335719.03451567946 95753.4383686684 49130.80517719673 15595.67848169165 118292.65281634932 2.768437920218754e6 1.5056849444459034e7 6.838391059018078e6 339342.0322449292 2.287271516451645e7 5.924889920426495e6 2.2628513777041383e7 6.454081468601683e6 3.311570055696108e6 1.0511975464673424e6 7.97329507348061e6 717129.1126064856 3.90028795729729e6 1.7713994148087162e6 87902.29633708332 5.924889920426495e6 1.5347684049172492e6 5.861632614557983e6 1.6718488366546305e6 857820.6785969427 272299.536921772 2.0653820621496914e6 2.738880590606011e6 1.489609443575573e7 6.765380724534486e6 335719.03451567946 2.2628513777041383e7 5.861632614557983e6 2.238691961469092e7 6.385174229641496e6 3.27621395579694e6 1.0399743970724711e6 7.88816789440776e6 781180.7102629037 4.248648762336959e6 1.929614944776194e6 95753.4383686684 6.454081468601683e6 1.6718488366546305e6 6.385174229641496e6 1.8211728386304283e6 934438.3810454514 296620.4298744374 2.2498551486916235e6 400821.50508622645 2.1799690764631284e6 990079.704018516 49130.80517719673 3.311570055696108e6 857820.6785969427 3.27621395579694e6 934438.3810454514 479457.5613303654 152195.0626527668 1.1543940026643486e6 127233.48008092203 691991.443940937 314282.7535480302 15595.67848169165 1.0511975464673424e6 272299.536921772 1.0399743970724711e6 296620.4298744374 152195.0626527668 48311.548224638675 366441.3323130787 965061.3087142755 5.248729878990844e6 2.3838232299586893e6 118292.65281634932 7.97329507348061e6 2.0653820621496914e6 7.88816789440776e6 2.2498551486916235e6 1.1543940026643486e6 366441.3323130787 2.7794441486953287e6
2.6522136647864223e7 2.9436278712762047e7 2.133982373862228e7 9.86166667241807e6 7.409852004619599e6 2.1602458623891335e7 6.659641840299038e6 9.268981595242288e6 2.8271996294579197e7 2.4666780051538344e7 1.318509635863568e7 2.9436278712762047e7 3.2670614587350193e7 2.3684554815152355e7 1.0945225590074452e7 8.224015724082537e6 2.397604692927268e7 7.391375587155056e6 1.0287418741694229e7 3.137840565950128e7 2.737706325036799e7 1.4633819907517835e7 2.133982373862228e7 2.3684554815152355e7 1.7170112771896098e7 7.934738869366097e6 5.961998379214019e6 1.738142991552096e7 5.358376096210178e6 7.457861940204306e6 2.2747768238871753e7 1.984699594486032e7 1.0608784503517512e7 9.86166667241807e6 1.0945225590074452e7 7.934738869366097e6 3.6668414332188736e6 2.7551886762257437e6 8.032393810574642e6 2.4762397109512915e6 3.446464668313901e6 1.051231306597731e7 9.171793584349526e6 4.902584850495035e6 7.409852004619599e6 8.224015724082537e6 5.961998379214019e6 2.7551886762257437e6 2.0701916840016944e6 6.035374278634651e6 1.8605952112972846e6 2.5896021412671157e6 7.8987342233927995e6 6.891495660366445e6 3.683700675450925e6 2.1602458623891335e7 2.397604692927268e7 1.738142991552096e7 8.032393810574642e6 6.035374278634651e6 1.75953477954242e7 5.4243230556834e6 7.5496478302383e6 2.302773107149489e7 2.009125820151054e7 1.073934963540671e7 6.659641840299038e6 7.391375587155056e6 5.358376096210178e6 2.4762397109512915e6 1.8605952112972846e6 5.4243230556834e6 1.6722193249325955e6 2.3274179779783357e6 7.099027198750253e6 6.193766463001274e6 3.3107445506437235e6 9.268981595242288e6 1.0287418741694229e7 7.457861940204306e6 3.446464668313901e6 2.5896021412671157e6 7.5496478302383e6 2.3274179779783357e6 3.2393325226253504e6 9.880524212453121e6 8.620569803527128e6 4.607940042776748e6 2.8271996294579197e7 3.137840565950128e7 2.2747768238871753e7 1.051231306597731e7 7.8987342233927995e6 2.302773107149489e7 7.099027198750253e6 9.880524212453121e6 3.0137307001058165e7 2.6294228231889106e7 1.405501375489806e7 2.4666780051538344e7 2.737706325036799e7 1.984699594486032e7 9.171793584349526e6 6.891495660366445e6 2.009125820151054e7 6.193766463001274e6 8.620569803527128e6 2.6294228231889106e7 2.2941214962783452e7 1.2262732680814987e7 1.318509635863568e7 1.4633819907517835e7 1.0608784503517512e7 4.902584850495035e6 3.683700675450925e6 1.073934963540671e7 3.3107445506437235e6 4.607940042776748e6 1.405501375489806e7 1.2262732680814987e7 6.55477981637303e6
1.5830566487612538e7 1.4678193548815334e7 1.850128441761704e7 6.471708992464256e6 2.751933634441164e6 4.1122442622370096e6 4.077607114952171e6 1.681340072081089e7 1.2355570314750958e7 2.304324019658173e6 7.918929627954522e6 1.4678193548815334e7 1.3609706640951468e7 1.7154498785369735e7 6.000606311677558e6 2.5516089112433335e6 3.8128968567456044e6 3.780781091828189e6 1.5589483180337712e7 1.145615683606929e7 2.1365826665895786e6 7.342477723050489e6 1.850128441761704e7 1.7154498785369735e7 2.1622569563092254e7 7.563527738020237e6 3.216202459276686e6 4.806006200087337e6 4.765525544272957e6 1.9649929079070065e7 1.4440034139899475e7 2.6930782364233662e6 9.25490376131048e6 6.471708992464256e6 6.000606311677558e6 7.563527738020237e6 2.6457055289787822e6 1.1250206151885893e6 1.6811305010438971e6 1.6669704558091292e6 6.873502393229079e6 5.051092490945817e6 942032.9014279164 3.237345178015417e6 2.751933634441164e6 2.5516089112433335e6 3.216202459276686e6 1.1250206151885893e6 478387.0958941713 714859.0233421529 708837.8155294808 2.9227863064245177e6 2.147851723971621e6 400576.1119989047 1.3766006926532472e6 4.1122442622370096e6 3.8128968567456044e6 4.806006200087337e6 1.6811305010438971e6 714859.0233421529 1.068221587997736e6 1.0592240318904552e6 4.367551262107333e6 3.209558114882296e6 598585.2265987572 2.0570693380490527e6 4.077607114952171e6 3.780781091828189e6 4.765525544272957e6 1.6669704558091292e6 708837.8155294808 1.0592240318904552e6 1.0503022615722027e6 4.330763681727222e6 3.182524230206401e6 593543.3848855534 2.0397427861485656e6 1.681340072081089e7 1.5589483180337712e7 1.9649929079070065e7 6.873502393229079e6 2.9227863064245177e6 4.367551262107333e6 4.330763681727222e6 1.7857253814623136e7 1.3122660834570883e7 2.4473870321330247e6 8.410573128819296e6 1.2355570314750958e7 1.145615683606929e7 1.4440034139899475e7 5.051092490945817e6 2.147851723971621e6 3.209558114882296e6 3.182524230206401e6 1.3122660834570883e7 9.64337681296573e6 1.7984977022227817e6 6.180631117169375e6 2.304324019658173e6 2.1365826665895786e6 2.6930782364233662e6 942032.9014279164 400576.1119989047 598585.2265987572 593543.3848855534 2.4473870321330247e6 1.7984977022227817e6 335421.2997828358 1.1526927836699528e6 7.918929627954522e6 7.342477723050489e6 9.25490376131048e6 3.237345178015417e6 1.3766006926532472e6 2.0570693380490527e6 2.0397427861485656e6 8.410573128819296e6 6.180631117169375e6 1.1526927836699528e6 3.9612888459529392e6
77303.63892119165 604610.3009984754 100130.90076455896 1.2641107560515038e6 993881.3158455224 660139.2080309994 1.5271815597592911e6 177932.58668377763 260927.75360406673 990315.047911022 1.1380758403358813e6 604610.3009984754 4.728802177684496e6 783147.7909109434 9.886913415432895e6 7.773384150036323e6 5.16310707799168e6 1.1944453267804235e7 1.391653436935744e6 2.0407785435073918e6 7.745491513164238e6 8.901164110606179e6 100130.90076455896 783147.7909109434 129698.90457735516 1.6373944414006835e6 1.287368004889558e6 855074.0230680929 1.9781483426105797e6 230474.92237950105 337978.0223474808 1.2827486412265701e6 1.4741422347192336e6 1.2641107560515038e6 9.886913415432895e6 1.6373944414006835e6 2.06714202056411e7 1.6252482795535386e7 1.0794952023074102e7 2.4973295734542806e7 2.909649530319453e6 4.266831218896684e6 1.6194165260709379e7 1.861042935427139e7 993881.3158455224 7.773384150036323e6 1.287368004889558e6 1.6252482795535386e7 1.2778183327098673e7 8.48731099693692e6 1.9634744745922808e7 2.287652636447768e6 3.3547090759466733e6 1.27323323540156e7 1.4632070747382976e7 660139.2080309994 5.16310707799168e6 855074.0230680929 1.0794952023074102e7 8.48731099693692e6 5.637299615663131e6 1.3041461429866465e7 1.51946633425734e6 2.228208697822076e6 8.456856631233547e6 9.718669061419671e6 1.5271815597592911e6 1.1944453267804235e7 1.9781483426105797e6 2.4973295734542806e7 1.9634744745922808e7 1.3041461429866465e7 3.0170423398133982e7 3.5151691311810235e6 5.154790373319776e6 1.9564290900505748e7 2.2483397434115574e7 177932.58668377763 1.391653436935744e6 230474.92237950105 2.909649530319453e6 2.287652636447768e6 1.51946633425734e6 3.5151691311810235e6 409553.8818846071 600586.8647877008 2.2794440283246757e6 2.619550398134811e6 260927.75360406673 2.0407785435073918e6 337978.0223474808 4.266831218896684e6 3.3547090759466733e6 2.228208697822076e6 5.154790373319776e6 600586.8647877008 880725.584862481 3.3426716312172203e6 3.841417772747255e6 990315.047911022 7.745491513164238e6 1.2827486412265701e6 1.6194165260709379e7 1.27323323540156e7 8.456856631233547e6 1.9564290900505748e7 2.2794440283246757e6 3.3426716312172203e6 1.2686645904455071e7 1.4579567612562152e7 1.1380758403358813e6 8.901164110606179e6 1.4741422347192336e6 1.861042935427139e7 1.4632070747382976e7 9.718669061419671e6 2.2483397434115574e7 2.619550398134811e6 3.841417772747255e6 1.4579567612562152e7 1.6754924301515097e7
294914.8202354355 1.8659853931610223e6 604774.9012854182 1.2860295820790506e6 1.26275591572936e6 2.883469362044865e6 2.1796801401030635e6 1.7124573666230058e6 2.248791313512524e6 1.1135030773788518e6 1.545410583064159e6 1.8659853931610223e6 1.1806464947101112e7 3.826532457907975e6 8.136967865557761e6 7.989710696795756e6 1.824429069691274e7 1.3791274714334572e7 1.0835062239254575e7 1.4228555011009118e7 7.045357964615199e6 9.778123636282712e6 604774.9012854182 3.826532457907975e6 1.2401976982126595e6 2.6372306855623187e6 2.5895039241267713e6 5.913062956273496e6 4.469818914194488e6 3.5116961366273067e6 4.611543575718988e6 2.283434630939208e6 3.1691372175597684e6 1.2860295820790506e6 8.136967865557761e6 2.6372306855623187e6 5.607965325927341e6 5.50647628110672e6 1.257389132105319e7 9.504890725413395e6 7.467481050183457e6 9.806262536385143e6 4.855632199501107e6 6.739043242017922e6 1.26275591572936e6 7.989710696795756e6 2.5895039241267713e6 5.50647628110672e6 5.406823914228984e6 1.2346337806420682e7 9.332877842882406e6 7.332339786828037e6 9.628795637030981e6 4.767758354837824e6 6.617084738017335e6 2.883469362044865e6 1.824429069691274e7 5.913062956273496e6 1.257389132105319e7 1.2346337806420682e7 2.8192532186798535e7 2.1311376952936403e7 1.6743201804926328e7 2.198709732176039e7 1.0887048692912053e7 1.5109936029962745e7 2.1796801401030635e6 1.3791274714334572e7 4.469818914194488e6 9.504890725413395e6 9.332877842882406e6 2.1311376952936403e7 1.610975504509032e7 1.2656567444869509e7 1.6620547456334898e7 8.229767977644354e6 1.1421944660227356e7 1.7124573666230058e6 1.0835062239254575e7 3.5116961366273067e6 7.467481050183457e6 7.332339786828037e6 1.6743201804926328e7 1.2656567444869509e7 9.94358381230325e6 1.3057869549411118e7 6.465685739674085e6 8.973607142946115e6 2.248791313512524e6 1.4228555011009118e7 4.611543575718988e6 9.806262536385143e6 9.628795637030981e6 2.198709732176039e7 1.6620547456334898e7 1.3057869549411118e7 1.7147535575500224e7 8.490709439356122e6 1.1784100548865635e7 1.1135030773788518e6 7.045357964615199e6 2.283434630939208e6 4.855632199501107e6 4.767758354837824e6 1.0887048692912053e7 8.229767977644354e6 6.465685739674085e6 8.490709439356122e6 4.204227859225077e6 5.834971055988395e6 1.545410583064159e6 9.778123636282712e6 3.1691372175597684e6 6.739043242017922e6 6.617084738017335e6 1.5109936029962745e7 1.1421944660227356e7 8.973607142946115e6 1.1784100548865635e7 5.834971055988395e6 8.098249753403671e6
10947.771746558059 555987.8397945153 210797.9287882197 555679.3651085574 135135.25004367775 352329.4770228683 575437.602387353 278533.7668737968 74218.83251471075 418845.97204878525 545199.150057801 555987.8397945153 2.8236109151303653e7 1.0705473933265729e7 2.8220443116401993e7 6.862908497840923e6 1.7893221503039032e7 2.9223874674631067e7 1.4145470963319935e7 3.769239012029865e6 2.1271293610889595e7 2.768820036769069e7 210797.9287882197 1.0705473933265729e7 4.058886850228111e6 1.0699534293091558e7 2.602011758643161e6 6.784058503120291e6 1.1079976595990844e7 5.363131650332113e6 1.4290740192039162e6 8.06482501034342e6 1.0497739107998379e7 555679.3651085574 2.8220443116401993e7 1.0699534293091558e7 2.8204785773372438e7 6.85910080027615e6 1.7883293937202405e7 2.9207660604974326e7 1.4137622734634306e7 3.767147752586195e6 2.1259491813895326e7 2.7672838325031053e7 135135.25004367775 6.862908497840923e6 2.602011758643161e6 6.85910080027615e6 1.6680596040110784e6 4.34902490456221e6 7.10298918203126e6 3.4381179205651395e6 916129.8501659521 5.170079946213253e6 6.729736897357665e6 352329.4770228683 1.7893221503039032e7 6.784058503120291e6 1.7883293937202405e7 4.34902490456221e6 1.1338933917601617e7 1.8519168484871928e7 8.9639845155438e6 2.3885666463019927e6 1.3479618108724223e7 1.754601172367059e7 575437.602387353 2.9223874674631067e7 1.1079976595990844e7 2.9207660604974326e7 7.10298918203126e6 1.8519168484871928e7 3.024619455967475e7 1.46403128147211e7 3.90109585977448e6 2.2015413501941983e7 2.865679875281641e7 278533.7668737968 1.4145470963319935e7 5.363131650332113e6 1.4137622734634306e7 3.4381179205651395e6 8.9639845155438e6 1.46403128147211e7 7.086470295957513e6 1.8882793203829045e6 1.0656300572885394e7 1.3870984569050303e7 74218.83251471075 3.769239012029865e6 1.4290740192039162e6 3.767147752586195e6 916129.8501659521 2.3885666463019927e6 3.90109585977448e6 1.8882793203829045e6 503155.82269775757 2.8395055878584087e6 3.6960986529541365e6 418845.97204878525 2.1271293610889595e7 8.06482501034342e6 2.1259491813895326e7 5.170079946213253e6 1.3479618108724223e7 2.2015413501941983e7 1.0656300572885394e7 2.8395055878584087e6 1.6024443362791795e7 2.085853388731137e7 545199.150057801 2.768820036769069e7 1.0497739107998379e7 2.7672838325031053e7 6.729736897357665e6 1.754601172367059e7 2.865679875281641e7 1.3870984569050303e7 3.6960986529541365e6 2.085853388731137e7 2.715092350342439e7
