1.3196029610737426e7 2.725988779053044e6 1.2758371098861482e7 9.048857770259969e6 7.78809125602712e6 2.768802706454863e6 1.1946124675223282e7 2.1762026580774696e6 2.259360350027557e6 8.599451815448679e6 1.3918394187882727e7 1.1648420449198406e7 3.556184437163844e6 1.3671904633301629e7 1.4300176511970323e7 2.0702753809557722e6 1.0382714830282653e7 7.571232292277391e6 1.2737964822428428e7 1.4672053036418423e7 1.4202797721892333e7 1.9011548270956017e6 1.3509128857785651e7 1.0795455300137626e7 1.2937729157726618e7 6.490528403060837e6 4.520875513439211e6 5.640068037151394e6 1.9831244919534703e6 1.1500949059948e7 4.538513730863433e6 1.4263367452743651e7 1.3452854206592055e7 1.3052107206464395e7 9.724396708090736e6 9.109179141781185e6 8.952571621543042e6 1.3025571374167131e7 1.2036845591147548e7 5.54710710050086e6 1.6800119078112594e6 1.0011142906335592e7 5.292959145797785e6 132357.48617721422 2.725988779053044e6 563125.0491796859 2.635578843062895e6 1.8692807967712013e6 1.6088361424178903e6 571969.3977547743 2.467787870931243e6 449552.19121648197 466730.6109256524 1.776444115876035e6 2.875212279588478e6 2.406289192650001e6 734623.9102149128 2.8242933456543563e6 2.954079511794198e6 427670.11173141986 2.144824235649505e6 1.5640381903628404e6 2.6313633871856593e6 3.0309004392051143e6 2.9339633483040547e6 392733.7902976657 2.7906677059242697e6 2.230086691302851e6 2.6726299918039725e6 1.3407902315157186e6 933906.355522513 1.1651051593473386e6 409666.7916031093 2.375825078504571e6 937549.9956323991 2.9464756274911677e6 2.779042688989324e6 2.6962578015790777e6 2.008831223578494e6 1.881741770772815e6 1.8493903472403057e6 2.690776123891244e6 2.486528674500957e6 1.145901620277267e6 347050.8739721648 2.0680662315247909e6 1.0934006413331048e6 27341.93789995532 1.2758371098861482e7 2.635578843062895e6 1.2335227935819069e7 8.748744043424543e6 7.529792015269626e6 2.676972807013056e6 1.1549920415133677e7 2.1040268866545497e6 2.1844265769341732e6 8.314243052243438e6 1.345677778752129e7 1.1262089824769275e7 3.4382402952789916e6 1.3218463286712665e7 1.3825897948158996e7 2.001612785528944e6 1.0038362501900762e7 7.320125379376182e6 1.231549845239422e7 1.418544084415274e7 1.3731748815607626e7 1.8381012710627024e6 1.306108612015584e7 1.0437414052803876e7 1.2508637418979889e7 6.275264032945998e6 4.3709365008760495e6 5.45300997068493e6 1.9173523362660604e6 1.1119509460370092e7 4.38798973052609e6 1.3790309695383957e7 1.3006677869752802e7 1.2619222014074523e7 9.401878108352879e6 8.807064800937373e6 8.655651313774167e6 1.2593566267167881e7 1.1637632488077844e7 5.3631321693711e6 1.6242927609772554e6 9.679114104051068e6 5.117413266354992e6 127967.72788288408 9.048857770259969e6 1.8692807967712013e6 8.748744043424543e6 6.205035102358979e6 5.340494994058786e6 1.8986394107690102e6 8.191765726558394e6 1.4922782771100695e6 1.5493016507426319e6 5.896865850989135e6 9.544201787337886e6 7.987622262321813e6 2.4385673665451375e6 9.375177543906042e6 9.805999771411588e6 1.4196412118002723e6 7.119695282583285e6 5.191789210799513e6 8.734750933488425e6 1.0061005093246527e7 9.739224624094645e6 1.3036708871608786e6 9.263557997380523e6 7.402722065480843e6 8.871734489224993e6 4.450722687477208e6 3.100080912585672e6 3.867540085030187e6 1.3598795999824377e6 7.886497328089795e6 3.1121758930836576e6 9.780758850359987e6 9.224969017987244e6 8.950166466539279e6 6.668269571136554e6 6.2463990222276e6 6.139009207397617e6 8.931970162093429e6 8.253975397891535e6 3.803794373724995e6 1.1520274851276008e6 6.864898833166187e6 3.629518567853862e6 90760.94117523216 7.78809125602712e6 1.6088361424178903e6 7.529792015269626e6 5.340494994058786e6 4.5964102234851355e6 1.6341042558937022e6 7.050416820132999e6 1.2843609322402084e6 1.3334393075282495e6 5.075262595351191e6 8.214419584538248e6 6.874716420241497e6 2.098804696327727e6 8.068945286483244e6 8.439741569077669e6 1.2218443022339386e6 6.127716666970156e6 4.468423438884704e6 7.517748548579688e6 8.659217304871669e6 8.382270123051828e6 1.1220319840150457e6 7.9728775576750655e6 6.371309667221571e6 7.635646349577042e6 3.83060882659303e6 2.668150352372199e6 3.328680357597512e6 1.1704092042070641e6 6.787681101966618e6 2.6785601537250024e6 8.41801743532212e6 7.939665134558024e6 7.703150493439473e6 5.739187559172818e6 5.376095728518617e6 5.283668407955292e6 7.687489458296178e6 7.1039588924752455e6 3.2738162598926225e6 991516.8755456542 5.908420701650209e6 3.123822093302571e6 78115.32795650403 2.768802706454863e6 571969.3977547743 2.676972807013056e6 1.8986394107690102e6 1.6341042558937022e6 580952.6542009149 2.5065465377170406e6 456612.7833311557 474061.0044496195 1.8043446523694117e6 2.920369886526935e6 2.4440819714000616e6 746161.7914421817 2.868651228266144e6 3.0004757943941182e6 434387.02753690514 2.178510489173505e6 1.5886027146376355e6 2.6726911438853424e6 3.0785032585429647e6 2.980043689778359e6 398902.0020361918 2.834497469818436e6 2.2651120628065336e6 2.714605874947838e6 1.3618484603955613e6 948574.1337660201 1.183404107637621e6 416100.9502502056 2.413139392933206e6 952275.000282831 2.9927524847460454e6 2.822689872296614e6 2.7386047791823735e6 2.0403815934221563e6 1.911296094760467e6 1.878436565138487e6 2.733037007174427e6 2.525581681237693e6 1.1638989609696304e6 352501.59740769694 2.1005469365735524e6 1.1105734103624036e6 27771.365839376398 1.1946124675223282e7 2.467787870931243e6 1.1549920415133677e7 8.191765726558394e6 7.050416820132999e6 2.5065465377170406e6 1.0814608557702651e7 1.9700765335349203e6 2.0453576737751053e6 7.784926720862693e6 1.2600068138075247e7 1.0545102357327031e7 3.219348842615546e6 1.2376925644686928e7 1.2945688705540165e7 1.8741825035629757e6 9.39928216960973e6 6.854098359632878e6 1.1531446985653952e7 1.3282341733450238e7 1.2857533464811733e7 1.7210807539342472e6 1.2229567707051067e7 9.77292858120809e6 1.171228999112838e7 5.875756860074951e6 4.0926660607645335e6 5.105850618410913e6 1.795286394938689e6 1.0411599201151915e7 4.108633616962422e6 1.2912366136277232e7 1.2178623292780701e7 1.181583435035128e7 8.80331879307529e6 8.246373562856862e6 8.10459963410483e6 1.1791811945860311e7 1.0896736546518309e7 5.02169477972977e6 1.5208841067045385e6 9.062904890971893e6 4.791619276537089e6 119820.81567061473 2.1762026580774696e6 449552.19121648197 2.1040268866545497e6 1.4922782771100695e6 1.2843609322402084e6 456612.7833311557 1.9700765335349203e6 358885.06988268206 372598.8910546289 1.418165194443114e6 2.295330286557894e6 1.9209811050532297e6 586462.6143664141 2.254680845802529e6 2.3582913235512013e6 341416.2380571172 1.7122492354318695e6 1.2485979741943972e6 2.1006616173784835e6 2.4196187610345236e6 2.3422322521441733e6 313525.98548095085 2.227836932459059e6 1.7803156867880924e6 2.133605441414106e6 1.070375376512889e6 745553.1398003558 930123.0306576088 327043.88501644944 1.8966610907198288e6 748461.9189388254 2.352221014913425e6 2.2185564860579506e6 2.152467919070744e6 1.603683728257734e6 1.5022260820874495e6 1.4763993969502887e6 2.1480918036418566e6 1.9850376320017623e6 914792.5226636244 277056.54558442254 1.6509720306654759e6 872880.1087872753 21827.528562146752 2.259360350027557e6 466730.6109256524 2.1844265769341732e6 1.5493016507426319e6 1.3334393075282495e6 474061.0044496195 2.0453576737751053e6 372598.8910546289 386836.74876896414 1.4723565373017895e6 2.3830401182616716e6 1.9943861964324852e6 608872.6951760799 2.3408373691966543e6 2.448407040800479e6 354462.53512220463 1.7776782036087606e6 1.2963097648781235e6 2.180932713005054e6 2.512077940247418e6 2.4317343154636966e6 325506.5320638714 2.312967688391563e6 1.84834563009614e6 2.2151353960723225e6 1.1112768732097326e6 774042.4342609692 965665.1637268874 339540.9815269297 1.9691368586040267e6 777062.3645179479 2.4421047717550313e6 2.3033326148604313e6 2.2347186522375992e6 1.6649641595469958e6 1.559629584150982e6 1.5328160021736964e6 2.230175315407055e6 2.0608904701088362e6 949748.8418812059 287643.51127208443 1.7140594563860097e6 906234.8585972111 22661.608462502303 8.599451815448679e6 1.776444115876035e6 8.314243052243438e6 5.896865850989135e6 5.075262595351191e6 1.8043446523694117e6 7.784926720862693e6 1.418165194443114e6 1.4723565373017895e6 5.6040016359201735e6 9.070194876626218e6 7.590921916199838e6 2.3174574183552475e6 8.909565118270203e6 9.318990824864304e6 1.3491356042996885e6 6.766099996010131e6 4.9339421933420515e6 8.300944901504522e6 9.56133146425525e6 9.255532024162538e6 1.2389248744950849e6 8.803489087860802e6 7.035070427837251e6 8.431125253210017e6 4.229680283038078e6 2.946117301057629e6 3.6754610858004317e6 1.292342016170802e6 7.494819289620078e6 2.957611591789334e6 9.295003478629934e6 8.766816606391318e6 8.505661954617932e6 6.3370940648306785e6 5.936175457222239e6 5.834119091485609e6 8.488369358439043e6 7.844046787136967e6 3.6148812660344336e6 1.0948127487412929e6 6.523957855516879e6 3.44926076085721e6 86253.35486279365 1.3918394187882727e7 2.875212279588478e6 1.345677778752129e7 9.544201787337886e6 8.214419584538248e6 2.920369886526935e6 1.2600068138075247e7 2.295330286557894e6 2.3830401182616716e6 9.070194876626218e6 1.4680301763771355e7 1.2286067268765194e7 3.7508537235310334e6 1.442031911102982e7 1.5082983254899064e7 2.1836044385778904e6 1.0951075589483636e7 7.985689532417987e6 1.3435254449996263e7 1.5475216692468567e7 1.4980273847158594e7 2.0052260472484576e6 1.4248632817902211e7 1.1386409907925833e7 1.3645954095675915e7 6.84582677261827e6 4.768353006664505e6 5.948811309401442e6 2.0916828180041197e6 1.2130523140147014e7 4.78695675871142e6 1.504415922895227e7 1.418927763295622e7 1.3766593319422267e7 1.0256720439034574e7 9.607825214349814e6 9.44264483329886e6 1.3738604887680925e7 1.2695755212609565e7 5.850761593044021e6 1.7719775313498483e6 1.0559163426567826e7 5.582701311281445e6 139602.8745519585 1.1648420449198406e7 2.406289192650001e6 1.1262089824769275e7 7.987622262321813e6 6.874716420241497e6 2.4440819714000616e6 1.0545102357327031e7 1.9209811050532297e6 1.9943861964324852e6 7.590921916199838e6 1.2286067268765194e7 1.0282312404853808e7 3.1391208371701716e6 1.2068485613313314e7 1.2623074774979476e7 1.8274768088861243e6 9.1650467083562e6 6.683290327511386e6 1.1244076763666306e7 1.295133821782848e7 1.2537116413023414e7 1.6781904419957667e6 1.192479991935188e7 9.529381638717255e6 1.1420413058517795e7 5.72932965494399e6 3.990674493195747e6 4.9786099150131615e6 1.7505468361923525e6 1.0152136223313687e7 4.006244128805274e6 1.2590582623108065e7 1.1875125068880066e7 1.152137703337675e7 8.583935078356631e6 8.040869240259759e6 7.902628398502639e6 1.1497953280878011e7 1.0625183669918384e7 4.896551287729116e6 1.4829828091566332e6 8.837052142950626e6 4.6722093970231125e6 116834.8127482718 3.556184437163844e6 734623.9102149128 3.4382402952789916e6 2.4385673665451375e6 2.098804696327727e6 746161.7914421817 3.219348842615546e6 586462.6143664141 608872.6951760799 2.3174574183552475e6 3.7508537235310334e6 3.1391208371701716e6 958352.483601286 3.684427507177934e6 3.853739849081996e6 557916.3814855174 2.7980271327155707e6 2.0403635973990948e6 3.4327410288471673e6 3.953956470884121e6 3.8274973391755754e6 512340.2575010199 3.640561230978752e6 2.909256137104257e6 3.4865753139498443e6 1.7491258186594045e6 1.218326088793097e6 1.5199361300267782e6 534430.1781124362 3.0993789242729386e6 1.2230793938517862e6 3.8438202135984544e6 3.6253958331519193e6 3.517398936575204e6 2.6206176595709436e6 2.4548233108677827e6 2.4126193114344575e6 3.5102478224426676e6 3.243797128869209e6 1.4948841828932397e6 452744.6798048275 2.697892597388947e6 1.426394112174037e6 35668.88271473305 1.3671904633301629e7 2.8242933456543563e6 1.3218463286712665e7 9.375177543906042e6 8.068945286483244e6 2.868651228266144e6 1.2376925644686928e7 2.254680845802529e6 2.3408373691966543e6 8.909565118270203e6 1.442031911102982e7 1.2068485613313314e7 3.684427507177934e6 1.4164940653816018e7 1.4815869263581667e7 2.1449336207967014e6 1.0757136137288367e7 7.844265958024446e6 1.319732111944392e7 1.5201156393695492e7 1.471497880103153e7 1.9697142440512902e6 1.3996294860716606e7 1.1184760847797483e7 1.3404289353215497e7 6.72458974130965e6 4.6839072586254515e6 5.843460086397719e6 2.0546398977379564e6 1.1915696113028204e7 4.7021815451827645e6 1.4777732796611395e7 1.3937990833892874e7 1.3522792101437097e7 1.0075077756814703e7 9.437674223825354e6 9.2754191255334e6 1.3495299334352195e7 1.247091813692513e7 5.747146793839301e6 1.7405964721174268e6 1.0372164592174299e7 5.483833759392803e6 137130.55986521748 1.4300176511970323e7 2.954079511794198e6 1.3825897948158996e7 9.805999771411588e6 8.439741569077669e6 3.0004757943941182e6 1.2945688705540165e7 2.3582913235512013e6 2.448407040800479e6 9.318990824864304e6 1.5082983254899064e7 1.2623074774979476e7 3.853739849081996e6 1.4815869263581667e7 1.5496710321649544e7 2.243500829368003e6 1.1251464199934967e7 8.204737438948955e6 1.3803784224292593e7 1.5899702744153567e7 1.5391183589161443e7 2.060229508876667e6 1.463947360591678e7 1.1698739762863161e7 1.4020263372932585e7 7.033608180463916e6 4.899149193953075e6 6.111987533368364e6 2.149057793646564e6 1.2463264062291292e7 4.918263247949866e6 1.5456821350518964e7 1.457849030495759e7 1.414421173727348e7 1.0538062849220116e7 9.87136839255318e6 9.701657104493843e6 1.4115455581298038e7 1.304400048183301e7 6.01124830785624e6 1.8205829732577023e6 1.0848801864666197e7 5.735835117706002e6 143432.18913928038 2.0702753809557722e6 427670.11173141986 2.001612785528944e6 1.4196412118002723e6 1.2218443022339386e6 434387.02753690514 1.8741825035629757e6 341416.2380571172 354462.53512220463 1.3491356042996885e6 2.1836044385778904e6 1.8274768088861243e6 557916.3814855174 2.1449336207967014e6 2.243500829368003e6 324797.7065392515 1.6289050217899114e6 1.1878221162405598e6 1.998411321682428e6 2.3018431365642413e6 2.228223437783364e6 298265.0198601141 2.119396342493498e6 1.693658319461325e6 2.0297515958073302e6 1.0182745536822216e6 709263.1307998372 884849.0302514231 311124.9318295718 1.804340578098036e6 712030.3242947351 2.237725994712349e6 2.1105676244340013e6 2.047695937053041e6 1.525623971245588e6 1.4291048045694372e6 1.404535240603186e6 2.0435328302748103e6 1.8884153663494415e6 870264.7390505613 263570.74021902145 1.5706105022189615e6 830392.4237206598 20765.06746354351 1.0382714830282653e7 2.144824235649505e6 1.0038362501900762e7 7.119695282583285e6 6.127716666970156e6 2.178510489173505e6 9.39928216960973e6 1.7122492354318695e6 1.7776782036087606e6 6.766099996010131e6 1.0951075589483636e7 9.1650467083562e6 2.7980271327155707e6 1.0757136137288367e7 1.1251464199934967e7 1.6289050217899114e6 8.169181975709977e6 5.957090740428437e6 1.0022306721851593e7 1.154405886812816e7 1.1174845986902537e7 1.4958399609748893e6 1.0629063185929928e7 8.493928639959209e6 1.0179482492734557e7 5.106786472500546e6 3.5570518272445686e6 4.437639182431519e6 1.560334182347399e6 9.049015339423327e6 3.5709296819502907e6 1.1222502612518512e7 1.0584785954614738e7 1.0269475823904578e7 7.651213349391937e6 7.1671564975965265e6 7.043936766292856e6 1.0248597272730177e7 9.470661927534586e6 4.364496962834413e6 1.3218433926588206e6 7.876826969008367e6 4.164531835730234e6 104139.6598195643 7.571232292277391e6 1.5640381903628404e6 7.320125379376182e6 5.191789210799513e6 4.468423438884704e6 1.5886027146376355e6 6.854098359632878e6 1.2485979741943972e6 1.2963097648781235e6 4.9339421933420515e6 7.985689532417987e6 6.683290327511386e6 2.0403635973990948e6 7.844265958024446e6 8.204737438948955e6 1.1878221162405598e6 5.957090740428437e6 4.344000439115457e6 7.308417262340027e6 8.418101885202574e6 8.148866282110881e6 1.090789066418356e6 7.750873229731061e6 6.193900907264754e6 7.423032205688163e6 3.7239457388919634e6 2.593855855617795e6 3.2359934399340814e6 1.137819225630341e6 6.598678502787138e6 2.603975796636404e6 8.183618212478096e6 7.71858560467095e6 7.488656700454867e6 5.579380203823152e6 5.226398644807169e6 5.136544957795455e6 7.473431745955825e6 6.906149555976957e6 3.182657029949355e6 963908.1438163235 5.743901058950115e6 3.036839442506351e6 75940.21103546026 1.2737964822428428e7 2.6313633871856593e6 1.231549845239422e7 8.734750933488425e6 7.517748548579688e6 2.6726911438853424e6 1.1531446985653952e7 2.1006616173784835e6 2.180932713005054e6 8.300944901504522e6 1.3435254449996263e7 1.1244076763666306e7 3.4327410288471673e6 1.319732111944392e7 1.3803784224292593e7 1.998411321682428e6 1.0022306721851593e7 7.308417262340027e6 1.2295800525136653e7 1.416275205222566e7 1.370978567783171e7 1.835161334423565e6 1.3040195668559898e7 1.0420720012886291e7 1.2488630577119384e7 6.265227111182676e6 4.363945440824805e6 5.444288196722426e6 1.9142856421332255e6 1.1101724448310947e7 4.38097139482064e6 1.3768252892868895e7 1.2985874441005573e7 1.2599038298552072e7 9.386840348267185e6 8.79297841032378e6 8.641807100273216e6 1.2573423586528284e7 1.1619018768212054e7 5.35455414975189e6 1.621694798680041e6 9.663632921029832e6 5.109228259905012e6 127763.05090574858 1.4672053036418423e7 3.0309004392051143e6 1.418544084415274e7 1.0061005093246527e7 8.659217304871669e6 3.0785032585429647e6 1.3282341733450238e7 2.4196187610345236e6 2.512077940247418e6 9.56133146425525e6 1.5475216692468567e7 1.295133821782848e7 3.953956470884121e6 1.5201156393695492e7 1.5899702744153567e7 2.3018431365642413e6 1.154405886812816e7 8.418101885202574e6 1.416275205222566e7 1.6313174996842502e7 1.5791431785782574e7 2.1138058398181167e6 1.5020173561596414e7 1.2002965845652744e7 1.438486074769987e7 7.216517374786879e6 5.02655171751458e6 6.270929954776698e6 2.2049441068309085e6 1.278737162270386e7 5.046162833065995e6 1.5858776459117426e7 1.4957604388043895e7 1.4512032393019399e7 1.0812105493624067e7 1.0128073627365958e7 9.953948992107004e6 1.4482528432334576e7 1.338321011047102e7 6.167571002645978e6 1.8679272887630204e6 1.1130925286603056e7 5.884995684122393e6 147162.1475734612 1.4202797721892333e7 2.9339633483040547e6 1.3731748815607626e7 9.739224624094645e6 8.382270123051828e6 2.980043689778359e6 1.2857533464811733e7 2.3422322521441733e6 2.4317343154636966e6 9.255532024162538e6 1.4980273847158594e7 1.2537116413023414e7 3.8274973391755754e6 1.471497880103153e7 1.5391183589161443e7 2.228223437783364e6 1.1174845986902537e7 8.148866282110881e6 1.370978567783171e7 1.5791431785782574e7 1.52863754537845e7 2.0462001256246876e6 1.4539784331037583e7 1.1619075772520714e7 1.3924790685397007e7 6.985711970656792e6 4.865787842048127e6 6.070367211376326e6 2.13442352339278e6 1.2378393950807529e7 4.884771736571003e6 1.5351566246828094e7 1.447921630327851e7 1.4047895008285578e7 1.0466302629395984e7 9.804148109665321e6 9.63559249124964e6 1.4019334670849428e7 1.2955175775114575e7 5.970313981864711e6 1.8081854922179384e6 1.0774925629747508e7 5.696776251307988e6 142455.47021382314 1.9011548270956017e6 392733.7902976657 1.8381012710627024e6 1.3036708871608786e6 1.1220319840150457e6 398902.0020361918 1.7210807539342472e6 313525.98548095085 325506.5320638714 1.2389248744950849e6 2.0052260472484576e6 1.6781904419957667e6 512340.2575010199 1.9697142440512902e6 2.060229508876667e6 298265.0198601141 1.4958399609748893e6 1.090789066418356e6 1.835161334423565e6 2.1138058398181167e6 2.0462001256246876e6 273899.7852541895 1.9462631030274306e6 1.5553035693290266e6 1.863941425218805e6 935091.8244257149 651323.5085559163 812565.8164068625 285709.1725181544 1.6569442071961889e6 653864.650337694 2.0549264197889694e6 1.9381556019141583e6 1.8804198953258032e6 1.4009959273762305e6 1.312361400143001e6 1.2897989209850312e6 1.8765968722536291e6 1.7341509358234731e6 799172.9142493312 242039.67726130164 1.442307513893204e6 762557.7636977537 19068.77152983202 1.3509128857785651e7 2.7906677059242697e6 1.306108612015584e7 9.263557997380523e6 7.9728775576750655e6 2.834497469818436e6 1.2229567707051067e7 2.227836932459059e6 2.312967688391563e6 8.803489087860802e6 1.4248632817902211e7 1.192479991935188e7 3.640561230978752e6 1.3996294860716606e7 1.463947360591678e7 2.119396342493498e6 1.0629063185929928e7 7.750873229731061e6 1.3040195668559898e7 1.5020173561596414e7 1.4539784331037583e7 1.9462631030274306e6 1.3829656940733304e7 1.1051596656721545e7 1.324469976762143e7 6.644527720726047e6 4.628141316943078e6 5.773888671677401e6 2.0301776438142613e6 1.1773829509388614e7 4.646198032412372e6 1.4601791186363677e7 1.3772047073460601e7 1.3361791638773602e7 9.95512529669772e6 9.325310600610163e6 9.164987288719906e6 1.3334626196710587e7 1.2322441137883626e7 5.678722071647141e6 1.7198731750927262e6 1.0248675057939388e7 5.41854400519048e6 135497.90268776534 1.0795455300137626e7 2.230086691302851e6 1.0437414052803876e7 7.402722065480843e6 6.371309667221571e6 2.2651120628065336e6 9.77292858120809e6 1.7803156867880924e6 1.84834563009614e6 7.035070427837251e6 1.1386409907925833e7 9.529381638717255e6 2.909256137104257e6 1.1184760847797483e7 1.1698739762863161e7 1.693658319461325e6 8.493928639959209e6 6.193900907264754e6 1.0420720012886291e7 1.2002965845652744e7 1.1619075772520714e7 1.5553035693290266e6 1.1051596656721545e7 8.831584845978297e6 1.0584143937800689e7 5.309794788009825e6 3.6984540776649867e6 4.614047117267746e6 1.6223616071664342e6 9.408737714926226e6 3.7128836139265876e6 1.166862687548389e7 1.1005559287951397e7 1.0677714742723778e7 7.955369386074946e6 7.452069989751216e6 7.323951947107495e6 1.0656006213729272e7 9.847145873949766e6 4.537997300324839e6 1.3743901756417681e6 8.18995174584155e6 4.330083028718022e6 108279.48768029867 1.2937729157726618e7 2.6726299918039725e6 1.2508637418979889e7 8.871734489224993e6 7.635646349577042e6 2.714605874947838e6 1.171228999112838e7 2.133605441414106e6 2.2151353960723225e6 8.431125253210017e6 1.3645954095675915e7 1.1420413058517795e7 3.4865753139498443e6 1.3404289353215497e7 1.4020263372932585e7 2.0297515958073302e6 1.0179482492734557e7 7.423032205688163e6 1.2488630577119384e7 1.438486074769987e7 1.3924790685397007e7 1.863941425218805e6 1.324469976762143e7 1.0584143937800689e7 1.268448470458802e7 6.363482126548545e6 4.432383426987947e6 5.52966876009744e6 1.9443066073503918e6 1.1275828289544333e7 4.449676392113911e6 1.3984174818051053e7 1.3189526642290166e7 1.2796623905530289e7 9.534050357783e6 8.930875123960236e6 8.77733305557509e6 1.2770607488368152e7 1.1801235126429832e7 5.438527450467871e6 1.6471271803855114e6 9.815183756186496e6 5.189354214204208e6 129766.70700746091 6.490528403060837e6 1.3407902315157186e6 6.275264032945998e6 4.450722687477208e6 3.83060882659303e6 1.3618484603955613e6 5.875756860074951e6 1.070375376512889e6 1.1112768732097326e6 4.229680283038078e6 6.84582677261827e6 5.72932965494399e6 1.7491258186594045e6 6.72458974130965e6 7.033608180463916e6 1.0182745536822216e6 5.106786472500546e6 3.7239457388919634e6 6.265227111182676e6 7.216517374786879e6 6.985711970656792e6 935091.8244257149 6.644527720726047e6 5.309794788009825e6 6.363482126548545e6 3.192396515741472e6 2.2236136013823096e6 2.77409363802428e6 975408.9844839548 5.6567951677684095e6 2.2322890404763627e6 7.015503473862904e6 6.616848772381828e6 6.419739500616209e6 4.782989649033314e6 4.4803920339942435e6 4.40336389839416e6 6.40668772835555e6 5.920378363582266e6 2.7283703699274515e6 826321.6533143299 4.924027097347585e6 2.603366518978382e6 65100.643809705274 4.520875513439211e6 933906.355522513 4.3709365008760495e6 3.100080912585672e6 2.668150352372199e6 948574.1337660201 4.0926660607645335e6 745553.1398003558 774042.4342609692 2.946117301057629e6 4.768353006664505e6 3.990674493195747e6 1.218326088793097e6 4.6839072586254515e6 4.899149193953075e6 709263.1307998372 3.5570518272445686e6 2.593855855617795e6 4.363945440824805e6 5.02655171751458e6 4.865787842048127e6 651323.5085559163 4.628141316943078e6 3.6984540776649867e6 4.432383426987947e6 2.2236136013823096e6 1.5488230938330023e6 1.9322513085709875e6 679405.7925179972 3.940151736558967e6 1.5548658345365392e6 4.886538645216871e6 4.608861980649269e6 4.471568616402255e6 3.331516240673207e6 3.120746629433218e6 3.0670938926366167e6 4.462477609637326e6 4.123746467482101e6 1.9004034850508124e6 575561.3559801478 3.4297536578704333e6 1.813334018014084e6 45344.82991702669 5.640068037151394e6 1.1651051593473386e6 5.45300997068493e6 3.867540085030187e6 3.328680357597512e6 1.183404107637621e6 5.105850618410913e6 930123.0306576088 965665.1637268874 3.6754610858004317e6 5.948811309401442e6 4.9786099150131615e6 1.5199361300267782e6 5.843460086397719e6 6.111987533368364e6 884849.0302514231 4.437639182431519e6 3.2359934399340814e6 5.444288196722426e6 6.270929954776698e6 6.070367211376326e6 812565.8164068625 5.773888671677401e6 4.614047117267746e6 5.52966876009744e6 2.77409363802428e6 1.9322513085709875e6 2.4106014007283775e6 847600.1790461141 4.915579693541943e6 1.939789996287006e6 6.096255104407077e6 5.749836523352379e6 5.578554674714725e6 4.1562697774833087e6 3.893321827683834e6 3.8263867649924033e6 5.567213089101941e6 5.1446253221133975e6 2.3708692977419067e6 718047.9085595589 4.278826949238936e6 2.262244825206481e6 56570.44196524024 1.9831244919534703e6 409666.7916031093 1.9173523362660604e6 1.3598795999824377e6 1.1704092042070641e6 416100.9502502056 1.795286394938689e6 327043.88501644944 339540.9815269297 1.292342016170802e6 2.0916828180041197e6 1.7505468361923525e6 534430.1781124362 2.0546398977379564e6 2.149057793646564e6 311124.9318295718 1.560334182347399e6 1.137819225630341e6 1.9142856421332255e6 2.2049441068309085e6 2.13442352339278e6 285709.1725181544 2.0301776438142613e6 1.6223616071664342e6 1.9443066073503918e6 975408.9844839548 679405.7925179972 847600.1790461141 298027.7300518982 1.7283845546188918e6 682056.4974648786 2.1435260580388485e6 2.021720581928969e6 1.9614955586095771e6 1.4614008796702574e6 1.368944810714809e6 1.345409533955832e6 1.9575077031336958e6 1.8089201071694854e6 833629.8322293258 252475.3929350877 1.5044936451071594e6 795435.9929898741 19890.93540058814 1.1500949059948e7 2.375825078504571e6 1.1119509460370092e7 7.886497328089795e6 6.787681101966618e6 2.413139392933206e6 1.0411599201151915e7 1.8966610907198288e6 1.9691368586040267e6 7.494819289620078e6 1.2130523140147014e7 1.0152136223313687e7 3.0993789242729386e6 1.1915696113028204e7 1.2463264062291292e7 1.804340578098036e6 9.049015339423327e6 6.598678502787138e6 1.1101724448310947e7 1.278737162270386e7 1.2378393950807529e7 1.6569442071961889e6 1.1773829509388614e7 9.408737714926226e6 1.1275828289544333e7 5.6567951677684095e6 3.940151736558967e6 4.915579693541943e6 1.7283845546188918e6 1.002360809890052e7 3.955524257391991e6 1.2431183267719107e7 1.1724783552700454e7 1.1375514039797502e7 8.47526070170948e6 7.939070188378559e6 7.802579503998911e6 1.1352386836804124e7 1.0490666667919934e7 4.834559945290324e6 1.4642079429801765e6 8.725173252410673e6 4.61305826888065e6 115355.66008341547 4.538513730863433e6 937549.9956323991 4.38798973052609e6 3.1121758930836576e6 2.6785601537250024e6 952275.000282831 4.108633616962422e6 748461.9189388254 777062.3645179479 2.957611591789334e6 4.78695675871142e6 4.006244128805274e6 1.2230793938517862e6 4.7021815451827645e6 4.918263247949866e6 712030.3242947351 3.5709296819502907e6 2.603975796636404e6 4.38097139482064e6 5.046162833065995e6 4.884771736571003e6 653864.650337694 4.646198032412372e6 3.7128836139265876e6 4.449676392113911e6 2.2322890404763627e6 1.5548658345365392e6 1.939789996287006e6 682056.4974648786 3.955524257391991e6 1.5609321510218137e6 4.905603499097493e6 4.626843477695863e6 4.489014462732014e6 3.3445141672099233e6 3.1329222373242606e6 3.0790601741186017e6 4.479887987360738e6 4.139835284035354e6 1.907817918331143e6 577806.911361529 3.443134858159892e6 1.820408749352603e6 45521.74298768376 1.4263367452743651e7 2.9464756274911677e6 1.3790309695383957e7 9.780758850359987e6 8.41801743532212e6 2.9927524847460454e6 1.2912366136277232e7 2.352221014913425e6 2.4421047717550313e6 9.295003478629934e6 1.504415922895227e7 1.2590582623108065e7 3.8438202135984544e6 1.4777732796611395e7 1.5456821350518964e7 2.237725994712349e6 1.1222502612518512e7 8.183618212478096e6 1.3768252892868895e7 1.5858776459117426e7 1.5351566246828094e7 2.0549264197889694e6 1.4601791186363677e7 1.166862687548389e7 1.3984174818051053e7 7.015503473862904e6 4.886538645216871e6 6.096255104407077e6 2.1435260580388485e6 1.2431183267719107e7 4.905603499097493e6 1.5417035054729464e7 1.4540964858147793e7 1.4107804135792753e7 1.051093757707913e7 9.84595921081996e6 9.67668476442117e6 1.4079121998976972e7 1.3010424855274374e7 5.99577518451368e6 1.8158967411378666e6 1.0820876741501413e7 5.721070915712737e6 143062.99062340058 1.3452854206592055e7 2.779042688989324e6 1.3006677869752802e7 9.224969017987244e6 7.939665134558024e6 2.822689872296614e6 1.2178623292780701e7 2.2185564860579506e6 2.3033326148604313e6 8.766816606391318e6 1.418927763295622e7 1.1875125068880066e7 3.6253958331519193e6 1.3937990833892874e7 1.457849030495759e7 2.1105676244340013e6 1.0584785954614738e7 7.71858560467095e6 1.2985874441005573e7 1.4957604388043895e7 1.447921630327851e7 1.9381556019141583e6 1.3772047073460601e7 1.1005559287951397e7 1.3189526642290166e7 6.616848772381828e6 4.608861980649269e6 5.749836523352379e6 2.021720581928969e6 1.1724783552700454e7 4.626843477695863e6 1.4540964858147793e7 1.3714677190217972e7 1.3306130746668028e7 9.913655472139986e6 9.28646437989188e6 9.126808922942514e6 1.3279078467029674e7 1.227110984300976e7 5.655066356525056e6 1.7127087410241456e6 1.0205982400244465e7 5.395972107544133e6 134933.46235327085 1.3052107206464395e7 2.6962578015790777e6 1.2619222014074523e7 8.950166466539279e6 7.703150493439473e6 2.7386047791823735e6 1.181583435035128e7 2.152467919070744e6 2.2347186522375992e6 8.505661954617932e6 1.3766593319422267e7 1.152137703337675e7 3.517398936575204e6 1.3522792101437097e7 1.414421173727348e7 2.047695937053041e6 1.0269475823904578e7 7.488656700454867e6 1.2599038298552072e7 1.4512032393019399e7 1.4047895008285578e7 1.8804198953258032e6 1.3361791638773602e7 1.0677714742723778e7 1.2796623905530289e7 6.419739500616209e6 4.471568616402255e6 5.578554674714725e6 1.9614955586095771e6 1.1375514039797502e7 4.489014462732014e6 1.4107804135792753e7 1.3306130746668028e7 1.290975449088279e7 9.618337643688941e6 9.009829943445638e6 8.854930462027108e6 1.2883508071454113e7 1.1905565819243155e7 5.4866076158668995e6 1.6616888697375362e6 9.901956446536476e6 5.235231524046898e6 130913.93018377665 9.724396708090736e6 2.008831223578494e6 9.401878108352879e6 6.668269571136554e6 5.739187559172818e6 2.0403815934221563e6 8.80331879307529e6 1.603683728257734e6 1.6649641595469958e6 6.3370940648306785e6 1.0256720439034574e7 8.583935078356631e6 2.6206176595709436e6 1.0075077756814703e7 1.0538062849220116e7 1.525623971245588e6 7.651213349391937e6 5.579380203823152e6 9.386840348267185e6 1.0812105493624067e7 1.0466302629395984e7 1.4009959273762305e6 9.95512529669772e6 7.955369386074946e6 9.534050357783e6 4.782989649033314e6 3.331516240673207e6 4.1562697774833087e6 1.4614008796702574e6 8.47526070170948e6 3.3445141672099233e6 1.051093757707913e7 9.913655472139986e6 9.618337643688941e6 7.166086628009731e6 6.712721498265538e6 6.597314538809576e6 9.598782901251262e6 8.870172703091606e6 4.0877651550315735e6 1.2380316464718883e6 7.377395170694488e6 3.900478857032393e6 97536.66374206785 9.109179141781185e6 1.881741770772815e6 8.807064800937373e6 6.2463990222276e6 5.376095728518617e6 1.911296094760467e6 8.246373562856862e6 1.5022260820874495e6 1.559629584150982e6 5.936175457222239e6 9.607825214349814e6 8.040869240259759e6 2.4548233108677827e6 9.437674223825354e6 9.87136839255318e6 1.4291048045694372e6 7.1671564975965265e6 5.226398644807169e6 8.79297841032378e6 1.0128073627365958e7 9.804148109665321e6 1.312361400143001e6 9.325310600610163e6 7.452069989751216e6 8.930875123960236e6 4.4803920339942435e6 3.120746629433218e6 3.893321827683834e6 1.368944810714809e6 7.939070188378559e6 3.1329222373242606e6 9.84595921081996e6 9.28646437989188e6 9.009829943445638e6 6.712721498265538e6 6.288038681691351e6 6.179932986351096e6 8.991512339044739e6 8.308997935447552e6 3.8291511755925063e6 1.1597071149435788e6 6.910661527584034e6 3.6537136147352727e6 91365.97051608886 8.952571621543042e6 1.8493903472403057e6 8.655651313774167e6 6.139009207397617e6 5.283668407955292e6 1.878436565138487e6 8.10459963410483e6 1.4763993969502887e6 1.5328160021736964e6 5.834119091485609e6 9.44264483329886e6 7.902628398502639e6 2.4126193114344575e6 9.2754191255334e6 9.701657104493843e6 1.404535240603186e6 7.043936766292856e6 5.136544957795455e6 8.641807100273216e6 9.953948992107004e6 9.63559249124964e6 1.2897989209850312e6 9.164987288719906e6 7.323951947107495e6 8.77733305557509e6 4.40336389839416e6 3.0670938926366167e6 3.8263867649924033e6 1.345409533955832e6 7.802579503998911e6 3.0790601741186017e6 9.67668476442117e6 9.126808922942514e6 8.854930462027108e6 6.597314538809576e6 6.179932986351096e6 6.073685873942118e6 8.836927778933309e6 8.166147351209306e6 3.763319352450948e6 1.1397691103608375e6 6.791851528549539e6 3.5908979625279824e6 89795.1815510276 1.3025571374167131e7 2.690776123891244e6 1.2593566267167881e7 8.931970162093429e6 7.687489458296178e6 2.733037007174427e6 1.1791811945860311e7 2.1480918036418566e6 2.230175315407055e6 8.488369358439043e6 1.3738604887680925e7 1.1497953280878011e7 3.5102478224426676e6 1.3495299334352195e7 1.4115455581298038e7 2.0435328302748103e6 1.0248597272730177e7 7.473431745955825e6 1.2573423586528284e7 1.4482528432334576e7 1.4019334670849428e7 1.8765968722536291e6 1.3334626196710587e7 1.0656006213729272e7 1.2770607488368152e7 6.40668772835555e6 4.462477609637326e6 5.567213089101941e6 1.9575077031336958e6 1.1352386836804124e7 4.479887987360738e6 1.4079121998976972e7 1.3279078467029674e7 1.2883508071454113e7 9.598782901251262e6 8.991512339044739e6 8.836927778933309e6 1.2857315012802618e7 1.188136098449992e7 5.475452964953259e6 1.6583105418951365e6 9.881825087551778e6 5.224587938029565e6 130647.77315320831 1.2036845591147548e7 2.486528674500957e6 1.1637632488077844e7 8.253975397891535e6 7.1039588924752455e6 2.525581681237693e6 1.0896736546518309e7 1.9850376320017623e6 2.0608904701088362e6 7.844046787136967e6 1.2695755212609565e7 1.0625183669918384e7 3.243797128869209e6 1.247091813692513e7 1.304400048183301e7 1.8884153663494415e6 9.470661927534586e6 6.906149555976957e6 1.1619018768212054e7 1.338321011047102e7 1.2955175775114575e7 1.7341509358234731e6 1.2322441137883626e7 9.847145873949766e6 1.1801235126429832e7 5.920378363582266e6 4.123746467482101e6 5.1446253221133975e6 1.8089201071694854e6 1.0490666667919934e7 4.139835284035354e6 1.3010424855274374e7 1.227110984300976e7 1.1905565819243155e7 8.870172703091606e6 8.308997935447552e6 8.166147351209306e6 1.188136098449992e7 1.0979488229341095e7 5.059830389586083e6 1.532433960981638e6 9.131730142255995e6 4.828007653633921e6 120730.75545778069 5.54710710050086e6 1.145901620277267e6 5.3631321693711e6 3.803794373724995e6 3.2738162598926225e6 1.1638989609696304e6 5.02169477972977e6 914792.5226636244 949748.8418812059 3.6148812660344336e6 5.850761593044021e6 4.896551287729116e6 1.4948841828932397e6 5.747146793839301e6 6.01124830785624e6 870264.7390505613 4.364496962834413e6 3.182657029949355e6 5.35455414975189e6 6.167571002645978e6 5.970313981864711e6 799172.9142493312 5.678722071647141e6 4.537997300324839e6 5.438527450467871e6 2.7283703699274515e6 1.9004034850508124e6 2.3708692977419067e6 833629.8322293258 4.834559945290324e6 1.907817918331143e6 5.99577518451368e6 5.655066356525056e6 5.4866076158668995e6 4.0877651550315735e6 3.8291511755925063e6 3.763319352450948e6 5.475452964953259e6 5.059830389586083e6 2.331792068683266e6 706212.872935881 4.208302310467434e6 2.224957970420553e6 55638.03454795676 1.6800119078112594e6 347050.8739721648 1.6242927609772554e6 1.1520274851276008e6 991516.8755456542 352501.59740769694 1.5208841067045385e6 277056.54558442254 287643.51127208443 1.0948127487412929e6 1.7719775313498483e6 1.4829828091566332e6 452744.6798048275 1.7405964721174268e6 1.8205829732577023e6 263570.74021902145 1.3218433926588206e6 963908.1438163235 1.621694798680041e6 1.8679272887630204e6 1.8081854922179384e6 242039.67726130164 1.7198731750927262e6 1.3743901756417681e6 1.6471271803855114e6 826321.6533143299 575561.3559801478 718047.9085595589 252475.3929350877 1.4642079429801765e6 577806.911361529 1.8158967411378666e6 1.7127087410241456e6 1.6616888697375362e6 1.2380316464718883e6 1.1597071149435788e6 1.1397691103608375e6 1.6583105418951365e6 1.532433960981638e6 706212.872935881 213885.54691412993 1.2745378564290851e6 673856.8080556066 16850.68610976373 1.0011142906335592e7 2.0680662315247909e6 9.679114104051068e6 6.864898833166187e6 5.908420701650209e6 2.1005469365735524e6 9.062904890971893e6 1.6509720306654759e6 1.7140594563860097e6 6.523957855516879e6 1.0559163426567826e7 8.837052142950626e6 2.697892597388947e6 1.0372164592174299e7 1.0848801864666197e7 1.5706105022189615e6 7.876826969008367e6 5.743901058950115e6 9.663632921029832e6 1.1130925286603056e7 1.0774925629747508e7 1.442307513893204e6 1.0248675057939388e7 8.18995174584155e6 9.815183756186496e6 4.924027097347585e6 3.4297536578704333e6 4.278826949238936e6 1.5044936451071594e6 8.725173252410673e6 3.443134858159892e6 1.0820876741501413e7 1.0205982400244465e7 9.901956446536476e6 7.377395170694488e6 6.910661527584034e6 6.791851528549539e6 9.881825087551778e6 9.131730142255995e6 4.208302310467434e6 1.2745378564290851e6 7.594934631665528e6 4.015493445305816e6 100412.75655862842 5.292959145797785e6 1.0934006413331048e6 5.117413266354992e6 3.629518567853862e6 3.123822093302571e6 1.1105734103624036e6 4.791619276537089e6 872880.1087872753 906234.8585972111 3.44926076085721e6 5.582701311281445e6 4.6722093970231125e6 1.426394112174037e6 5.483833759392803e6 5.735835117706002e6 830392.4237206598 4.164531835730234e6 3.036839442506351e6 5.109228259905012e6 5.884995684122393e6 5.696776251307988e6 762557.7636977537 5.41854400519048e6 4.330083028718022e6 5.189354214204208e6 2.603366518978382e6 1.813334018014084e6 2.262244825206481e6 795435.9929898741 4.61305826888065e6 1.820408749352603e6 5.721070915712737e6 5.395972107544133e6 5.235231524046898e6 3.900478857032393e6 3.6537136147352727e6 3.5908979625279824e6 5.224587938029565e6 4.828007653633921e6 2.224957970420553e6 673856.8080556066 4.015493445305816e6 2.1230186158637186e6 53088.90534820046 132357.48617721422 27341.93789995532 127967.72788288408 90760.94117523216 78115.32795650403 27771.365839376398 119820.81567061473 21827.528562146752 22661.608462502303 86253.35486279365 139602.8745519585 116834.8127482718 35668.88271473305 137130.55986521748 143432.18913928038 20765.06746354351 104139.6598195643 75940.21103546026 127763.05090574858 147162.1475734612 142455.47021382314 19068.77152983202 135497.90268776534 108279.48768029867 129766.70700746091 65100.643809705274 45344.82991702669 56570.44196524024 19890.93540058814 115355.66008341547 45521.74298768376 143062.99062340058 134933.46235327085 130913.93018377665 97536.66374206785 91365.97051608886 89795.1815510276 130647.77315320831 120730.75545778069 55638.03454795676 16850.68610976373 100412.75655862842 53088.90534820046 1327.5587175779665
