7.907232838135826e6 507903.2863737311 7.368914214974902e6 491426.72750432143 5.627305810277348e6 4.154203391933832e6 6.951190013745185e6 6.465322172050286e6 1.11630628680403e7 9.833716000185387e6 8.844684185462428e6 1.1243584304399507e7 3.9056813670652723e6 3.3775834031727705e6 1.0581436020912467e7 1.1206065219396008e7 8.997669494582793e6 8.51980428361164e6 4.635733208236126e6 1.0675258503832089e7 3.6167561106671416e6 6.169415616679036e6 4.273267347183043e6 1.0177193404817714e6 1.034679776953813e7 4.273338776961631e6 191203.4921566234 2.805816756279998e6 5.581247701275521e6 9.72676748562862e6 4.50971036913352e6 4.654518684170752e6 6.22498106228489e6 1.0049948705686951e6 8.564914514641492e6 3.1188459097930486e6 5.732870023969819e6 5.405466283281627e6 5.865085444959146e6 2.2541293446323453e6 1.7549954799529493e6 3.437130556612738e6 507903.2863737311 32624.023294861407 473325.60244605324 31565.688657547715 361457.3104114734 266835.89546675375 446494.02951207175 415285.40336033073 717034.1929643889 631646.5919242615 568118.3615927523 722206.3060142451 250872.64311907737 216951.4602123764 679674.7028435613 719796.3521194885 577945.028248423 547250.4330513066 297765.8783309656 685701.1786519876 232314.18022252005 396278.5124530914 274483.70038127125 65370.90891567329 664603.2434061652 274488.2885121677 12281.525537494837 180225.31783863142 358498.87154859264 624776.9950465531 289671.08519048034 298972.5210539767 399847.6336627164 64553.58125901878 550147.9871082252 200332.040260321 368237.98984199145 347207.94819903036 376730.5495280924 144788.91990236932 112728.18065254942 220776.33745394382 7.368914214974902e6 473325.60244605324 6.867243929604696e6 457970.7556428715 5.244202950161224e6 3.871388266079579e6 6.4779580862013055e6 6.0251677714913115e6 1.040308971986132e7 9.164243813626712e6 8.24254456083316e6 1.0478129315778598e7 3.6397854387344792e6 3.1476399976316974e6 9.861059602708254e6 1.0443164502616437e7 8.385114742100916e6 7.93978224487329e6 4.320135884990062e6 9.948494719673095e6 3.3705300022853115e6 5.749406317792482e6 3.982346434415734e6 948433.7527992981 9.642395351721454e6 3.9824130013072863e6 178186.49838038092 2.6147988054998117e6 5.20128044350358e6 9.064576275649719e6 4.2026925885190265e6 4.337642459474893e6 5.80118890853796e6 936575.5554830049 7.981821404397401e6 2.906517163393481e6 5.3425804294633875e6 5.037466095766599e6 5.465794721379551e6 2.100669868976485e6 1.635516672415438e6 3.2031332244567364e6 491426.72750432143 31565.688657547715 457970.7556428715 30541.68676314603 349731.50982393627 258179.64641682245 432009.60824632255 401813.4007573822 693773.3549097517 611155.7572797225 549688.4047865904 698777.6828173741 242734.2475150877 209913.47955366632 657625.8196134376 696445.9086632982 559196.2909657689 529497.4390888992 288106.2499031796 663456.7944552497 224777.8275953027 383423.0999872012 265579.35388586856 63250.25394455472 643043.2835504917 265583.7931762065 11883.108586957938 174378.7459837267 346869.04374444473 604509.012508707 280274.05466133595 289273.7487175108 386876.4376661815 62459.44068072215 532300.995486663 193833.19935235078 356292.2216606056 335944.4018666707 364509.2797632868 140091.9170941335 109071.2393517277 213614.27645015682 5.627305810277348e6 361457.3104114734 5.244202950161224e6 349731.50982393627 4.0047601140131312e6 2.95640375881664e6 4.946922994860499e6 4.601147552987814e6 7.94436812772851e6 6.998317656408692e6 6.294457710525047e6 8.001672466167956e6 2.779539176332125e6 2.403710008095753e6 7.530444293277799e6 7.974971423039668e6 6.403332096359253e6 6.063251851692858e6 3.299091977131267e6 7.597214529348489e6 2.573921002775422e6 4.390561028924819e6 3.0411374831022196e6 724275.8718706049 7.363460315152855e6 3.0411883172203377e6 136072.95300184304 1.9968033392210521e6 3.9719821410228387e6 6.9222060748117445e6 3.209405854409613e6 3.312460954628162e6 4.4301050465741325e6 715220.3040202172 6.0953552525125425e6 2.219575427815003e6 4.079886536268461e6 3.846884548089299e6 4.1739797066571186e6 1.604186371873267e6 1.2489699574444317e6 2.446087670344688e6 4.154203391933832e6 266835.89546675375 3.871388266079579e6 258179.64641682245 2.95640375881664e6 2.1824835786197847e6 3.651929533908181e6 3.3966703456032653e6 5.864710775573476e6 5.1663150939811e6 4.646709891559715e6 5.907014123773055e6 2.0519181760556898e6 1.7744726527248265e6 5.5591429150287425e6 5.88730281472546e6 4.727083405666794e6 4.476028539705423e6 2.4354637092354735e6 5.60843420121733e6 1.9001262275050217e6 3.241210649249047e6 2.245035914800888e6 534676.6969951486 5.435871596264024e6 2.2450734416872934e6 100452.10656195864 1.4740850212311568e6 2.9322063238152745e6 5.110127816961601e6 2.3692554014269225e6 2.4453329883428677e6 3.2704029302069163e6 527991.6736556912 4.499727990397114e6 1.6385403746926675e6 3.011863769109125e6 2.839856474276592e6 3.0813254583730153e6 1.184246367979334e6 922017.6419350118 1.8057567936960233e6 6.951190013745185e6 446494.02951207175 6.4779580862013055e6 432009.60824632255 4.946922994860499e6 3.651929533908181e6 6.11073982470235e6 5.68361699193324e6 9.813366157233994e6 8.64474713945697e6 7.775296572550519e6 9.884151957496895e6 3.433455656532219e6 2.9692086350983386e6 9.302062289718913e6 9.851169206850758e6 7.909784828401336e6 7.489697049222946e6 4.0752388405796383e6 9.38454094181959e6 3.179463596590939e6 5.423487723603347e6 3.7565977779914597e6 894669.5590185814 9.095793535126323e6 3.7566605713824946e6 168085.57841654087 2.4665727968180776e6 4.906433651255819e6 8.550729489845537e6 3.96445309307402e6 4.091753013792098e6 5.4723348966297805e6 883483.5714549688 7.529353120300066e6 2.7417544147687657e6 5.039723715801576e6 4.751905504384e6 5.155953316327769e6 1.9815884660090979e6 1.5428035703692436e6 3.0215560980872293e6 6.465322172050286e6 415285.40336033073 6.0251677714913115e6 401813.4007573822 4.601147552987814e6 3.3966703456032653e6 5.68361699193324e6 5.286348795346679e6 9.127440578282926e6 8.040504610287046e6 7.231826093859422e6 9.193278658237739e6 3.1934671529672514e6 2.761669639872424e6 8.651875354952304e6 9.162601305349097e6 7.356914014159875e6 6.9661891415037075e6 3.790391570407427e6 8.728588990616541e6 2.9572283947954937e6 5.044401801694245e6 3.4940225857007266e6 832134.7747858193 8.460024182731196e6 3.4940809900174714e6 156336.88832983692 2.2941665758971134e6 4.563488296022967e6 7.953058519273147e6 3.687349422476079e6 3.8057514512353814e6 5.089834700260575e6 821730.6550209593 7.003073369252384e6 2.550113803977372e6 4.687461775084489e6 4.419761214444035e6 4.795567266639837e6 1.8430812306719052e6 1.4349661152842517e6 2.8103581683752304e6 1.11630628680403e7 717034.1929643889 1.040308971986132e7 693773.3549097517 7.94436812772851e6 5.864710775573476e6 9.813366157233994e6 9.127440578282926e6 1.5759491992548756e7 1.3882782028005034e7 1.2486512997833505e7 1.587316840434829e7 5.513858961229477e6 4.768314863554228e6 1.493837831180393e7 1.5820200708414836e7 1.2702490528602641e7 1.2027862690809269e7 6.544512132413966e6 1.5070832521349413e7 5.105967747278912e6 8.709693491749268e6 6.032799719578548e6 1.4367687422869557e6 1.4607126961937739e7 6.032900560811551e6 269932.18072941405 3.9611213540461194e6 7.879345435606588e6 1.3731797098627111e7 6.366598960447351e6 6.571032591992809e6 8.788138198675977e6 1.4188049285850127e6 1.2091547212978566e7 4.403041326775725e6 8.093398765650398e6 7.631185420558679e6 8.28005433616933e6 3.182274773226187e6 2.4776208411816605e6 4.852380760065746e6 9.833716000185387e6 631646.5919242615 9.164243813626712e6 611155.7572797225 6.998317656408692e6 5.1663150939811e6 8.64474713945697e6 8.040504610287046e6 1.3882782028005034e7 1.2229558981230168e7 1.099956383877949e7 1.3982921350229686e7 4.857244264479058e6 4.200482853312704e6 1.3159450193743937e7 1.3936261281648954e7 1.1189821810548652e7 1.0595531637582548e7 5.765162700478869e6 1.3276131170559755e7 4.497926539193787e6 7.672504693289532e6 5.314387263569008e6 1.2656719698358027e6 1.2867645718774246e7 5.314476096182259e6 237787.46352879447 3.489413514769315e6 6.9410381538695535e6 1.2096554004606651e7 5.608436215418862e6 5.788524986508754e6 7.741607857784248e6 1.249847366470816e6 1.0651632325361826e7 3.878707703828694e6 7.129601067240865e6 6.722430130298396e6 7.294028867391557e6 2.8033154273504815e6 2.182574800154114e6 4.274537811290412e6 8.844684185462428e6 568118.3615927523 8.24254456083316e6 549688.4047865904 6.294457710525047e6 4.646709891559715e6 7.775296572550519e6 7.231826093859422e6 1.2486512997833505e7 1.099956383877949e7 9.89327618674398e6 1.2576580748377308e7 4.368724043907319e6 3.7780168009021794e6 1.1835930691489693e7 1.2534613543847425e7 1.0064398850245055e7 9.529879763634263e6 5.185328045123738e6 1.1940876409910657e7 4.0455449117941833e6 6.90083798661105e6 4.779889614935557e6 1.1383762613623135e6 1.157347462452956e7 4.779969513156083e6 213871.84845837558 3.1384636825018334e6 6.242939127900787e6 1.0879935916505994e7 5.04436441918343e6 5.206340655390384e6 6.962991059382349e6 1.1241432268592962e6 9.580338091491768e6 3.4886043777792845e6 6.4125372145069605e6 6.0463177358595105e6 6.560427591208483e6 2.521370316844845e6 1.963061046114001e6 3.844623637592213e6 1.1243584304399507e7 722206.3060142451 1.0478129315778598e7 698777.6828173741 8.001672466167956e6 5.907014123773055e6 9.884151957496895e6 9.193278658237739e6 1.587316840434829e7 1.3982921350229686e7 1.2576580748377308e7 1.5987664787159944e7 5.553631544138725e6 4.802709685689073e6 1.5046131864100713e7 1.5934315024493763e7 1.2794116168876568e7 1.2114622103673283e7 6.591719025665543e6 1.5179541492721634e7 5.14279812814076e6 8.772518277248949e6 6.076315527420018e6 1.4471324466047175e6 1.4712491131069485e7 6.0764170960412845e6 271879.25629181485 3.989693725696384e6 7.936180752181023e6 1.3830847335936107e7 6.412522529908378e6 6.618430782697733e6 8.851528821755469e6 1.429039056271444e6 1.217876599521634e7 4.434801356811564e6 8.151778092304895e6 7.686230708617214e6 8.339780047308112e6 3.2052291665373147e6 2.495492422775689e6 4.887381966560864e6 3.9056813670652723e6 250872.64311907737 3.6397854387344792e6 242734.2475150877 2.779539176332125e6 2.0519181760556898e6 3.433455656532219e6 3.1934671529672514e6 5.513858961229477e6 4.857244264479058e6 4.368724043907319e6 5.553631544138725e6 1.9291637483432384e6 1.6683161901921218e6 5.22657146307258e6 5.535099449004158e6 4.4442892743106e6 4.208253572736551e6 2.289763964805932e6 5.272913935951797e6 1.7864526364424569e6 3.0473077134561185e6 2.110728366804489e6 502690.07456706103 5.1106747562026745e6 2.1107636486737593e6 94442.63649759836 1.385899017864999e6 2.756789334280792e6 4.804418348119909e6 2.2275165181222004e6 2.2990428218765706e6 3.074753588643806e6 496404.9776105635 4.230535222006771e6 1.5405159562113308e6 2.8316813341372036e6 2.669964243507707e6 2.896987531231363e6 1.1133997392646875e6 866858.6451985628 1.6977287814757102e6 3.3775834031727705e6 216951.4602123764 3.1476399976316974e6 209913.47955366632 2.403710008095753e6 1.7744726527248265e6 2.9692086350983386e6 2.761669639872424e6 4.768314863554228e6 4.200482853312704e6 3.7780168009021794e6 4.802709685689073e6 1.6683161901921218e6 1.4427385507567357e6 4.51987230141996e6 4.786683366317413e6 3.8433646478154636e6 3.6392439853068916e6 1.9801586555236129e6 4.559948680557986e6 1.5449014418542152e6 2.635272821823547e6 1.82533095516741e6 434719.96131450235 4.419646308355833e6 1.825361466477699e6 81672.78679618829 1.1985077842465057e6 2.3840362350160205e6 4.1547996749928803e6 1.926327858013668e6 1.9881828927044738e6 2.6590076644303165e6 429284.68967493466 3.6585128712444454e6 1.332218539356148e6 2.448801880743926e6 2.3089510045496915e6 2.505277846574007e6 962853.8856622122 749648.2937929758 1.4681741843446337e6 1.0581436020912467e7 679674.7028435613 9.861059602708254e6 657625.8196134376 7.530444293277799e6 5.5591429150287425e6 9.302062289718913e6 8.651875354952304e6 1.493837831180393e7 1.3159450193743937e7 1.1835930691489693e7 1.5046131864100713e7 5.22657146307258e6 4.51987230141996e6 1.4160046954056893e7 1.4995923933506716e7 1.2040655187876003e7 1.140117735030379e7 6.203524716812854e6 1.4285599928233784e7 4.839932524016966e6 8.255894061884975e6 5.718473954174332e6 1.3619090659143825e6 1.3846054727471385e7 5.718569541296603e6 255867.95793752436 3.7547358349928674e6 7.468809465567078e6 1.3016332002149003e7 6.03488131950367e6 6.228663386154416e6 8.330251579829325e6 1.3448812172293316e6 1.1461543730465107e7 4.1736305391684975e6 7.6717100174762225e6 7.233579282487486e6 7.848640309882586e6 3.016469342859484e6 2.3485298546603527e6 4.599558129224801e6 1.1206065219396008e7 719796.3521194885 1.0443164502616437e7 696445.9086632982 7.974971423039668e6 5.88730281472546e6 9.851169206850758e6 9.162601305349097e6 1.5820200708414836e7 1.3936261281648954e7 1.2534613543847425e7 1.5934315024493763e7 5.535099449004158e6 4.786683366317413e6 1.4995923933506716e7 1.5881143286399305e7 1.2751423063271722e7 1.2074196424086826e7 6.569722902387813e6 1.512888838316504e7 5.125636956498186e6 8.743244973467158e6 6.056039270969293e6 1.4423034629100573e6 1.4663396537173497e7 6.056140500662898e6 270972.01348993456 3.9763803859303673e6 7.909698250499803e6 1.37846947281183e7 6.391124373290977e6 6.596345524082413e6 8.821991865097936e6 1.4242704490040457e6 1.2138126271775708e7 4.420002722801702e6 8.124576156792643e6 7.660582273429133e6 8.311950761909949e6 3.1945335322716516e6 2.4871651323137786e6 4.871073101479805e6 8.997669494582793e6 577945.028248423 8.385114742100916e6 559196.2909657689 6.403332096359253e6 4.727083405666794e6 7.909784828401336e6 7.356914014159875e6 1.2702490528602641e7 1.1189821810548652e7 1.0064398850245055e7 1.2794116168876568e7 4.4442892743106e6 3.8433646478154636e6 1.2040655187876003e7 1.2751423063271722e7 1.0238481399370564e7 9.694716808230588e6 5.275017964768085e6 1.2147416138230275e7 4.1155201563493726e6 7.020200850274004e6 4.862566720750602e6 1.1580666019768543e6 1.1773659453733584e7 4.8626480009598695e6 217571.16096772748 3.192749265408203e6 6.350922403761707e6 1.1068124700242583e7 5.131616110007278e6 5.296394027319703e6 7.083428976359963e6 1.1435873805962158e6 9.746047906977717e6 3.5489462970544174e6 6.523454005591446e6 6.150900078028468e6 6.673902422186896e6 2.564982119057459e6 1.9970158481922387e6 3.9111235739738024e6 8.51980428361164e6 547250.4330513066 7.93978224487329e6 529497.4390888992 6.063251851692858e6 4.476028539705423e6 7.489697049222946e6 6.9661891415037075e6 1.2027862690809269e7 1.0595531637582548e7 9.529879763634263e6 1.2114622103673283e7 4.208253572736551e6 3.6392439853068916e6 1.140117735030379e7 1.2074196424086826e7 9.694716808230588e6 9.179831493132059e6 4.9948623562376555e6 1.1502268238638643e7 3.896945345510411e6 6.647358775735056e6 4.604316351221938e6 1.096561815497922e6 1.1148361729456395e7 4.604393314648468e6 206015.98117370653 3.0231827124012425e6 6.013625631951828e6 1.0480297847064564e7 4.85907655779234e6 5.015103138520632e6 6.707228863183391e6 1.082851583930026e6 9.228436403020289e6 3.360462159913321e6 6.17699409988815e6 5.824226469354665e6 6.319452218064667e6 2.428756208314839e6 1.8909545619687696e6 3.7034042425473146e6 4.635733208236126e6 297765.8783309656 4.320135884990062e6 288106.2499031796 3.299091977131267e6 2.4354637092354735e6 4.0752388405796383e6 3.790391570407427e6 6.544512132413966e6 5.765162700478869e6 5.185328045123738e6 6.591719025665543e6 2.289763964805932e6 1.9801586555236129e6 6.203524716812854e6 6.569722902387813e6 5.275017964768085e6 4.9948623562376555e6 2.717767747308374e6 6.25852954703007e6 2.120377223173227e6 3.616911938107556e6 2.505266729147915e6 596653.14528006 6.06596454170678e6 2.505308605921173e6 112095.89957264252 1.6449519294007574e6 3.2720897236528345e6 5.702462538405581e6 2.643884977927084e6 2.7287810128091276e6 3.649488009496675e6 589193.2349750593 5.021308902114959e6 1.828469940289204e6 3.3609805721724234e6 3.169035245118313e6 3.4384938350632177e6 1.321516954474207e6 1.0288922804302066e6 2.0150690625279762e6 1.0675258503832089e7 685701.1786519876 9.948494719673095e6 663456.7944552497 7.597214529348489e6 5.60843420121733e6 9.38454094181959e6 8.728588990616541e6 1.5070832521349413e7 1.3276131170559755e7 1.1940876409910657e7 1.5179541492721634e7 5.272913935951797e6 4.559948680557986e6 1.4285599928233784e7 1.512888838316504e7 1.2147416138230275e7 1.1502268238638643e7 6.25852954703007e6 1.441226614372801e7 4.882846783071149e6 8.3290966478172215e6 5.769177981853702e6 1.3739847132860906e6 1.3968823624869142e7 5.769274416518889e6 258136.66391144204 3.788027973985164e6 7.535033203737226e6 1.3131743992027711e7 6.088390838287516e6 6.283891113563494e6 8.404113472016742e6 1.356805883671868e6 1.1563169869748926e7 4.210636894373978e6 7.739732815200126e6 7.297717303767171e6 7.91823189650286e6 3.043215489870028e6 2.369353578561307e6 4.640341059175342e6 3.6167561106671416e6 232314.18022252005 3.3705300022853115e6 224777.8275953027 2.573921002775422e6 1.9001262275050217e6 3.179463596590939e6 2.9572283947954937e6 5.105967747278912e6 4.497926539193787e6 4.0455449117941833e6 5.14279812814076e6 1.7864526364424569e6 1.5449014418542152e6 4.839932524016966e6 5.125636956498186e6 4.1155201563493726e6 3.896945345510411e6 2.120377223173227e6 4.882846783071149e6 1.654298669562386e6 2.8218811925272294e6 1.9545858970914437e6 465503.2574580615 4.73260934954795e6 1.9546185689620567e6 87456.18256024417 1.2833762589796681e6 2.5528540947194546e6 4.449008453503375e6 2.062734570839819e6 2.1289696709067337e6 2.847296741689722e6 459683.1045353902 3.9175786956432103e6 1.4265553112424316e6 2.6222059113844903e6 2.4724519451071466e6 2.6826810411266307e6 1.0310352873528361e6 802732.2270946905 1.5721382180419783e6 6.169415616679036e6 396278.5124530914 5.749406317792482e6 383423.0999872012 4.390561028924819e6 3.241210649249047e6 5.423487723603347e6 5.044401801694245e6 8.709693491749268e6 7.672504693289532e6 6.90083798661105e6 8.772518277248949e6 3.0473077134561185e6 2.635272821823547e6 8.255894061884975e6 8.743244973467158e6 7.020200850274004e6 6.647358775735056e6 3.616911938107556e6 8.3290966478172215e6 2.8218811925272294e6 4.813528301298439e6 3.3341072465713574e6 794049.4128720732 8.072823584268894e6 3.3341629778240654e6 149181.6207542891 2.1891665602975367e6 4.354625370677835e6 7.589060857829805e6 3.518585850140588e6 3.6315688238943107e6 4.856881815085861e6 784121.4715805148 6.682554876505649e6 2.4333995287318556e6 4.472924799139826e6 4.217476427742548e6 4.576082490296123e6 1.7587266070778614e6 1.369290210983017e6 2.6817329610254085e6 4.273267347183043e6 274483.70038127125 3.982346434415734e6 265579.35388586856 3.0411374831022196e6 2.245035914800888e6 3.7565977779914597e6 3.4940225857007266e6 6.032799719578548e6 5.314387263569008e6 4.779889614935557e6 6.076315527420018e6 2.110728366804489e6 1.82533095516741e6 5.718473954174332e6 6.056039270969293e6 4.862566720750602e6 4.604316351221938e6 2.505266729147915e6 5.769177981853702e6 1.9545858970914437e6 3.3341072465713574e6 2.3093810684858863e6 550001.1085170868 5.591669546295727e6 2.3094196709333803e6 103331.17241212983 1.5163338897728813e6 3.0162465234834175e6 5.256589598514678e6 2.4371608197406195e6 2.515418872452153e6 3.3641362098256066e6 543124.4851897054 4.62869505376299e6 1.685502711256457e6 3.0981870371797797e6 2.9212498275303068e6 3.1696395734681827e6 1.2181881477282294e6 948443.6632202214 1.8575117334019234e6 1.0177193404817714e6 65370.90891567329 948433.7527992981 63250.25394455472 724275.8718706049 534676.6969951486 894669.5590185814 832134.7747858193 1.4367687422869557e6 1.2656719698358027e6 1.1383762613623135e6 1.4471324466047175e6 502690.07456706103 434719.96131450235 1.3619090659143825e6 1.4423034629100573e6 1.1580666019768543e6 1.096561815497922e6 596653.14528006 1.3739847132860906e6 465503.2574580615 794049.4128720732 550001.1085170868 130988.00518372445 1.331709387805905e6 550010.3020578165 24609.303395867413 361129.3656286452 718347.8526410323 1.251906905125013e6 580433.073945044 599070.9749519798 801201.096629611 129350.27180809146 1.1023678358229168e6 401418.53254534566 737862.7668232147 695723.484236589 754879.8692413726 290123.11600535567 225880.89651186834 442384.12031513423 1.034679776953813e7 664603.2434061652 9.642395351721454e6 643043.2835504917 7.363460315152855e6 5.435871596264024e6 9.095793535126323e6 8.460024182731196e6 1.4607126961937739e7 1.2867645718774246e7 1.157347462452956e7 1.4712491131069485e7 5.1106747562026745e6 4.419646308355833e6 1.3846054727471385e7 1.4663396537173497e7 1.1773659453733584e7 1.1148361729456395e7 6.06596454170678e6 1.3968823624869142e7 4.73260934954795e6 8.072823584268894e6 5.591669546295727e6 1.331709387805905e6 1.3539025127399476e7 5.591763013819563e6 250194.20910848727 3.6714763748445357e6 7.303192210084431e6 1.2727701104201308e7 5.901060730572123e6 6.090545773153851e6 8.145532260037898e6 1.315059123470675e6 1.1207389514189374e7 4.0810822905510496e6 7.501593539902286e6 7.073178143108473e6 7.674600488223467e6 2.9495805868783453e6 2.2964523353795237e6 4.497565141278459e6 4.273338776961631e6 274488.2885121677 3.9824130013072863e6 265583.7931762065 3.0411883172203377e6 2.2450734416872934e6 3.7566605713824946e6 3.4940809900174714e6 6.032900560811551e6 5.314476096182259e6 4.779969513156083e6 6.0764170960412845e6 2.1107636486737593e6 1.825361466477699e6 5.718569541296603e6 6.056140500662898e6 4.8626480009598695e6 4.604393314648468e6 2.505308605921173e6 5.769274416518889e6 1.9546185689620567e6 3.3341629778240654e6 2.3094196709333803e6 550010.3020578165 5.591763013819563e6 2.3094582740261336e6 103332.89964381627 1.5163592360442968e6 3.0162969415368265e6 5.256677465011354e6 2.4372015580898956e6 2.5154609189235107e6 3.3641924430272966e6 543133.5637842728 4.628772424691599e6 1.685530885268447e6 3.098238824909428e6 2.921298657666928e6 3.169692555562338e6 1.2182085103460115e6 948459.5169254459 1.8575427826298475e6 191203.4921566234 12281.525537494837 178186.49838038092 11883.108586957938 136072.95300184304 100452.10656195864 168085.57841654087 156336.88832983692 269932.18072941405 237787.46352879447 213871.84845837558 271879.25629181485 94442.63649759836 81672.78679618829 255867.95793752436 270972.01348993456 217571.16096772748 206015.98117370653 112095.89957264252 258136.66391144204 87456.18256024417 149181.6207542891 103331.17241212983 24609.303395867413 250194.20910848727 103332.89964381627 4623.46008537506 67846.99187873967 134959.22947003972 235201.35915033295 109048.5621005881 112550.1480656427 150525.23962331217 24301.615089094892 207106.7842247184 75416.29817384019 138625.5838295862 130708.68801455383 141822.66310214714 54506.72963464109 42437.25603572888 83112.68668516036 2.805816756279998e6 180225.31783863142 2.6147988054998117e6 174378.7459837267 1.9968033392210521e6 1.4740850212311568e6 2.4665727968180776e6 2.2941665758971134e6 3.9611213540461194e6 3.489413514769315e6 3.1384636825018334e6 3.989693725696384e6 1.385899017864999e6 1.1985077842465057e6 3.7547358349928674e6 3.9763803859303673e6 3.192749265408203e6 3.0231827124012425e6 1.6449519294007574e6 3.788027973985164e6 1.2833762589796681e6 2.1891665602975367e6 1.5163338897728813e6 361129.3656286452 3.6714763748445357e6 1.5163592360442968e6 67846.99187873967 995621.0764216752 1.980459996784412e6 3.451463711045895e6 1.600233757966282e6 1.6516178015498435e6 2.2088835031955815e6 356614.1917836687 3.039189708109372e6 1.10669690561632e6 2.0342619351300206e6 1.9180854015061222e6 2.0811774934858219e6 799859.3206321923 622745.76019802 1.2196376035310517e6 5.581247701275521e6 358498.87154859264 5.20128044350358e6 346869.04374444473 3.9719821410228387e6 2.9322063238152745e6 4.906433651255819e6 4.563488296022967e6 7.879345435606588e6 6.9410381538695535e6 6.242939127900787e6 7.936180752181023e6 2.756789334280792e6 2.3840362350160205e6 7.468809465567078e6 7.909698250499803e6 6.350922403761707e6 6.013625631951828e6 3.2720897236528345e6 7.535033203737226e6 2.5528540947194546e6 4.354625370677835e6 3.0162465234834175e6 718347.8526410323 7.303192210084431e6 3.0162969415368265e6 134959.22947003972 1.980459996784412e6 3.9394724476504917e6 6.865549526780444e6 3.183137659707357e6 3.285349279368942e6 4.393845730303812e6 709366.4023782057 6.045466274360269e6 2.2014087508227243e6 4.0464936720563625e6 3.815398747635776e6 4.139816713071534e6 1.5910565024000201e6 1.2387474466409627e6 2.4260670465600337e6 9.72676748562862e6 624776.9950465531 9.064576275649719e6 604509.012508707 6.9222060748117445e6 5.110127816961601e6 8.550729489845537e6 7.953058519273147e6 1.3731797098627111e7 1.2096554004606651e7 1.0879935916505994e7 1.3830847335936107e7 4.804418348119909e6 4.1547996749928803e6 1.3016332002149003e7 1.37846947281183e7 1.1068124700242583e7 1.0480297847064564e7 5.702462538405581e6 1.3131743992027711e7 4.449008453503375e6 7.589060857829805e6 5.256589598514678e6 1.251906905125013e6 1.2727701104201308e7 5.256677465011354e6 235201.35915033295 3.451463711045895e6 6.865549526780444e6 1.1964995549794246e7 5.547440563092303e6 5.725570743293862e6 7.657412477253081e6 1.2362544053496872e6 1.0535788400768027e7 3.836524054502584e6 7.052061687060535e6 6.649319017812178e6 7.214701220295891e6 2.7728274184651775e6 2.158837778179805e6 4.228049233694147e6 4.50971036913352e6 289671.08519048034 4.2026925885190265e6 280274.05466133595 3.209405854409613e6 2.3692554014269225e6 3.96445309307402e6 3.687349422476079e6 6.366598960447351e6 5.608436215418862e6 5.04436441918343e6 6.412522529908378e6 2.2275165181222004e6 1.926327858013668e6 6.03488131950367e6 6.391124373290977e6 5.131616110007278e6 4.85907655779234e6 2.643884977927084e6 6.088390838287516e6 2.062734570839819e6 3.518585850140588e6 2.4371608197406195e6 580433.073945044 5.901060730572123e6 2.4372015580898956e6 109048.5621005881 1.600233757966282e6 3.183137659707357e6 5.547440563092303e6 2.5720107185138944e6 2.654598846779271e6 3.550276337994404e6 573175.9619966046 4.884804151856371e6 1.778762814633305e6 3.2696120022294107e6 3.0828847267717253e6 3.3450180598478545e6 1.285591392962345e6 1.0009217479413652e6 1.960289222351577e6 4.654518684170752e6 298972.5210539767 4.337642459474893e6 289273.7487175108 3.312460954628162e6 2.4453329883428677e6 4.091753013792098e6 3.8057514512353814e6 6.571032591992809e6 5.788524986508754e6 5.206340655390384e6 6.618430782697733e6 2.2990428218765706e6 1.9881828927044738e6 6.228663386154416e6 6.596345524082413e6 5.296394027319703e6 5.015103138520632e6 2.7287810128091276e6 6.283891113563494e6 2.1289696709067337e6 3.6315688238943107e6 2.515418872452153e6 599070.9749519798 6.090545773153851e6 2.5154609189235107e6 112550.1480656427 1.6516178015498435e6 3.285349279368942e6 5.725570743293862e6 2.654598846779271e6 2.739838907589594e6 3.6642769039598643e6 591580.8347007735 5.041656854273513e6 1.8358794862051478e6 3.374600342081338e6 3.181877191075726e6 3.452427713543364e6 1.3268721644982372e6 1.03306168153789e6 2.023234767860948e6 6.22498106228489e6 399847.6336627164 5.80118890853796e6 386876.4376661815 4.4301050465741325e6 3.2704029302069163e6 5.4723348966297805e6 5.089834700260575e6 8.788138198675977e6 7.741607857784248e6 6.962991059382349e6 8.851528821755469e6 3.074753588643806e6 2.6590076644303165e6 8.330251579829325e6 8.821991865097936e6 7.083428976359963e6 6.707228863183391e6 3.649488009496675e6 8.404113472016742e6 2.847296741689722e6 4.856881815085861e6 3.3641362098256066e6 801201.096629611 8.145532260037898e6 3.3641924430272966e6 150525.23962331217 2.2088835031955815e6 4.393845730303812e6 7.657412477253081e6 3.550276337994404e6 3.6642769039598643e6 4.900625796538595e6 791183.7383630764 6.742741961080522e6 2.4553161797653036e6 4.513210634147237e6 4.255461541990021e6 4.617297425145872e6 1.7745667504063405e6 1.381622857292549e6 2.705886251423356e6 1.0049948705686951e6 64553.58125901878 936575.5554830049 62459.44068072215 715220.3040202172 527991.6736556912 883483.5714549688 821730.6550209593 1.4188049285850127e6 1.249847366470816e6 1.1241432268592962e6 1.429039056271444e6 496404.9776105635 429284.68967493466 1.3448812172293316e6 1.4242704490040457e6 1.1435873805962158e6 1.082851583930026e6 589193.2349750593 1.356805883671868e6 459683.1045353902 784121.4715805148 543124.4851897054 129350.27180809146 1.315059123470675e6 543133.5637842728 24301.615089094892 356614.1917836687 709366.4023782057 1.2362544053496872e6 573175.9619966046 591580.8347007735 791183.7383630764 127733.01489216104 1.0885850120107727e6 396399.6262155253 728637.3230265225 687024.9047846171 745441.6618672238 286495.72806660377 223056.7243091043 436853.02426039294 8.564914514641492e6 550147.9871082252 7.981821404397401e6 532300.995486663 6.0953552525125425e6 4.499727990397114e6 7.529353120300066e6 7.003073369252384e6 1.2091547212978566e7 1.0651632325361826e7 9.580338091491768e6 1.217876599521634e7 4.230535222006771e6 3.6585128712444454e6 1.1461543730465107e7 1.2138126271775708e7 9.746047906977717e6 9.228436403020289e6 5.021308902114959e6 1.1563169869748926e7 3.9175786956432103e6 6.682554876505649e6 4.62869505376299e6 1.1023678358229168e6 1.1207389514189374e7 4.628772424691599e6 207106.7842247184 3.039189708109372e6 6.045466274360269e6 1.0535788400768027e7 4.884804151856371e6 5.041656854273513e6 6.742741961080522e6 1.0885850120107727e6 9.27729866373974e6 3.3782549658692465e6 6.209699737440409e6 5.855064290606986e6 6.352912135692981e6 2.4416158644788917e6 1.9009666930363162e6 3.723012840986553e6 3.1188459097930486e6 200332.040260321 2.906517163393481e6 193833.19935235078 2.219575427815003e6 1.6385403746926675e6 2.7417544147687657e6 2.550113803977372e6 4.403041326775725e6 3.878707703828694e6 3.4886043777792845e6 4.434801356811564e6 1.5405159562113308e6 1.332218539356148e6 4.1736305391684975e6 4.420002722801702e6 3.5489462970544174e6 3.360462159913321e6 1.828469940289204e6 4.210636894373978e6 1.4265553112424316e6 2.4333995287318556e6 1.685502711256457e6 401418.53254534566 4.0810822905510496e6 1.685530885268447e6 75416.29817384019 1.10669690561632e6 2.2014087508227243e6 3.836524054502584e6 1.778762814633305e6 1.8358794862051478e6 2.4553161797653036e6 396399.6262155253 3.3782549658692465e6 1.2301648387182273e6 2.2612130680407207e6 2.132075373679232e6 2.313362730685706e6 889095.1146328584 692221.9930034293 1.3557056934273373e6 5.732870023969819e6 368237.98984199145 5.3425804294633875e6 356292.2216606056 4.079886536268461e6 3.011863769109125e6 5.039723715801576e6 4.687461775084489e6 8.093398765650398e6 7.129601067240865e6 6.4125372145069605e6 8.151778092304895e6 2.8316813341372036e6 2.448801880743926e6 7.6717100174762225e6 8.124576156792643e6 6.523454005591446e6 6.17699409988815e6 3.3609805721724234e6 7.739732815200126e6 2.6222059113844903e6 4.472924799139826e6 3.0981870371797797e6 737862.7668232147 7.501593539902286e6 3.098238824909428e6 138625.5838295862 2.0342619351300206e6 4.0464936720563625e6 7.052061687060535e6 3.2696120022294107e6 3.374600342081338e6 4.513210634147237e6 728637.3230265225 6.209699737440409e6 2.2612130680407207e6 4.1564222762257764e6 3.9190493381639915e6 4.252280566883492e6 1.6342797555762993e6 1.2723997364413976e6 2.4919745174876293e6 5.405466283281627e6 347207.94819903036 5.037466095766599e6 335944.4018666707 3.846884548089299e6 2.839856474276592e6 4.751905504384e6 4.419761214444035e6 7.631185420558679e6 6.722430130298396e6 6.0463177358595105e6 7.686230708617214e6 2.669964243507707e6 2.3089510045496915e6 7.233579282487486e6 7.660582273429133e6 6.150900078028468e6 5.824226469354665e6 3.169035245118313e6 7.297717303767171e6 2.4724519451071466e6 4.217476427742548e6 2.9212498275303068e6 695723.484236589 7.073178143108473e6 2.921298657666928e6 130708.68801455383 1.9180854015061222e6 3.815398747635776e6 6.649319017812178e6 3.0828847267717253e6 3.181877191075726e6 4.255461541990021e6 687024.9047846171 5.855064290606986e6 2.132075373679232e6 3.9190493381639915e6 3.6952327492841403e6 4.009433169640514e6 1.5409461716873439e6 1.1997330910055551e6 2.3496580555211445e6 5.865085444959146e6 376730.5495280924 5.465794721379551e6 364509.2797632868 4.1739797066571186e6 3.0813254583730153e6 5.155953316327769e6 4.795567266639837e6 8.28005433616933e6 7.294028867391557e6 6.560427591208483e6 8.339780047308112e6 2.896987531231363e6 2.505277846574007e6 7.848640309882586e6 8.311950761909949e6 6.673902422186896e6 6.319452218064667e6 3.4384938350632177e6 7.91823189650286e6 2.6826810411266307e6 4.576082490296123e6 3.1696395734681827e6 754879.8692413726 7.674600488223467e6 3.169692555562338e6 141822.66310214714 2.0811774934858219e6 4.139816713071534e6 7.214701220295891e6 3.3450180598478545e6 3.452427713543364e6 4.617297425145872e6 745441.6618672238 6.352912135692981e6 2.313362730685706e6 4.252280566883492e6 4.009433169640514e6 4.350349607863759e6 1.6719706477462614e6 1.3017447008513552e6 2.549446160582051e6 2.2541293446323453e6 144788.91990236932 2.100669868976485e6 140091.9170941335 1.604186371873267e6 1.184246367979334e6 1.9815884660090979e6 1.8430812306719052e6 3.182274773226187e6 2.8033154273504815e6 2.521370316844845e6 3.2052291665373147e6 1.1133997392646875e6 962853.8856622122 3.016469342859484e6 3.1945335322716516e6 2.564982119057459e6 2.428756208314839e6 1.321516954474207e6 3.043215489870028e6 1.0310352873528361e6 1.7587266070778614e6 1.2181881477282294e6 290123.11600535567 2.9495805868783453e6 1.2182085103460115e6 54506.72963464109 799859.3206321923 1.5910565024000201e6 2.7728274184651775e6 1.285591392962345e6 1.3268721644982372e6 1.7745667504063405e6 286495.72806660377 2.4416158644788917e6 889095.1146328584 1.6342797555762993e6 1.5409461716873439e6 1.6719706477462614e6 642588.7799619345 500299.77516024624 979829.1017341346 1.7549954799529493e6 112728.18065254942 1.635516672415438e6 109071.2393517277 1.2489699574444317e6 922017.6419350118 1.5428035703692436e6 1.4349661152842517e6 2.4776208411816605e6 2.182574800154114e6 1.963061046114001e6 2.495492422775689e6 866858.6451985628 749648.2937929758 2.3485298546603527e6 2.4871651323137786e6 1.9970158481922387e6 1.8909545619687696e6 1.0288922804302066e6 2.369353578561307e6 802732.2270946905 1.369290210983017e6 948443.6632202214 225880.89651186834 2.2964523353795237e6 948459.5169254459 42437.25603572888 622745.76019802 1.2387474466409627e6 2.158837778179805e6 1.0009217479413652e6 1.03306168153789e6 1.381622857292549e6 223056.7243091043 1.9009666930363162e6 692221.9930034293 1.2723997364413976e6 1.1997330910055551e6 1.3017447008513552e6 500299.77516024624 389517.95118523564 762864.6726793025 3.437130556612738e6 220776.33745394382 3.2031332244567364e6 213614.27645015682 2.446087670344688e6 1.8057567936960233e6 3.0215560980872293e6 2.8103581683752304e6 4.852380760065746e6 4.274537811290412e6 3.844623637592213e6 4.887381966560864e6 1.6977287814757102e6 1.4681741843446337e6 4.599558129224801e6 4.871073101479805e6 3.9111235739738024e6 3.7034042425473146e6 2.0150690625279762e6 4.640341059175342e6 1.5721382180419783e6 2.6817329610254085e6 1.8575117334019234e6 442384.12031513423 4.497565141278459e6 1.8575427826298475e6 83112.68668516036 1.2196376035310517e6 2.4260670465600337e6 4.228049233694147e6 1.960289222351577e6 2.023234767860948e6 2.705886251423356e6 436853.02426039294 3.723012840986553e6 1.3557056934273373e6 2.4919745174876293e6 2.3496580555211445e6 2.549446160582051e6 979829.1017341346 762864.6726793025 1.4940582508490004e6
