1.012672679372929e7 5.1529838365572e6 8.418128504612153e6 697798.4187149825 705627.9342142594 1.1151408512462232e7 1.3019463816900512e7 5.107079276357661e6 1.1483730362415217e7 1.437614682413909e6 6.730586760549753e6 6.897418348734747e6 3.737675208843332e6 3.923974412321705e6 5.61163793544936e6 9.416810601816826e6 1.0766174748079563e7 1.0057325553257149e7 2.57330279299327e6 4.479211528231678e6 8.324847311422362e6 4.439251078997021e6 818005.4221026639 163512.28858561302 5.1529838365572e6 2.622095269348251e6 4.283563781456891e6 355074.65008733596 359058.69820452534 5.674393018595774e6 6.624952758740642e6 2.5987367388427216e6 5.8434949560947595e6 731530.0760620299 3.4248583470361866e6 3.509750582686977e6 1.9019156268140466e6 1.9967139564067826e6 2.8554813580917045e6 4.791743058885543e6 5.478366859147174e6 5.117669022829687e6 1.309424848616716e6 2.2792463029407486e6 4.236097656365078e6 2.2589124326584716e6 416241.9707936931 83203.21040771865 8.418128504612153e6 4.283563781456891e6 6.9978077777357325e6 580064.7019227672 586573.2084663208 9.269924209218515e6 1.0822798096980693e7 4.245404315463723e6 9.546176160592077e6 1.195057927717704e6 5.594990900399685e6 5.733674383876246e6 3.1070483935667775e6 3.2619148837103606e6 4.664832993344006e6 7.827990560461768e6 8.949687730152357e6 8.360436757557643e6 2.1391308399974396e6 3.723471464377143e6 6.9202651435430655e6 3.690253209000917e6 679990.1785632997 135924.2216595849 697798.4187149825 355074.65008733596 580064.7019227672 48082.92383898852 48622.42921382326 768405.7627840212 897127.1220208814 351911.5224379478 791304.935056075 99061.15495591833 463781.9202789054 475277.7195434106 257550.5297542038 270387.77640290064 386678.9494293777 648880.5001982677 741860.6098340765 693016.21447024 177317.57322982769 308647.2840785457 573637.0110775881 305893.7449681245 56365.98099960347 11267.077579910738 705627.9342142594 359058.69820452534 586573.2084663208 48622.42921382326 49167.98800692455 777027.5146655034 907193.1676270313 355860.07927815395 800183.6227795084 100172.65195462454 468985.6978108109 480610.4835219803 260440.32687967017 273421.6114323065 391017.6076243571 656161.1414224722 750184.516835321 700792.0721490767 179307.1316046571 312110.4026951698 580073.3969287652 309325.9680186873 56998.42485449361 11393.497698067382 1.1151408512462232e7 5.674393018595774e6 9.269924209218515e6 768405.7627840212 777027.5146655034 1.2279773548232587e7 1.4336849664531348e7 5.62384356527321e6 1.2645721675591731e7 1.5830809829922728e6 7.411627075980392e6 7.595339664512527e6 4.1158751479820744e6 4.321025199509099e6 6.179456434133837e6 1.0369658828988045e7 1.1855559568046521e7 1.1074984846697329e7 2.8336846895778016e6 4.932444469220955e6 9.167204276808232e6 4.888440586936593e6 900776.017076358 180057.4226960358 1.3019463816900512e7 6.624952758740642e6 1.0822798096980693e7 897127.1220208814 907193.1676270313 1.4336849664531348e7 1.6738521886908615e7 6.565935390866285e6 1.476410048201242e7 1.8482746421008217e6 8.653203802214637e6 8.86769145159366e6 4.805355978497891e6 5.044872239596788e6 7.214623100069218e6 1.2106757434877897e7 1.384157244825113e7 1.2930237854990039e7 3.308376268633096e6 5.758714894546893e6 1.070287078539529e7 5.707339594954546e6 1.0516717012340839e6 210220.1795527073 5.107079276357661e6 2.5987367388427216e6 4.245404315463723e6 351911.5224379478 355860.07927815395 5.62384356527321e6 6.565935390866285e6 2.5755862941965256e6 5.7914390842938945e6 725013.3534253064 3.3943485257068314e6 3.4784845119950175e6 1.8849727053621795e6 1.9789265386852527e6 2.8300437436805638e6 4.749056556330104e6 5.429563674573458e6 5.072079059190919e6 1.297760039702769e6 2.2589419894708227e6 4.198361035012186e6 2.2387892603296917e6 412533.94352019014 82462.00746548163 1.1483730362415217e7 5.8434949560947595e6 9.546176160592077e6 791304.935056075 800183.6227795084 1.2645721675591731e7 1.476410048201242e7 5.7914390842938945e6 1.302257538124934e7 1.6302581983463196e6 7.632500126976494e6 7.821687513352544e6 4.238531872630296e6 4.449795577384644e6 6.363609708726931e6 1.0678683846014323e7 1.2208865743089616e7 1.1405029203725647e7 2.918131002989381e6 5.079435682839399e6 9.440395083221722e6 5.03412044589078e6 927619.9401604743 185423.29336082604 1.437614682413909e6 731530.0760620299 1.195057927717704e6 99061.15495591833 100172.65195462454 1.5830809829922728e6 1.8482746421008217e6 725013.3534253064 1.6302581983463196e6 204087.26503531387 955490.411197683 979174.2278494457 530609.4326209081 557056.919128431 796641.7236997432 1.336833259001884e6 1.5283922640094478e6 1.4277623140906843e6 365312.30207519885 635879.725975319 1.1818155034226424e6 630206.8437394548 116126.03253374716 23212.60083478671 6.730586760549753e6 3.4248583470361866e6 5.594990900399685e6 463781.9202789054 468985.6978108109 7.411627075980392e6 8.653203802214637e6 3.3943485257068314e6 7.632500126976494e6 955490.411197683 4.473389977237161e6 4.584272249619064e6 2.484193341865766e6 2.6080144913816145e6 3.729696353289797e6 6.258750932476986e6 7.1555868640654925e6 6.684460200625497e6 1.7103095661799684e6 2.977045043644916e6 5.532992865231967e6 2.950485892199165e6 543675.8170933706 108676.14651389568 6.897418348734747e6 3.509750582686977e6 5.733674383876246e6 475277.7195434106 480610.4835219803 7.595339664512527e6 8.86769145159366e6 3.4784845119950175e6 7.821687513352544e6 979174.2278494457 4.584272249619064e6 4.69790296968631e6 2.5457692393805617e6 2.6726595535561247e6 3.8221446327940775e6 6.413887088545815e6 7.33295296354509e6 6.850148446108962e6 1.7527031451300576e6 3.0508372954052924e6 5.670139598490553e6 3.0236198201648747e6 557151.9527187366 111369.91078226645 3.737675208843332e6 1.9019156268140466e6 3.1070483935667775e6 257550.5297542038 260440.32687967017 4.1158751479820744e6 4.805355978497891e6 1.8849727053621795e6 4.238531872630296e6 530609.4326209081 2.484193341865766e6 2.5457692393805617e6 1.3795391394831282e6 1.4483003422342043e6 2.0712003413898502e6 3.475652128245289e6 3.9736891563905855e6 3.7120598939188365e6 949780.7386463757 1.6532328979788155e6 3.0726192230817294e6 1.6384838893918449e6 301917.75182340166 60350.776695795175 3.923974412321705e6 1.9967139564067826e6 3.2619148837103606e6 270387.77640290064 273421.6114323065 4.321025199509099e6 5.044872239596788e6 1.9789265386852527e6 4.449795577384644e6 557056.919128431 2.6080144913816145e6 2.6726595535561247e6 1.4483003422342043e6 1.5204888511547497e6 2.1744364312812653e6 3.6488911570212515e6 4.171752145639806e6 3.897082337780433e6 997121.2337943418 1.735635984081369e6 3.2257696392811104e6 1.7201518317490704e6 316966.4207252903 63358.87691839509 5.61163793544936e6 2.8554813580917045e6 4.664832993344006e6 386678.9494293777 391017.6076243571 6.179456434133837e6 7.214623100069218e6 2.8300437436805638e6 6.363609708726931e6 796641.7236997432 3.729696353289797e6 3.8221446327940775e6 2.0712003413898502e6 2.1744364312812653e6 3.10964055414964e6 5.218244026966256e6 5.965982480480383e6 5.573179839192446e6 1.4259734528930604e6 2.482116269621455e6 4.613142028135786e6 2.4599725328138564e6 453290.6191284857 90608.91838292227 9.416810601816826e6 4.791743058885543e6 7.827990560461768e6 648880.5001982677 656161.1414224722 1.0369658828988045e7 1.2106757434877897e7 4.749056556330104e6 1.0678683846014323e7 1.336833259001884e6 6.258750932476986e6 6.413887088545815e6 3.475652128245289e6 3.6488911570212515e6 5.218244026966256e6 8.756661823384061e6 1.001143119329604e7 9.352274612017833e6 2.3929059721201416e6 4.165204361289868e6 7.741248679608055e6 4.128045268359733e6 760660.6051592005 152049.55007118307 1.0766174748079563e7 5.478366859147174e6 8.949687730152357e6 741860.6098340765 750184.516835321 1.1855559568046521e7 1.384157244825113e7 5.429563674573458e6 1.2208865743089616e7 1.5283922640094478e6 7.1555868640654925e6 7.33295296354509e6 3.9736891563905855e6 4.171752145639806e6 5.965982480480383e6 1.001143119329604e7 1.1446000377729217e7 1.0692391195123514e7 2.735792928297633e6 4.762049478456967e6 8.850516334789686e6 4.719565743264418e6 869658.0344882254 173837.20408663613 1.0057325553257149e7 5.117669022829687e6 8.360436757557643e6 693016.21447024 700792.0721490767 1.1074984846697329e7 1.2930237854990039e7 5.072079059190919e6 1.1405029203725647e7 1.4277623140906843e6 6.684460200625497e6 6.850148446108962e6 3.7120598939188365e6 3.897082337780433e6 5.573179839192446e6 9.352274612017833e6 1.0692391195123514e7 9.988399938550092e6 2.5556672420811285e6 4.448514261214571e6 8.267794846008597e6 4.40882767191543e6 812399.4062435201 162391.6939560327 2.57330279299327e6 1.309424848616716e6 2.1391308399974396e6 177317.57322982769 179307.1316046571 2.8336846895778016e6 3.308376268633096e6 1.297760039702769e6 2.918131002989381e6 365312.30207519885 1.7103095661799684e6 1.7527031451300576e6 949780.7386463757 997121.2337943418 1.4259734528930604e6 2.3929059721201416e6 2.735792928297633e6 2.5556672420811285e6 653902.035604179 1.1382125508850135e6 2.115427153716728e6 1.1280582001535923e6 207863.37779783638 41550.11164778616 4.479211528231678e6 2.2792463029407486e6 3.723471464377143e6 308647.2840785457 312110.4026951698 4.932444469220955e6 5.758714894546893e6 2.2589419894708227e6 5.079435682839399e6 635879.725975319 2.977045043644916e6 3.0508372954052924e6 1.6532328979788155e6 1.735635984081369e6 2.482116269621455e6 4.165204361289868e6 4.762049478456967e6 4.448514261214571e6 1.1382125508850135e6 1.981226147728924e6 3.682211716344674e6 1.9635510086113142e6 361816.7440941647 72324.07301574938 8.324847311422362e6 4.236097656365078e6 6.9202651435430655e6 573637.0110775881 580073.3969287652 9.167204276808232e6 1.070287078539529e7 4.198361035012186e6 9.440395083221722e6 1.1818155034226424e6 5.532992865231967e6 5.670139598490553e6 3.0726192230817294e6 3.2257696392811104e6 4.613142028135786e6 7.741248679608055e6 8.850516334789686e6 8.267794846008597e6 2.115427153716728e6 3.682211716344674e6 6.843581758462195e6 3.6493615521059833e6 672455.2145651887 134418.04679270645 4.439251078997021e6 2.2589124326584716e6 3.690253209000917e6 305893.7449681245 309325.9680186873 4.888440586936593e6 5.707339594954546e6 2.2387892603296917e6 5.03412044589078e6 630206.8437394548 2.950485892199165e6 3.0236198201648747e6 1.6384838893918449e6 1.7201518317490704e6 2.4599725328138564e6 4.128045268359733e6 4.719565743264418e6 4.40882767191543e6 1.1280582001535923e6 1.9635510086113142e6 3.6493615521059833e6 1.946033554946819e6 358588.86357468145 71678.84730359587 818005.4221026639 416241.9707936931 679990.1785632997 56365.98099960347 56998.42485449361 900776.017076358 1.0516717012340839e6 412533.94352019014 927619.9401604743 116126.03253374716 543675.8170933706 557151.9527187366 301917.75182340166 316966.4207252903 453290.6191284857 760660.6051592005 869658.0344882254 812399.4062435201 207863.37779783638 361816.7440941647 672455.2145651887 358588.86357468145 66075.92800900881 13208.012951062388 163512.28858561302 83203.21040771865 135924.2216595849 11267.077579910738 11393.497698067382 180057.4226960358 210220.1795527073 82462.00746548163 185423.29336082604 23212.60083478671 108676.14651389568 111369.91078226645 60350.776695795175 63358.87691839509 90608.91838292227 152049.55007118307 173837.20408663613 162391.6939560327 41550.11164778616 72324.07301574938 134418.04679270645 71678.84730359587 13208.012951062388 2640.168838667646
1.129543442984097e7 5.275474533802687e6 596968.6056683961 1.0903826886162054e7 1.295090338857575e7 1.078947254971376e7 7.810113073021534e6 3.5087870181508865e6 935946.6861352359 1.2019848772130657e7 1.092018798773827e7 7.202848627367019e6 193638.7487593921 4.927164758869937e6 60045.26820950183 4.856689376242438e6 7.58145510556981e6 678444.1799516848 1.3430310933517812e7 6.020559964030164e6 1.911359910194192e6 1.2878441893545559e7 1.316602078382269e7 1.2864296961123914e7 5.275474533802687e6 2.4638832379280617e6 278811.1157870412 5.092576245405272e6 6.0486527933509685e6 5.039167640936805e6 3.647673126585945e6 1.6387609236073517e6 437129.08417750604 5.613808525151833e6 5.1002176137161935e6 3.3640533917069826e6 90437.98130852166 2.3012069496502196e6 28043.83357560146 2.26829178480015e6 3.540879599366148e6 316863.86355236016 6.272557620594547e6 2.811871554542796e6 892690.8118312024 6.014810024922059e6 6.149122265990737e6 6.008203707012266e6 596968.6056683961 278811.1157870412 31550.0495680082 576271.9772411068 684460.8577071809 570228.3009924694 412767.8612339853 185440.91480706286 49465.188052087535 635254.2176587045 577136.668551195 380673.6720599376 10233.891805425199 260402.7932055781 3173.4184517342064 256678.13868587793 400683.1885414497 35856.06898479405 709797.7542584896 318189.2037348277 101016.19974037264 680631.23628611 695829.9052894784 679883.6704764485 1.0903826886162054e7 5.092576245405272e6 576271.9772411068 1.052579619685016e7 1.250190149352473e7 1.0415406472925955e7 7.539340026143368e6 3.3871389776080237e6 903497.842750909 1.1603126114646077e7 1.054159006652043e7 6.953129160977802e6 186925.38193550162 4.756342211007158e6 57963.52623320886 4.688310177650732e6 7.318609525805243e6 654922.830641539 1.2964688198227135e7 5.811829904665933e6 1.8450939366128603e6 1.2431952205373906e7 1.2709560867101189e7 1.2418297671287583e7 1.295090338857575e7 6.0486527933509685e6 684460.8577071809 1.250190149352473e7 1.4848999356511183e7 1.2370787283389179e7 8.954770220730538e6 4.0230379774601287e6 1.0731198684109158e6 1.3781488543893626e7 1.2520660492761135e7 8.258504555532978e6 222018.61672910323 5.649294426705647e6 68845.55634867471 5.568490109054052e6 8.69259993733958e6 777877.564928636 1.5398669299430443e7 6.902938609717512e6 2.1914905257938197e6 1.4765917840049228e7 1.5095644549341045e7 1.4749699813698096e7 1.078947254971376e7 5.039167640936805e6 570228.3009924694 1.0415406472925955e7 1.2370787283389179e7 1.0306174465807222e7 7.460270885102453e6 3.3516162171784653e6 894022.371673744 1.1481437848552076e7 1.0431034703733377e7 6.880207930684614e6 184964.99424412093 4.706459874911838e6 57355.631349164636 4.6391413303252645e6 7.241855305036228e6 648054.300307671 1.2828720493342828e7 5.750878097631848e6 1.8257434374707746e6 1.2301571591297336e7 1.2576268820677467e7 1.2288060259703245e7 7.810113073021534e6 3.647673126585945e6 412767.8612339853 7.539340026143368e6 8.954770220730538e6 7.460270885102453e6 5.400223124861312e6 2.426115040649597e6 647150.8018960634 8.31100199058755e6 7.55065274316219e6 4.980336309949823e6 133889.54028486647 3.4068378808448245e6 41517.689038784236 3.3581083954404313e6 5.242119902542807e6 469103.3171028401 9.286251684087574e6 4.162854857335846e6 1.3215903394046875e6 8.904667458137283e6 9.103510952332139e6 8.894887088704884e6 3.5087870181508865e6 1.6387609236073517e6 185440.91480706286 3.3871389776080237e6 4.0230379774601287e6 3.3516162171784653e6 2.426115040649597e6 1.089961295000632e6 290740.26345694915 3.7338173749535643e6 3.392221351479507e6 2.2374758504766207e6 60151.48262584372 1.5305627994740864e6 18652.320006239406 1.508670493410205e6 2.355085270809866e6 210750.2943725212 4.1719600025973218e6 1.8702124982443394e6 593740.318848263 4.000528710140047e6 4.0898615359969134e6 3.9961347618096876e6 935946.6861352359 437129.08417750604 49465.188052087535 903497.842750909 1.0731198684109158e6 894022.371673744 647150.8018960634 290740.26345694915 77553.12154911629 995972.1067833918 904853.533751277 596832.4941719668 16045.026540097244 408267.92070285714 4975.388078064024 402428.2868902736 628204.0612262693 56216.30455186105 1.112843874227934e6 498867.3239628413 158376.46485131094 1.067115664095698e6 1.0909446288893183e6 1.0659436062427773e6 1.2019848772130657e7 5.613808525151833e6 635254.2176587045 1.1603126114646077e7 1.3781488543893626e7 1.1481437848552076e7 8.31100199058755e6 3.7338173749535643e6 995972.1067833918 1.2790722251744764e7 1.1620536508899886e7 7.664791625966649e6 206057.45542318773 5.2431604684922295e6 63896.173966847404 5.168165261658694e6 8.0676794157557655e6 721955.0955745099 1.4291642113126744e7 6.406678799356795e6 2.0339418738028011e6 1.3704379848564088e7 1.401040214391346e7 1.3689327753874307e7 1.092018798773827e7 5.1002176137161935e6 577136.668551195 1.054159006652043e7 1.2520660492761135e7 1.0431034703733377e7 7.55065274316219e6 3.392221351479507e6 904853.533751277 1.1620536508899886e7 1.055740763476081e7 6.963562273467848e6 187205.8619167916 4.763479062945288e6 58050.500022348955 4.695344948088503e6 7.329591038543705e6 655905.5369031642 1.2984141605065826e7 5.820550507111906e6 1.8478624847225975e6 1.2450606246285075e7 1.2728631457500936e7 1.2436931223683897e7 7.202848627367019e6 3.3640533917069826e6 380673.6720599376 6.953129160977802e6 8.258504555532978e6 6.880207930684614e6 4.980336309949823e6 2.2374758504766207e6 596832.4941719668 7.664791625966649e6 6.963562273467848e6 4.593097208523513e6 123479.14587702061 3.14194395449535e6 38289.539051291176 3.0970033622432654e6 4.834526183103788e6 432628.84315454663 8.564212140175559e6 3.8391778857421097e6 1.2188319263910253e6 8.2122974633439155e6 8.395680159065653e6 8.203277552891576e6 193638.7487593921 90437.98130852166 10233.891805425199 186925.38193550162 222018.61672910323 184964.99424412093 133889.54028486647 60151.48262584372 16045.026540097244 206057.45542318773 187205.8619167916 123479.14587702061 3319.568207314261 84466.87241336844 1029.3619671938316 83258.70596389791 129969.63415055757 11630.635627600708 230237.14765192848 103211.05447576 32766.631840301714 220776.4021584257 225706.39549588977 220533.91418397674 4.927164758869937e6 2.3012069496502196e6 260402.7932055781 4.756342211007158e6 5.649294426705647e6 4.706459874911838e6 3.4068378808448245e6 1.5305627994740864e6 408267.92070285714 5.2431604684922295e6 4.763479062945288e6 3.14194395449535e6 84466.87241336844 2.149271257501482e6 26192.25770344418 2.1185292950026593e6 3.3070953268013475e6 295943.13304914813 5.858416083357869e6 2.626219563991601e6 833751.4815849557 5.617686105050965e6 5.743130467759585e6 5.611515964984426e6 60045.26820950183 28043.83357560146 3173.4184517342064 57963.52623320886 68845.55634867471 57355.631349164636 41517.689038784236 18652.320006239406 4975.388078064024 63896.173966847404 58050.500022348955 38289.539051291176 1029.3619671938316 26192.25770344418 319.19394129950007 25817.618438498706 40302.16881517902 3606.533507268386 71394.03332815731 32004.624528343134 10160.575864997112 68460.3591319608 69989.09640234521 68385.16625059457 4.856689376242438e6 2.26829178480015e6 256678.13868587793 4.688310177650732e6 5.568490109054052e6 4.6391413303252645e6 3.3581083954404313e6 1.508670493410205e6 402428.2868902736 5.168165261658694e6 4.695344948088503e6 3.0970033622432654e6 83258.70596389791 2.1185292950026593e6 25817.618438498706 2.0882270481772216e6 3.259792502571173e6 291710.1295758884 5.7746206076083565e6 2.5886556022217134e6 821825.9711633356 5.537333894984937e6 5.660983972360509e6 5.531252009117992e6 7.58145510556981e6 3.540879599366148e6 400683.1885414497 7.318609525805243e6 8.69259993733958e6 7.241855305036228e6 5.242119902542807e6 2.355085270809866e6 628204.0612262693 8.0676794157557655e6 7.329591038543705e6 4.834526183103788e6 129969.63415055757 3.3070953268013475e6 40302.16881517902 3.259792502571173e6 5.088645494317634e6 455369.3019854253 9.01437656326975e6 4.0409782696891194e6 1.2828979212557145e6 8.643964041583104e6 8.836985962031394e6 8.634470013638264e6 678444.1799516848 316863.86355236016 35856.06898479405 654922.830641539 777877.564928636 648054.300307671 469103.3171028401 210750.2943725212 56216.30455186105 721955.0955745099 655905.5369031642 432628.84315454663 11630.635627600708 295943.13304914813 3606.533507268386 291710.1295758884 455369.3019854253 40749.783301322255 806672.4962534197 361616.3586285275 114803.11048846321 773525.2684429024 790798.2848635936 772675.6732248627 1.3430310933517812e7 6.272557620594547e6 709797.7542584896 1.2964688198227135e7 1.5398669299430443e7 1.2828720493342828e7 9.286251684087574e6 4.1719600025973218e6 1.112843874227934e6 1.4291642113126744e7 1.2984141605065826e7 8.564212140175559e6 230237.14765192848 5.858416083357869e6 71394.03332815731 5.7746206076083565e6 9.01437656326975e6 806672.4962534197 1.5968686542453555e7 7.158466795858538e6 2.2726135996993333e6 1.5312512329106927e7 1.5654444632669708e7 1.529569395512262e7 6.020559964030164e6 2.811871554542796e6 318189.2037348277 5.811829904665933e6 6.902938609717512e6 5.750878097631848e6 4.162854857335846e6 1.8702124982443394e6 498867.3239628413 6.406678799356795e6 5.820550507111906e6 3.8391778857421097e6 103211.05447576 2.626219563991601e6 32004.624528343134 2.5886556022217134e6 4.0409782696891194e6 361616.3586285275 7.158466795858538e6 3.209008250689585e6 1.0187706390261836e6 6.864316033611895e6 7.017597960398937e6 6.856776667652965e6 1.911359910194192e6 892690.8118312024 101016.19974037264 1.8450939366128603e6 2.1914905257938197e6 1.8257434374707746e6 1.3215903394046875e6 593740.318848263 158376.46485131094 2.0339418738028011e6 1.8478624847225975e6 1.2188319263910253e6 32766.631840301714 833751.4815849557 10160.575864997112 821825.9711633356 1.2828979212557145e6 114803.11048846321 2.2726135996993333e6 1.0187706390261836e6 323431.2703056419 2.1792289348391993e6 2.2278916724530533e6 2.176835396376286e6 1.2878441893545559e7 6.014810024922059e6 680631.23628611 1.2431952205373906e7 1.4765917840049228e7 1.2301571591297336e7 8.904667458137283e6 4.000528710140047e6 1.067115664095698e6 1.3704379848564088e7 1.2450606246285075e7 8.2122974633439155e6 220776.4021584257 5.617686105050965e6 68460.3591319608 5.537333894984937e6 8.643964041583104e6 773525.2684429024 1.5312512329106927e7 6.864316033611895e6 2.1792289348391993e6 1.4683301172309525e7 1.5011183030351218e7 1.4667173887306744e7 1.316602078382269e7 6.149122265990737e6 695829.9052894784 1.2709560867101189e7 1.5095644549341045e7 1.2576268820677467e7 9.103510952332139e6 4.0898615359969134e6 1.0909446288893183e6 1.401040214391346e7 1.2728631457500936e7 8.395680159065653e6 225706.39549588977 5.743130467759585e6 69989.09640234521 5.660983972360509e6 8.836985962031394e6 790798.2848635936 1.5654444632669708e7 7.017597960398937e6 2.2278916724530533e6 1.5011183030351218e7 1.5346386573862087e7 1.499469561896338e7 1.2864296961123914e7 6.008203707012266e6 679883.6704764485 1.2418297671287583e7 1.4749699813698096e7 1.2288060259703245e7 8.894887088704884e6 3.9961347618096876e6 1.0659436062427773e6 1.3689327753874307e7 1.2436931223683897e7 8.203277552891576e6 220533.91418397674 5.611515964984426e6 68385.16625059457 5.531252009117992e6 8.634470013638264e6 772675.6732248627 1.529569395512262e7 6.856776667652965e6 2.176835396376286e6 1.4667173887306744e7 1.499469561896338e7 1.4651064315576918e7
5.350761942861924e6 2.6416679807306514e6 1.765415521790393e6 5.253358820719617e6 5.527578255674088e6 6.151530534442002e6 1.9751172752325754e6 3.5366807659977567e6 2.248916959738093e6 3.668414357800181e6 5.053885795257874e6 5.868320508042577e6 2.2250657464882177e6 4.485737775909673e6 2.447446856933111e6 3.197840210240011e6 6.381547049222093e6 3.8172153441367773e6 6.734080578363624e6 6.3943460449474715e6 8.120581130388687e6 8.73782222803307e6 8.868648111578321e6 8.536293773264784e6 2.6416679807306514e6 1.3041899069583844e6 871584.5904563207 2.593580117406853e6 2.728962088937028e6 3.037006956925216e6 975114.2210933721 1.7460571853819282e6 1.1102889620771806e6 1.8110939811069448e6 2.495100403674734e6 2.8971863357594223e6 1.0985136323173083e6 2.2146060652880548e6 1.208303053946369e6 1.5787718050423465e6 3.150565973121857e6 1.8845569393368303e6 3.3246115662564025e6 3.156884829679911e6 4.0091260620724796e6 4.313857623941608e6 4.378446284641291e6 4.214363145986426e6 1.765415521790393e6 871584.5904563207 582476.28989292 1.7332786064244856e6 1.8237538045392197e6 2.0296188849812385e6 651664.7035107904 1.1668826209394857e6 742001.4103291873 1.2103464360358473e6 1.6674650308834477e6 1.9361773561165119e6 734132.007329296 1.4800118526739713e6 807503.812751537 1.0550865098557519e6 2.1055098944855235e6 1.25944141984218e6 2.221823827144827e6 2.109732759557489e6 2.6792819651921317e6 2.8829327771894787e6 2.9260971055466463e6 2.8164410390165653e6 5.253358820719617e6 2.593580117406853e6 1.7332786064244856e6 5.157728785906627e6 5.426956440362939e6 6.03955054235738e6 1.9391630333396986e6 3.4723004492676556e6 2.207978578315706e6 3.6016360156543357e6 4.961886887314405e6 5.761495957573163e6 2.184561542975861e6 4.404081206405931e6 2.402894516969514e6 3.13962801094658e6 6.265379928851235e6 3.7477282885774393e6 6.611496079166179e6 6.277945936797068e6 7.972757331805211e6 8.578762420322835e6 8.707206802009022e6 8.380902508633939e6 5.527578255674088e6 2.728962088937028e6 1.8237538045392197e6 5.426956440362939e6 5.710237476245996e6 6.354808302891875e6 2.0403851674893256e6 3.653550635992936e6 2.323232582239689e6 3.7896373738004966e6 5.220891814444238e6 6.062239580823661e6 2.298593203934449e6 4.633969302979697e6 2.5283229141503326e6 3.303513069727138e6 6.592425729927757e6 3.94335549942077e6 6.95660875486654e6 6.605647669386388e6 8.388926317242466e6 9.02656419130244e6 9.161713225568257e6 8.818376214268096e6 6.151530534442002e6 3.037006956925216e6 2.0296188849812385e6 6.03955054235738e6 6.354808302891875e6 7.072138196440185e6 2.270703566602422e6 4.06596293292997e6 2.5854787589099715e6 4.217411123120038e6 5.81022536960093e6 6.746544356972088e6 2.5580580909458837e6 5.157051125180356e6 2.8137196594837643e6 3.676413173978031e6 7.336577846195722e6 4.388480929771737e6 7.741869801264239e6 7.351292276375126e6 9.335867174513286e6 1.0045481524734415e7 1.019588616353498e7 9.81379331727831e6 1.9751172752325754e6 975114.2210933721 651664.7035107904 1.9391630333396986e6 2.0403851674893256e6 2.270703566602422e6 729071.540199302 1.305488704692539e6 830138.7326094413 1.3541152920226865e6 1.8655319088868564e6 2.1661627513626786e6 821334.5765232359 1.655812437176702e6 903421.7217962666 1.1804130907195928e6 2.35560915514893e6 1.4090419364564065e6 2.4857392321251673e6 2.3603336257631653e6 2.9975357242261562e6 3.2253768369423146e6 3.2736683635318126e6 3.150986995511457e6 3.5366807659977567e6 1.7460571853819282e6 1.1668826209394857e6 3.4723004492676556e6 3.653550635992936e6 4.06596293292997e6 1.305488704692539e6 2.337631719397398e6 1.4864614499328157e6 2.424703367386701e6 3.340455224228808e6 3.878770255737377e6 1.470696568585576e6 2.9649277397835236e6 1.6176832976589703e6 2.113669059670577e6 4.217996417575986e6 2.5230560117311543e6 4.451009690302019e6 4.226456140226592e6 5.367441758623405e6 5.775418181669921e6 5.861889863828458e6 5.642214384268494e6 2.248916959738093e6 1.1102889620771806e6 742001.4103291873 2.207978578315706e6 2.323232582239689e6 2.5854787589099715e6 830138.7326094413 1.4864614499328157e6 945216.3160696493 1.5418288745978025e6 2.1241403745679897e6 2.466446023322247e6 935191.6880707284 1.885348641727345e6 1.0286581244671523e6 1.3440472889912624e6 2.6821543439262086e6 1.6043696987592191e6 2.830323640379465e6 2.687533742012273e6 3.4130676756088897e6 3.672493153244202e6 3.727479069534148e6 3.5877910557414684e6 3.668414357800181e6 1.8110939811069448e6 1.2103464360358473e6 3.6016360156543357e6 3.7896373738004966e6 4.217411123120038e6 1.3541152920226865e6 2.424703367386701e6 1.5418288745978025e6 2.5150182430498344e6 3.4648798455216167e6 4.0232459297866686e6 1.5254767860408602e6 3.075364786958217e6 1.6779384479818994e6 2.192398590418457e6 4.375107521195847e6 2.617034307408705e6 4.616800026621916e6 4.383882349937207e6 5.567367176956803e6 5.990539825824807e6 6.080232388247535e6 5.852374479492498e6 5.053885795257874e6 2.495100403674734e6 1.6674650308834477e6 4.961886887314405e6 5.220891814444238e6 5.81022536960093e6 1.8655319088868564e6 3.340455224228808e6 2.1241403745679897e6 3.4648798455216167e6 4.773481217115777e6 5.542728675713422e6 2.1016124973926623e6 4.236855735502221e6 2.3116552440542695e6 3.0204145478003174e6 6.027479885711968e6 3.605424911663105e6 6.360453808735643e6 6.039568755181548e6 7.670027196567725e6 8.2530219268408185e6 8.376589202223615e6 8.062674868651766e6 5.868320508042577e6 2.8971863357594223e6 1.9361773561165119e6 5.761495957573163e6 6.062239580823661e6 6.746544356972088e6 2.1661627513626786e6 3.878770255737377e6 2.466446023322247e6 4.0232459297866686e6 5.542728675713422e6 6.435940517042311e6 2.4402877742073415e6 4.919625889764858e6 2.6841789517556084e6 3.507154959907903e6 6.998809482067622e6 4.1864398616155554e6 7.385442219783357e6 7.012846475284594e6 8.906053622560352e6 9.58299807091977e6 9.726478237593148e6 9.361976546004329e6 2.2250657464882177e6 1.0985136323173083e6 734132.007329296 2.184561542975861e6 2.298593203934449e6 2.5580580909458837e6 821334.5765232359 1.470696568585576e6 935191.6880707284 1.5254767860408602e6 2.1016124973926623e6 2.4402877742073415e6 925273.3777102235 1.8653533047232442e6 1.0177485423317853e6 1.3297928015728474e6 2.653708369098613e6 1.5873543244693654e6 2.800306234703128e6 2.6590307152022324e6 3.3768698939990774e6 3.633543997306077e6 3.687946752528429e6 3.549740220117707e6 4.485737775909673e6 2.2146060652880548e6 1.4800118526739713e6 4.404081206405931e6 4.633969302979697e6 5.157051125180356e6 1.655812437176702e6 2.9649277397835236e6 1.885348641727345e6 3.075364786958217e6 4.236855735502221e6 4.919625889764858e6 1.8653533047232442e6 3.7605566476501925e6 2.0517834540036004e6 2.680865414229981e6 5.349882310804038e6 3.2001100499002794e6 5.645423952505089e6 5.360612173061436e6 6.807777645110572e6 7.325233240802133e6 7.434909323227847e6 7.156284628972977e6 2.447446856933111e6 1.208303053946369e6 807503.812751537 2.402894516969514e6 2.5283229141503326e6 2.8137196594837643e6 903421.7217962666 1.6176832976589703e6 1.0286581244671523e6 1.6779384479818994e6 2.3116552440542695e6 2.6841789517556084e6 1.0177485423317853e6 2.0517834540036004e6 1.1194660090424311e6 1.462697099049057e6 2.918929572044393e6 1.7460002511805783e6 3.080178958033614e6 2.924783852648628e6 3.7143664727139566e6 3.9966935133357053e6 4.0565334764862736e6 3.904514083850301e6 3.197840210240011e6 1.5787718050423465e6 1.0550865098557519e6 3.13962801094658e6 3.303513069727138e6 3.676413173978031e6 1.1804130907195928e6 2.113669059670577e6 1.3440472889912624e6 2.192398590418457e6 3.0204145478003174e6 3.507154959907903e6 1.3297928015728474e6 2.680865414229981e6 1.462697099049057e6 1.9111637033058275e6 3.8138807099734033e6 2.2813283134208657e6 4.024569562698485e6 3.8215299277144214e6 4.853200562195771e6 5.222089782560554e6 5.3002768287062505e6 5.101647908478438e6 6.381547049222093e6 3.150565973121857e6 2.1055098944855235e6 6.265379928851235e6 6.592425729927757e6 7.336577846195722e6 2.35560915514893e6 4.217996417575986e6 2.6821543439262086e6 4.375107521195847e6 6.027479885711968e6 6.998809482067622e6 2.653708369098613e6 5.349882310804038e6 2.918929572044393e6 3.8138807099734033e6 7.610905358210232e6 4.5525739279277725e6 8.031351890249686e6 7.626169986739119e6 9.684951620718703e6 1.0421099695963535e7 1.057712822797734e7 1.018074826011308e7 3.8172153441367773e6 1.8845569393368303e6 1.25944141984218e6 3.7477282885774393e6 3.94335549942077e6 4.388480929771737e6 1.4090419364564065e6 2.5230560117311543e6 1.6043696987592191e6 2.617034307408705e6 3.605424911663105e6 4.1864398616155554e6 1.5873543244693654e6 3.2001100499002794e6 1.7460002511805783e6 2.2813283134208657e6 4.5525739279277725e6 2.7231884242115426e6 4.804070146808701e6 4.561704687881993e6 5.793194917890066e6 6.233532614487301e6 6.326863354186043e6 6.089762901306935e6 6.734080578363624e6 3.3246115662564025e6 2.221823827144827e6 6.611496079166179e6 6.95660875486654e6 7.741869801264239e6 2.4857392321251673e6 4.451009690302019e6 2.830323640379465e6 4.616800026621916e6 6.360453808735643e6 7.385442219783357e6 2.800306234703128e6 5.645423952505089e6 3.080178958033614e6 4.024569562698485e6 8.031351890249686e6 4.804070146808701e6 8.475025000203857e6 8.047459777211805e6 1.021997395121036e7 1.099678879219947e7 1.1161436752795924e7 1.074315970764392e7 6.3943460449474715e6 3.156884829679911e6 2.109732759557489e6 6.277945936797068e6 6.605647669386388e6 7.351292276375126e6 2.3603336257631653e6 4.226456140226592e6 2.687533742012273e6 4.383882349937207e6 6.039568755181548e6 7.012846475284594e6 2.6590307152022324e6 5.360612173061436e6 2.924783852648628e6 3.8215299277144214e6 7.626169986739119e6 4.561704687881993e6 8.047459777211805e6 7.641465230401575e6 9.704376010045923e6 1.044200052289995e7 1.0598341989770908e7 1.0201167031996649e7 8.120581130388687e6 4.0091260620724796e6 2.6792819651921317e6 7.972757331805211e6 8.388926317242466e6 9.335867174513286e6 2.9975357242261562e6 5.367441758623405e6 3.4130676756088897e6 5.567367176956803e6 7.670027196567725e6 8.906053622560352e6 3.3768698939990774e6 6.807777645110572e6 3.7143664727139566e6 4.853200562195771e6 9.684951620718703e6 5.793194917890066e6 1.021997395121036e7 9.704376010045923e6 1.2324195806018967e7 1.3260951442684507e7 1.3459499278044898e7 1.2955101886209488e7 8.73782222803307e6 4.313857623941608e6 2.8829327771894787e6 8.578762420322835e6 9.02656419130244e6 1.0045481524734415e7 3.2253768369423146e6 5.775418181669921e6 3.672493153244202e6 5.990539825824807e6 8.2530219268408185e6 9.58299807091977e6 3.633543997306077e6 7.325233240802133e6 3.9966935133357053e6 5.222089782560554e6 1.0421099695963535e7 6.233532614487301e6 1.099678879219947e7 1.044200052289995e7 1.3260951442684507e7 1.4268909382253747e7 1.4482548734078908e7 1.3939812361967767e7 8.868648111578321e6 4.378446284641291e6 2.9260971055466463e6 8.707206802009022e6 9.161713225568257e6 1.019588616353498e7 3.2736683635318126e6 5.861889863828458e6 3.727479069534148e6 6.080232388247535e6 8.376589202223615e6 9.726478237593148e6 3.687946752528429e6 7.434909323227847e6 4.0565334764862736e6 5.3002768287062505e6 1.057712822797734e7 6.326863354186043e6 1.1161436752795924e7 1.0598341989770908e7 1.3459499278044898e7 1.4482548734078908e7 1.4699386772743095e7 1.4148524352337474e7 8.536293773264784e6 4.214363145986426e6 2.8164410390165653e6 8.380902508633939e6 8.818376214268096e6 9.81379331727831e6 3.150986995511457e6 5.642214384268494e6 3.5877910557414684e6 5.852374479492498e6 8.062674868651766e6 9.361976546004329e6 3.549740220117707e6 7.156284628972977e6 3.904514083850301e6 5.101647908478438e6 1.018074826011308e7 6.089762901306935e6 1.074315970764392e7 1.0201167031996649e7 1.2955101886209488e7 1.3939812361967767e7 1.4148524352337474e7 1.3618305609855738e7
