1.2022968049234708e6 603075.8093138166 1.591479470764374e6 2.2750185143479863e6 4.0102230078869173e6 41109.5518273592 3860.0240171223577 423887.5486210692 3.4864776854329994e6 979511.0784058749 2.6838202906537144e6 2.552812714445313e6 1.8063488040918058e6 772639.1697751534 779119.6240957453 4.22114413075456e6 4.0485054161450244e6 1.355905680434738e6 3.2772576685732296e6 170996.57466527465 3.39938545564548e6 4.386320577406836e6 2.7202945216710903e6 750753.5409403283 374528.95262909913 433282.767262406 2.985815671827244e6 3.354892244789353e6 3.196468749069093e6 3.3175595825284338e6 2.6290192929074788e6 3.6029791726206345e6 2.5806429885834213e6 1.1772516979732409e6 603075.8093138166 302504.69791663915 798291.0425339123 1.1411563485204973e6 2.011540308604773e6 20620.67880184629 1936.2000286152397 212623.31014759123 1.7488280291411942e6 491325.7973592246 1.346212588448038e6 1.2804987815705822e6 906070.1670916039 387558.20585364156 390808.8218563689 2.1173389985404746e6 2.0307428834167465e6 680126.4980766795 1.6438826192593246e6 85772.41263043619 1.7051422963429638e6 2.2001920168937435e6 1.3645081759434263e6 376580.3064964657 187864.88518750345 217335.9809811173 1.4976944090471154e6 1.6828243636693116e6 1.6033586464648969e6 1.6640981843975666e6 1.3187242378746376e6 1.807265536738512e6 1.2944585334642367e6 590513.1059268418 1.591479470764374e6 798291.0425339123 2.1066403033697414e6 3.0114404749034895e6 5.308329494101275e6 54416.68606091878 5109.511191205976 561099.6625629455 4.615048163583779e6 1.2965781546499652e6 3.552571110814968e6 3.3791564704395896e6 2.3910626951511134e6 1.0227419485522595e6 1.0313201215709466e6 5.587525642356689e6 5.359003892124046e6 1.7948114358018616e6 4.338103768205057e6 226348.05069463214 4.499764237682676e6 5.806169593521173e6 3.60085202584224e6 993771.9564065929 495763.722298201 573536.1071495067 3.952322193438802e6 4.4408686044447385e6 4.231163529879918e6 4.39145138455866e6 3.480031067014311e6 4.769261103694222e6 3.4159953855686733e6 1.5583272795656903e6 2.2750185143479863e6 1.1411563485204973e6 3.0114404749034895e6 4.304851530363641e6 7.588252378486301e6 77788.60522692927 7304.041788034382 802091.4778825333 6.597207321636413e6 1.8534573403646124e6 5.078397302077701e6 4.830501225024631e6 3.41802203569923e6 1.4620087227636084e6 1.4742712136064346e6 7.987363028723368e6 7.660691386229123e6 2.565681380892452e6 6.201315550171155e6 323564.3409019537 6.4324090501854075e6 8.299914366071436e6 5.14741482796759e6 1.420596144277596e6 708693.8083020159 819869.3645639748 5.649841125769048e6 6.348217793878342e6 6.048444572827269e6 6.277575921184604e6 4.974701372780639e6 6.817654584920802e6 4.883162422047115e6 2.227627485966084e6 4.0102230078869173e6 2.011540308604773e6 5.308329494101275e6 7.588252378486301e6 1.3375972145255137e7 137119.61131967674 12874.988156893152 1.413863526273945e6 1.1629036169232523e7 3.267128255700053e6 8.951797787816923e6 8.514826156380314e6 6.025019366910043e6 2.5771135402993863e6 2.5987288909445642e6 1.407949288681363e7 1.3503661908519335e7 4.522580559090867e6 1.0931189413019158e7 570353.6723913911 1.1338542788337016e7 1.4630433706096705e7 9.073456433021568e6 2.504114716767558e6 1.2492294887605605e6 1.445200981222946e6 9.95909384058715e6 1.1190137089228997e7 1.0661720524429342e7 1.1065615173732484e7 8.769010791197479e6 1.2017623199040553e7 8.607653156508246e6 3.9266858449205784e6 41109.5518273592 20620.67880184629 54416.68606091878 77788.60522692927 137119.61131967674 1405.6389774352801 131.9839300386758 14493.781466980847 119211.44139891678 33491.94747777936 91766.56619408543 87287.08764780517 61763.60901568487 26418.47658884965 26640.05962197945 144331.5350281192 138428.58314752998 46361.82564453429 112057.68278357627 5846.802985516089 116233.53900447585 149979.33319784232 93013.71189407533 25670.15189134132 12806.086921217884 14815.027623573595 102092.54786777587 114712.2042141268 109295.30642207286 113435.70659075813 89892.78224338844 123194.92027525745 88238.67472045236 40253.19662623416 3860.0240171223577 1936.2000286152397 5109.511191205976 7304.041788034382 12874.988156893152 131.9839300386758 12.392768035102474 1360.9086471294395 11193.48196370627 3144.761153985404 8616.516934204994 8195.911648955478 5799.358143963827 2480.590266636705 2501.396035409368 13552.159215365142 12997.895424636396 4353.191716053731 10521.77237699331 548.9916319752929 10913.868729014224 14082.46508370794 8733.618973532215 2410.325542829485 1202.4408168896584 1391.0723882731947 9586.085695941865 10771.021420595674 10262.39618275716 10651.163351972229 8440.576046234155 11567.514845381746 8285.261904346897 3779.615657103935 423887.5486210692 212623.31014759123 561099.6625629455 802091.4778825333 1.413863526273945e6 14493.781466980847 1360.9086471294395 149447.83446165477 1.2292093544192058e6 345341.14053399226 946220.5998435653 900031.9381900046 636855.0289625145 272405.3846799126 274690.1648478856 1.4882268925896857e6 1.4273605563961144e6 478044.6331448484 1.1554457382256223e6 60287.37543062558 1.1985036986797943e6 1.546462295673726e6 959080.1302943495 264689.28203468 132045.73027844878 152760.25796833515 1.052693545040056e6 1.1828169580988905e6 1.1269624078997688e6 1.1696547749969512e6 926899.6963016822 1.2702836795046981e6 909843.9135970307 415057.5251637905 3.4864776854329994e6 1.7488280291411942e6 4.615048163583779e6 6.597207321636413e6 1.1629036169232523e7 119211.44139891678 11193.48196370627 1.2292093544192058e6 1.0110254473974064e7 2.840432997502536e6 7.782670233139382e6 7.402768207946585e6 5.2381365165280765e6 2.2405359585763994e6 2.259328289461492e6 1.2240675312955705e7 1.1740049324711233e7 3.931920037572144e6 9.503548278681519e6 495864.03242076805 9.857700267321145e6 1.2719661860249182e7 7.888439949913688e6 2.1770709670270425e6 1.0860769408541042e6 1.2564540580636356e6 8.6584108599577e6 9.728676729898514e6 9.269272712175839e6 9.620417693213485e6 7.623755683088759e6 1.0448091049548514e7 7.4834717658073865e6 3.413850688377295e6 979511.0784058749 491325.7973592246 1.2965781546499652e6 1.8534573403646124e6 3.267128255700053e6 33491.94747777936 3144.761153985404 345341.14053399226 2.840432997502536e6 798007.5708351491 2.1865081038064645e6 2.0797762454785204e6 1.4716321775351886e6 629469.0489951465 634748.6744371579 3.4389656719458806e6 3.2983169296142776e6 1.1046562128590373e6 2.6699814721394186e6 139310.89109461222 2.7694789672076833e6 3.5735349053706666e6 2.2162236559160193e6 611638.8295237118 305128.6976574 352995.4241564299 2.4325437085552486e6 2.733230353080991e6 2.6041627480584043e6 2.702815437129116e6 2.1418617368026446e6 2.9353467466564416e6 2.1024495668428615e6 959106.8324516725 2.6838202906537144e6 1.346212588448038e6 3.552571110814968e6 5.078397302077701e6 8.951797787816923e6 91766.56619408543 8616.516934204994 946220.5998435653 7.782670233139382e6 2.1865081038064645e6 5.990942771392519e6 5.698501845143986e6 4.0322119734221883e6 1.724719447564687e6 1.739185405327393e6 9.422625279798554e6 9.037253478655871e6 3.026712840341461e6 7.315640025490361e6 381706.14347441326 7.588259092308897e6 9.791339475201972e6 6.072362168740626e6 1.6758653755085291e6 836040.151139919 967193.0238918456 6.665070265001563e6 7.488939372250579e6 7.135299413640367e6 7.405603746580048e6 5.868613551937613e6 8.042730023637961e6 5.760625818293083e6 2.627913491318173e6 2.552812714445313e6 1.2804987815705822e6 3.3791564704395896e6 4.830501225024631e6 8.514826156380314e6 87287.08764780517 8195.911648955478 900031.9381900046 7.402768207946585e6 2.0797762454785204e6 5.698501845143986e6 5.420336083691465e6 3.8353842203732436e6 1.6405292671521576e6 1.6542890859566685e6 8.962670750158366e6 8.596110426737418e6 2.8789673618260575e6 6.958535538468536e6 363073.60058225895 7.217847021580192e6 9.313386589553503e6 5.775946848997839e6 1.5940599499882243e6 795229.8203606296 919980.6176711288 6.339722586650171e6 7.123375478517872e6 6.786998044522033e6 7.044107784805724e6 5.582143984723834e6 7.650133481252217e6 5.479427547109921e6 2.4996349407081036e6 1.8063488040918058e6 906070.1670916039 2.3910626951511134e6 3.41802203569923e6 6.025019366910043e6 61763.60901568487 5799.358143963827 636855.0289625145 5.2381365165280765e6 1.4716321775351886e6 4.0322119734221883e6 3.8353842203732436e6 2.7138856135042203e6 1.1608247103398656e6 1.1705610423870243e6 6.341910434481265e6 6.082535432902739e6 2.0371330891713346e6 4.9238012162103085e6 256907.8258259823 5.107287840495549e6 6.590074012436929e6 4.087011406730671e6 1.1279434123852397e6 562697.9319157324 650970.546767654 4.485934376567706e6 5.040440571259659e6 4.80242272835892e6 4.984351417938764e6 3.9498781301177875e6 5.413170103238553e6 3.8771968428480406e6 1.7687206586932335e6 772639.1697751534 387558.20585364156 1.0227419485522595e6 1.4620087227636084e6 2.5771135402993863e6 26418.47658884965 2480.590266636705 272405.3846799126 2.2405359585763994e6 629469.0489951465 1.724719447564687e6 1.6405292671521576e6 1.1608247103398656e6 496525.7199605026 500690.2929889959 2.712659040040502e6 2.6017151927469443e6 871353.7580191727 2.1060836507395124e6 109888.54910263402 2.1845673592743506e6 2.8188073655498154e6 1.748159100282758e6 482461.2277122488 240685.77561804667 278443.0900960561 1.9187925413551168e6 2.1559744216937693e6 2.0541657853363177e6 2.1319831101834564e6 1.6895023553890185e6 2.3154040044446196e6 1.658414002282974e6 756544.2832531957 779119.6240957453 390808.8218563689 1.0313201215709466e6 1.4742712136064346e6 2.5987288909445642e6 26640.05962197945 2501.396035409368 274690.1648478856 2.259328289461492e6 634748.6744371579 1.739185405327393e6 1.6542890859566685e6 1.1705610423870243e6 500690.2929889959 504889.7960680635 2.7354112686149855e6 2.623536887946132e6 878662.1737024763 2.1237482727621505e6 110810.23124181807 2.2028902576411953e6 2.8424499054126465e6 1.7628216564120394e6 486507.8358444197 242704.50989340432 280778.5110750068 1.9348862729459745e6 2.1740574988955334e6 2.0713949500739386e6 2.14986496202102e6 1.7036729323762262e6 2.3348242855687123e6 1.6723238279905582e6 762889.7428945365 4.22114413075456e6 2.1173389985404746e6 5.587525642356689e6 7.987363028723368e6 1.407949288681363e7 144331.5350281192 13552.159215365142 1.4882268925896857e6 1.2240675312955705e7 3.4389656719458806e6 9.422625279798554e6 8.962670750158366e6 6.341910434481265e6 2.712659040040502e6 2.7354112686149855e6 1.4820015905920867e7 1.4213898602829937e7 4.7604495673497e6 1.1506124707325341e7 600351.9135804428 1.193490318323162e7 1.5399933930713028e7 9.55068266592176e6 2.6358207806974812e6 1.3149337864942637e6 1.5212125678926813e6 1.0482900933476908e7 1.1778691958936034e7 1.1222482871134488e7 1.1647620706361132e7 9.230224444124088e6 1.2649700411294518e7 9.060380066072954e6 4.133213258964701e6 4.0485054161450244e6 2.0307428834167465e6 5.359003892124046e6 7.660691386229123e6 1.3503661908519335e7 138428.58314752998 12997.895424636396 1.4273605563961144e6 1.1740049324711233e7 3.2983169296142776e6 9.037253478655871e6 8.596110426737418e6 6.082535432902739e6 2.6017151927469443e6 2.623536887946132e6 1.4213898602829937e7 1.3632570624355013e7 4.565754037224823e6 1.1035540780769251e7 575798.3850906738 1.144678283464403e7 1.4770098815749817e7 9.160073502146635e6 2.528019507529542e6 1.2611548887202991e6 1.4589971650933651e6 1.0054165385370653e7 1.1296960424408e7 1.0763499487107309e7 1.1171249797262097e7 8.852721560017105e6 1.2132345885707345e7 8.689823572376281e6 3.9641707903515277e6 1.355905680434738e6 680126.4980766795 1.7948114358018616e6 2.565681380892452e6 4.522580559090867e6 46361.82564453429 4353.191716053731 478044.6331448484 3.931920037572144e6 1.1046562128590373e6 3.026712840341461e6 2.8789673618260575e6 2.0371330891713346e6 871353.7580191727 878662.1737024763 4.7604495673497e6 4.565754037224823e6 1.529140064837995e6 3.6959694734858735e6 192843.58568871592 3.833700655629978e6 4.946729428838729e6 3.0678471233433164e6 846671.958703475 422379.841880552 488640.2117678206 3.367292014403482e6 3.783522865009929e6 3.604858730761396e6 3.74142047513578e6 2.964910310522427e6 4.063306087680515e6 2.9103533113165577e6 1.3276607390510056e6 3.2772576685732296e6 1.6438826192593246e6 4.338103768205057e6 6.201315550171155e6 1.0931189413019158e7 112057.68278357627 10521.77237699331 1.1554457382256223e6 9.503548278681519e6 2.6699814721394186e6 7.315640025490361e6 6.958535538468536e6 4.9238012162103085e6 2.1060836507395124e6 2.1237482727621505e6 1.1506124707325341e7 1.1035540780769251e7 3.6959694734858735e6 8.933249911535526e6 466107.73090858955 9.26614959578104e6 1.1956367754002407e7 7.415062608015328e6 2.0464271294572793e6 1.0209025567397594e6 1.1810555146253882e6 8.138828338701959e6 9.144868630980529e6 8.713032985983992e6 9.043106110127253e6 7.16626177764519e6 9.821111621378887e6 7.034396157048003e6 3.2089889445137805e6 170996.57466527465 85772.41263043619 226348.05069463214 323564.3409019537 570353.6723913911 5846.802985516089 548.9916319752929 60287.37543062558 495864.03242076805 139310.89109461222 381706.14347441326 363073.60058225895 256907.8258259823 109888.54910263402 110810.23124181807 600351.9135804428 575798.3850906738 192843.58568871592 466107.73090858955 24319.975256956648 483477.34644386015 623844.1215587534 386893.68829860346 106775.86715103484 53267.352745419106 61623.6097109805 424657.4143535657 477149.30280180636 454617.5327732004 471839.6676571308 373912.07559993176 512433.44786869816 367031.75927495805 167434.5361710549 3.39938545564548e6 1.7051422963429638e6 4.499764237682676e6 6.4324090501854075e6 1.1338542788337016e7 116233.53900447585 10913.868729014224 1.1985036986797943e6 9.857700267321145e6 2.7694789672076833e6 7.588259092308897e6 7.217847021580192e6 5.107287840495549e6 2.1845673592743506e6 2.2028902576411953e6 1.193490318323162e7 1.144678283464403e7 3.833700655629978e6 9.26614959578104e6 483477.34644386015 9.611454865996743e6 1.2401924644209957e7 7.691386681036219e6 2.1226877235270897e6 1.0589467335118928e6 1.2250678294927366e6 8.442123713947607e6 9.485654337175647e6 9.037726234082796e6 9.380099611761259e6 7.433314228502765e6 1.0187097683570556e7 7.296534604167368e6 3.3285726813346343e6 4.386320577406836e6 2.2001920168937435e6 5.806169593521173e6 8.299914366071436e6 1.4630433706096705e7 149979.33319784232 14082.46508370794 1.546462295673726e6 1.2719661860249182e7 3.5735349053706666e6 9.791339475201972e6 9.313386589553503e6 6.590074012436929e6 2.8188073655498154e6 2.8424499054126465e6 1.5399933930713028e7 1.4770098815749817e7 4.946729428838729e6 1.1956367754002407e7 623844.1215587534 1.2401924644209957e7 1.6002544570520837e7 9.924407840185933e6 2.73896236911086e6 1.366388104022464e6 1.5807387244947732e6 1.0893104488049686e7 1.223960076084444e7 1.1661626806013266e7 1.2103400594617704e7 9.591409854585504e6 1.3144692408826701e7 9.414919342220703e6 4.294948906510529e6 2.7202945216710903e6 1.3645081759434263e6 3.60085202584224e6 5.14741482796759e6 9.073456433021568e6 93013.71189407533 8733.618973532215 959080.1302943495 7.888439949913688e6 2.2162236559160193e6 6.072362168740626e6 5.775946848997839e6 4.087011406730671e6 1.748159100282758e6 1.7628216564120394e6 9.55068266592176e6 9.160073502146635e6 3.0678471233433164e6 7.415062608015328e6 386893.68829860346 7.691386681036219e6 9.924407840185933e6 6.15488808947203e6 1.6986410811223467e6 847402.2835892014 980337.578284954 6.755651334620608e6 7.590717164783795e6 7.2322710924437465e6 7.506248973392203e6 5.948370444450314e6 8.152034060839759e6 5.83891511271149e6 2.663627925742048e6 750753.5409403283 376580.3064964657 993771.9564065929 1.420596144277596e6 2.504114716767558e6 25670.15189134132 2410.325542829485 264689.28203468 2.1770709670270425e6 611638.8295237118 1.6758653755085291e6 1.5940599499882243e6 1.1279434123852397e6 482461.2277122488 486507.8358444197 2.6358207806974812e6 2.528019507529542e6 846671.958703475 2.0464271294572793e6 106775.86715103484 2.1226877235270897e6 2.73896236911086e6 1.6986410811223467e6 468795.12357210135 233868.156531337 270555.9645659882 1.8644411920915924e6 2.0949047040087366e6 1.9959798795451957e6 2.0715929657837492e6 1.641645835926813e6 2.2498183149969964e6 1.6114380855442404e6 735114.5550849917 374528.95262909913 187864.88518750345 495763.722298201 708693.8083020159 1.2492294887605605e6 12806.086921217884 1202.4408168896584 132045.73027844878 1.0860769408541042e6 305128.6976574 836040.151139919 795229.8203606296 562697.9319157324 240685.77561804667 242704.50989340432 1.3149337864942637e6 1.2611548887202991e6 422379.841880552 1.0209025567397594e6 53267.352745419106 1.0589467335118928e6 1.366388104022464e6 847402.2835892014 233868.156531337 116669.97348993093 134972.44636307252 930115.1028045764 1.045086598815692e6 995735.9013165613 1.0334570553966459e6 818969.0251044191 1.122368462047072e6 803899.263198407 366727.12063874427 433282.767262406 217335.9809811173 573536.1071495067 819869.3645639748 1.445200981222946e6 14815.027623573595 1391.0723882731947 152760.25796833515 1.2564540580636356e6 352995.4241564299 967193.0238918456 919980.6176711288 650970.546767654 278443.0900960561 280778.5110750068 1.5212125678926813e6 1.4589971650933651e6 488640.2117678206 1.1810555146253882e6 61623.6097109805 1.2250678294927366e6 1.5807387244947732e6 980337.578284954 270555.9645659882 134972.44636307252 156146.09939724326 1.076025879405972e6 1.2090334015168927e6 1.1519408680060618e6 1.1955794863543108e6 947443.8838666908 1.298438771448994e6 930010.0697522218 424257.0315195007 2.985815671827244e6 1.4976944090471154e6 3.952322193438802e6 5.649841125769048e6 9.95909384058715e6 102092.54786777587 9586.085695941865 1.052693545040056e6 8.6584108599577e6 2.4325437085552486e6 6.665070265001563e6 6.339722586650171e6 4.485934376567706e6 1.9187925413551168e6 1.9348862729459745e6 1.0482900933476908e7 1.0054165385370653e7 3.367292014403482e6 8.138828338701959e6 424657.4143535657 8.442123713947607e6 1.0893104488049686e7 6.755651334620608e6 1.8644411920915924e6 930115.1028045764 1.076025879405972e6 7.415053578801322e6 8.331628097790168e6 7.938195000097358e6 8.23891517732559e6 6.52897601836261e6 8.94773373332104e6 6.40883702522518e6 2.9236179910812275e6 3.354892244789353e6 1.6828243636693116e6 4.4408686044447385e6 6.348217793878342e6 1.1190137089228997e7 114712.2042141268 10771.021420595674 1.1828169580988905e6 9.728676729898514e6 2.733230353080991e6 7.488939372250579e6 7.123375478517872e6 5.040440571259659e6 2.1559744216937693e6 2.1740574988955334e6 1.1778691958936034e7 1.1296960424408e7 3.783522865009929e6 9.144868630980529e6 477149.30280180636 9.485654337175647e6 1.223960076084444e7 7.590717164783795e6 2.0949047040087366e6 1.045086598815692e6 1.2090334015168927e6 8.331628097790168e6 9.361500361688288e6 8.919435012260571e6 9.257327200299516e6 7.336022520444367e6 1.0053762793732062e7 7.201033150478703e6 3.2850063108559307e6 3.196468749069093e6 1.6033586464648969e6 4.231163529879918e6 6.048444572827269e6 1.0661720524429342e7 109295.30642207286 10262.39618275716 1.1269624078997688e6 9.269272712175839e6 2.6041627480584043e6 7.135299413640367e6 6.786998044522033e6 4.80242272835892e6 2.0541657853363177e6 2.0713949500739386e6 1.1222482871134488e7 1.0763499487107309e7 3.604858730761396e6 8.713032985983992e6 454617.5327732004 9.037726234082796e6 1.1661626806013266e7 7.2322710924437465e6 1.9959798795451957e6 995735.9013165613 1.1519408680060618e6 7.938195000097358e6 8.919435012260571e6 8.498244711234756e6 8.820181077834476e6 6.989603545534988e6 9.579007680688087e6 6.860988594273309e6 3.129882943171855e6 3.3175595825284338e6 1.6640981843975666e6 4.39145138455866e6 6.277575921184604e6 1.1065615173732484e7 113435.70659075813 10651.163351972229 1.1696547749969512e6 9.620417693213485e6 2.702815437129116e6 7.405603746580048e6 7.044107784805724e6 4.984351417938764e6 2.1319831101834564e6 2.14986496202102e6 1.1647620706361132e7 1.1171249797262097e7 3.74142047513578e6 9.043106110127253e6 471839.6676571308 9.380099611761259e6 1.2103400594617704e7 7.506248973392203e6 2.0715929657837492e6 1.0334570553966459e6 1.1955794863543108e6 8.23891517732559e6 9.257327200299516e6 8.820181077834476e6 9.154313259883285e6 7.254388527126217e6 9.941886255398307e6 7.120901295587077e6 3.248451327214162e6 2.6290192929074788e6 1.3187242378746376e6 3.480031067014311e6 4.974701372780639e6 8.769010791197479e6 89892.78224338844 8440.576046234155 926899.6963016822 7.623755683088759e6 2.1418617368026446e6 5.868613551937613e6 5.582143984723834e6 3.9498781301177875e6 1.6895023553890185e6 1.7036729323762262e6 9.230224444124088e6 8.852721560017105e6 2.964910310522427e6 7.16626177764519e6 373912.07559993176 7.433314228502765e6 9.591409854585504e6 5.948370444450314e6 1.641645835926813e6 818969.0251044191 947443.8838666908 6.52897601836261e6 7.336022520444367e6 6.989603545534988e6 7.254388527126217e6 5.748782176061501e6 7.87850530582289e6 5.642999446816366e6 2.574254055991394e6 3.6029791726206345e6 1.807265536738512e6 4.769261103694222e6 6.817654584920802e6 1.2017623199040553e7 123194.92027525745 11567.514845381746 1.2702836795046981e6 1.0448091049548514e7 2.9353467466564416e6 8.042730023637961e6 7.650133481252217e6 5.413170103238553e6 2.3154040044446196e6 2.3348242855687123e6 1.2649700411294518e7 1.2132345885707345e7 4.063306087680515e6 9.821111621378887e6 512433.44786869816 1.0187097683570556e7 1.3144692408826701e7 8.152034060839759e6 2.2498183149969964e6 1.122368462047072e6 1.298438771448994e6 8.94773373332104e6 1.0053762793732062e7 9.579007680688087e6 9.941886255398307e6 7.87850530582289e6 1.079721651523841e7 7.733533767834789e6 3.5279253270575344e6 2.5806429885834213e6 1.2944585334642367e6 3.4159953855686733e6 4.883162422047115e6 8.607653156508246e6 88238.67472045236 8285.261904346897 909843.9135970307 7.4834717658073865e6 2.1024495668428615e6 5.760625818293083e6 5.479427547109921e6 3.8771968428480406e6 1.658414002282974e6 1.6723238279905582e6 9.060380066072954e6 8.689823572376281e6 2.9103533113165577e6 7.034396157048003e6 367031.75927495805 7.296534604167368e6 9.414919342220703e6 5.83891511271149e6 1.6114380855442404e6 803899.263198407 930010.0697522218 6.40883702522518e6 7.201033150478703e6 6.860988594273309e6 7.120901295587077e6 5.642999446816366e6 7.733533767834789e6 5.539163214318516e6 2.5268854809657023e6 1.1772516979732409e6 590513.1059268418 1.5583272795656903e6 2.227627485966084e6 3.9266858449205784e6 40253.19662623416 3779.615657103935 415057.5251637905 3.413850688377295e6 959106.8324516725 2.627913491318173e6 2.4996349407081036e6 1.7687206586932335e6 756544.2832531957 762889.7428945365 4.133213258964701e6 3.9641707903515277e6 1.3276607390510056e6 3.2089889445137805e6 167434.5361710549 3.3285726813346343e6 4.294948906510529e6 2.663627925742048e6 735114.5550849917 366727.12063874427 424257.0315195007 2.9236179910812275e6 3.2850063108559307e6 3.129882943171855e6 3.248451327214162e6 2.574254055991394e6 3.5279253270575344e6 2.5268854809657023e6 1.1527283069417255e6
